session_id,model,input_tokens,output_tokens,total_tokens
0002c3b18f844788aef010a91851d135,ark/deepseek-v3,2387,1165,3552
0002c3b18f844788aef010a91851d135,unknown,0,0,0
0007ac9703fe46548672ca3f139f6881,deepseek-chat,3183,1066,4249
0007ac9703fe46548672ca3f139f6881,unknown,0,0,0
000835145ea446e496b9a99cb69c3d23,deepseek-chat,670,348,1018
000835145ea446e496b9a99cb69c3d23,unknown,0,0,0
0009981e0e084199b980c9abbb0befdf,ark/deepseek-v3,1837,320,2157
0009981e0e084199b980c9abbb0befdf,unknown,0,0,0
0009ae8ff5a34612beed08b48927b4ae,ark/deepseek-v3-1,3380,1193,4573
0009ae8ff5a34612beed08b48927b4ae,unknown,0,0,0
000da65a0330441fbbd6f42b6bca8c97,deepseek-chat,561,206,767
000da65a0330441fbbd6f42b6bca8c97,unknown,0,0,0
000e8d6fe8934cf1895ff63b66a876a4,deepseek-chat,671,459,1130
000e8d6fe8934cf1895ff63b66a876a4,unknown,0,0,0
0012cd11a449400a8a9f8e39e62678f9,ark/deepseek-v3,2293,1032,3325
0012cd11a449400a8a9f8e39e62678f9,unknown,0,0,0
00184d539f1945afb95e3006e0e25f59,deepseek-chat,6309,1619,7928
00184d539f1945afb95e3006e0e25f59,unknown,0,0,0
0019f6bebc374c93b5e5d791004dd14a,ark/deepseek-v3,2312,314,2626
0019f6bebc374c93b5e5d791004dd14a,unknown,0,0,0
00224c91634a4841a707f60fc9fdcce2,ark/deepseek-v3,701,202,903
00224c91634a4841a707f60fc9fdcce2,unknown,0,0,0
002464c4b7ff442baa73a665004951ad,ark/deepseek-v3,1104,366,1470
002464c4b7ff442baa73a665004951ad,unknown,0,0,0
002514f6823e401c812efdf7f4f6e155,deepseek-chat,0,0,0
002514f6823e401c812efdf7f4f6e155,unknown,0,0,0
0027f2a65b6e458aafc0261962b3122d,ark/deepseek-v3,467,116,583
0027f2a65b6e458aafc0261962b3122d,unknown,0,0,0
002b0a23689545ee89ce7c8047008746,deepseek-chat,569,330,899
002b0a23689545ee89ce7c8047008746,unknown,0,0,0
002cb69f7e8746bea688eae357a76cc9,ark/deepseek-v3-1,1329,941,2270
002cb69f7e8746bea688eae357a76cc9,unknown,0,0,0
0034e16817ef47d192cc74fd7b14f779,ark/deepseek-v3,5507,1175,6682
0034e16817ef47d192cc74fd7b14f779,unknown,0,0,0
003b3b43dfe44216bd32612b76f36c42,deepseek-chat,3122,252,3374
003b3b43dfe44216bd32612b76f36c42,unknown,0,0,0
004173fba71e4780820da1fc314e897e,ark/deepseek-v3,10992,2244,13236
004173fba71e4780820da1fc314e897e,unknown,0,0,0
0043ba6946ad42ac96b2584945432942,deepseek-chat,1305,272,1577
0043ba6946ad42ac96b2584945432942,gpt-4.1,1608,196,1804
0043ba6946ad42ac96b2584945432942,unknown,0,0,0
00536282937f4e74a020adc683aecf79,deepseek-chat,2541,442,2983
00536282937f4e74a020adc683aecf79,unknown,0,0,0
0056958ffa0b40138be4e6b76bf84a32,unknown,0,0,0
00581c6def1e47789f9d39faa868a4e1,ark/deepseek-v3,6150,1645,7795
00581c6def1e47789f9d39faa868a4e1,gpt-4.1,657,31,688
00581c6def1e47789f9d39faa868a4e1,unknown,0,0,0
005acdc51e2645d8ab4759d7c467461d,ark/deepseek-v3,13442,2605,16047
005acdc51e2645d8ab4759d7c467461d,unknown,0,0,0
0060b82b71654a379e6ded5d63d621bf,deepseek-chat,1386,586,1972
0060b82b71654a379e6ded5d63d621bf,unknown,0,0,0
0073d6785b384ca296821ef43bb36a32,ark/deepseek-v3,701,201,902
0073d6785b384ca296821ef43bb36a32,unknown,0,0,0
00746779c7734688bdb2a4773cc5ccdc,ark/deepseek-v3,8056,471,8527
00746779c7734688bdb2a4773cc5ccdc,deepseek-chat,10245,180,10425
00746779c7734688bdb2a4773cc5ccdc,unknown,0,0,0
007f31a4a4d54a2e8e795e6c4018a396,deepseek-chat,2315,1135,3450
007f31a4a4d54a2e8e795e6c4018a396,unknown,0,0,0
0080da1213eb446cb51f3e92f76b36e1,ark/deepseek-v3,2344,1271,3615
0080da1213eb446cb51f3e92f76b36e1,unknown,0,0,0
00980f84ce7c4289b3d347f6a6f622cb,deepseek-chat,1457,318,1775
00980f84ce7c4289b3d347f6a6f622cb,unknown,0,0,0
00993e5a68254489b82da7fe37bc70e2,deepseek-chat,1131,400,1531
00993e5a68254489b82da7fe37bc70e2,gpt-4.1,1131,92,1223
00993e5a68254489b82da7fe37bc70e2,unknown,0,0,0
009df06ba8854fc782e438098fbefe6c,ark/deepseek-v3,467,96,563
009df06ba8854fc782e438098fbefe6c,unknown,0,0,0
00a03984a23d4dfdb219b6c0505e184e,ark/deepseek-v3,1455,235,1690
00a03984a23d4dfdb219b6c0505e184e,unknown,0,0,0
00a99a93182c45238117bd9ec9a2683f,ark/deepseek-v3,7611,1790,9401
00a99a93182c45238117bd9ec9a2683f,gpt-4.1,657,33,690
00a99a93182c45238117bd9ec9a2683f,unknown,0,0,0
00b4227af70749e189f7a6542b2a74df,deepseek-chat,1450,442,1892
00b4227af70749e189f7a6542b2a74df,unknown,0,0,0
00b8a620b1c64e91aa69492b54216b75,ark/deepseek-v3,467,84,551
00b8a620b1c64e91aa69492b54216b75,unknown,0,0,0
00bba46aa9e04d16b4c49a9c7ef9ee86,ark/deepseek-v3,1482,341,1823
00bba46aa9e04d16b4c49a9c7ef9ee86,unknown,0,0,0
00bec37f2ff1430ea814ce02c5287139,ark/deepseek-v3,6011,1337,7348
00bec37f2ff1430ea814ce02c5287139,unknown,0,0,0
00bf2112d92c4a9ea6c2917402de46ac,ark/deepseek-v3,1474,909,2383
00bf2112d92c4a9ea6c2917402de46ac,unknown,0,0,0
00cc138518114f68a101f27ac7362f1a,deepseek-chat,758,292,1050
00cc138518114f68a101f27ac7362f1a,unknown,0,0,0
00cf78b9fd254b5788e0c7041588c54f,ark/deepseek-v3,5518,1334,6852
00cf78b9fd254b5788e0c7041588c54f,deepseek-chat,13520,274,13794
00cf78b9fd254b5788e0c7041588c54f,unknown,0,0,0
00d027e1e1d84826a9f3587bd52c8dc0,ark/deepseek-v3,0,0,0
00d027e1e1d84826a9f3587bd52c8dc0,unknown,0,0,0
00d4a1f953004ccc899f5521b66ee8db,ark/deepseek-v3,799,116,915
00d4a1f953004ccc899f5521b66ee8db,unknown,0,0,0
00d5fec17a3041078fb22d2dc5688b41,ark/deepseek-v3-1,61,751,812
00d5fec17a3041078fb22d2dc5688b41,unknown,0,0,0
00dbea8fc2324e19ad5c809d3a90d6a5,deepseek-chat,670,373,1043
00dbea8fc2324e19ad5c809d3a90d6a5,unknown,0,0,0
00dc164a3179487199a9422e64eb6740,ark/deepseek-v3,728,299,1027
00dc164a3179487199a9422e64eb6740,unknown,0,0,0
00e6359c54944e12abb634e73e145a5e,ark/deepseek-v3,465,108,573
00e6359c54944e12abb634e73e145a5e,unknown,0,0,0
00e724c8707746c9b2ac914346235b8e,unknown,0,0,0
00e7f83cee6f4e188bb47ad979b7e700,deepseek-chat,3304,1589,4893
00e7f83cee6f4e188bb47ad979b7e700,gpt-4.1,3410,1070,4480
00e7f83cee6f4e188bb47ad979b7e700,unknown,0,0,0
00f5b35e131d40f693015c528862b645,ark/deepseek-v3-1,933,416,1349
00f5b35e131d40f693015c528862b645,deepseek-chat,670,373,1043
00f5b35e131d40f693015c528862b645,unknown,0,0,0
00f5f902c29047e084538eedad3fae14,ark/deepseek-v3,1552,877,2429
00f5f902c29047e084538eedad3fae14,unknown,0,0,0
00f9460f4f354ac580dd1b361a9baf72,deepseek-chat,1209,514,1723
00f9460f4f354ac580dd1b361a9baf72,unknown,0,0,0
00feb80736fa4ac893272184128b17b1,ark/deepseek-v3,6256,1284,7540
00feb80736fa4ac893272184128b17b1,unknown,0,0,0
0101ab59a8f74c7b88f3e58e143f3e21,deepseek-chat,2099,980,3079
0101ab59a8f74c7b88f3e58e143f3e21,unknown,0,0,0
010778c16280418f804bf4645a5e4c73,deepseek-chat,932,230,1162
010778c16280418f804bf4645a5e4c73,gpt-4.1,672,207,879
010778c16280418f804bf4645a5e4c73,unknown,0,0,0
0111fa3139c4413e8b3d73562435a5f6,ark/deepseek-v3,467,96,563
0111fa3139c4413e8b3d73562435a5f6,unknown,0,0,0
0118247eba2d43f287dd6a315da96445,ark/deepseek-v3,1089,310,1399
0118247eba2d43f287dd6a315da96445,unknown,0,0,0
011bc29e5f8b47d78a86f94d7daa99e0,ark/deepseek-v3,465,93,558
011bc29e5f8b47d78a86f94d7daa99e0,unknown,0,0,0
011c32a0cfe94245bbcfd1125171b49f,deepseek-chat,915,315,1230
011c32a0cfe94245bbcfd1125171b49f,unknown,0,0,0
01240f97320643a59952dfb5e0ca0cf4,ark/deepseek-v3,0,0,0
01240f97320643a59952dfb5e0ca0cf4,unknown,0,0,0
012464ecbb0240538edb290680802f2c,ark/deepseek-v3,701,178,879
012464ecbb0240538edb290680802f2c,unknown,0,0,0
013185e6d95f47fda787c11583041424,deepseek-chat,671,372,1043
013185e6d95f47fda787c11583041424,unknown,0,0,0
013618d742af4f5a806acd1549660dd7,ark/deepseek-v3,467,98,565
013618d742af4f5a806acd1549660dd7,unknown,0,0,0
013754840b6547438c19d44acf161a4c,ark/deepseek-v3,1286,704,1990
013754840b6547438c19d44acf161a4c,unknown,0,0,0
0137d76ef8eb4f5b8d580fd25b71fe25,ark/deepseek-v3,701,176,877
0137d76ef8eb4f5b8d580fd25b71fe25,unknown,0,0,0
013a9b6650ff47bcb3daa30170b9f086,ark/deepseek-v3-1,0,0,0
013a9b6650ff47bcb3daa30170b9f086,unknown,0,0,0
013ebc9027464b9583d50c4fb0951c40,ark/deepseek-v3,467,99,566
013ebc9027464b9583d50c4fb0951c40,unknown,0,0,0
013fb1fbf5c948beaca22f009b1160f5,ark/deepseek-v3-1,5057,2425,7482
013fb1fbf5c948beaca22f009b1160f5,gpt-4.1,3834,1148,4982
013fb1fbf5c948beaca22f009b1160f5,unknown,0,0,0
014af9d8c08f4082a9eba9b7b12b6ec5,ark/deepseek-v3,2368,1218,3586
014af9d8c08f4082a9eba9b7b12b6ec5,unknown,0,0,0
014c9f58fd6041f7ab7c18f084a5a97e,ark/deepseek-v3,701,183,884
014c9f58fd6041f7ab7c18f084a5a97e,unknown,0,0,0
015d7b03a5be40d792f2e25f5d0d3df7,ark/deepseek-v3,0,0,0
015d7b03a5be40d792f2e25f5d0d3df7,unknown,0,0,0
01653d03e5204267aeef212aa248ae3d,deepseek-chat,896,471,1367
01653d03e5204267aeef212aa248ae3d,unknown,0,0,0
016676d9733a4963995185645ed02523,unknown,0,0,0
01681c25bcac482d8328ad7ecd71772f,ark/deepseek-v3,1251,214,1465
01681c25bcac482d8328ad7ecd71772f,unknown,0,0,0
0169c40a9c014dbf9a5bc89b83bfadfc,deepseek-chat,2294,810,3104
0169c40a9c014dbf9a5bc89b83bfadfc,unknown,0,0,0
016c52e1a2c942dea5944cf65610375d,deepseek-chat,1357,982,2339
016c52e1a2c942dea5944cf65610375d,unknown,0,0,0
0177d307dc4b47ad838ecc258b9c3df3,ark/deepseek-v3-1,2162,1308,3470
0177d307dc4b47ad838ecc258b9c3df3,gpt-4.1,1584,362,1946
0177d307dc4b47ad838ecc258b9c3df3,unknown,0,0,0
017a29f3e52f423ca8dd5f2a10c8feea,deepseek-chat,2087,778,2865
017a29f3e52f423ca8dd5f2a10c8feea,unknown,0,0,0
0181a892b03442f2a3967580121daf76,ark/deepseek-v3,467,82,549
0181a892b03442f2a3967580121daf76,unknown,0,0,0
0195045773fb4c92896fd3d1ed7bcc23,deepseek-chat,2214,878,3092
0195045773fb4c92896fd3d1ed7bcc23,unknown,0,0,0
019657e7d146412d8b9137bf1ce1ef95,ark/deepseek-v3,1333,537,1870
019657e7d146412d8b9137bf1ce1ef95,unknown,0,0,0
019933552e254b76add4b6f87df67a7d,unknown,0,0,0
01a928a6f6c949ad999a0abd6604210f,deepseek-chat,670,312,982
01a928a6f6c949ad999a0abd6604210f,unknown,0,0,0
01b718b7cc2f41bcb19cf0cb247c1102,ark/deepseek-v3,13404,2609,16013
01b718b7cc2f41bcb19cf0cb247c1102,unknown,0,0,0
01bb59ea6061452ba6d4e112c15216c4,ark/deepseek-v3,467,114,581
01bb59ea6061452ba6d4e112c15216c4,unknown,0,0,0
01bc466a32804ba19d9bf6e5ce8ce319,ark/deepseek-v3,4110,1486,5596
01bc466a32804ba19d9bf6e5ce8ce319,unknown,0,0,0
01bd07f0fa734bc082a63d087a0f6b68,ark/deepseek-v3-1,1405,779,2184
01bd07f0fa734bc082a63d087a0f6b68,unknown,0,0,0
01c897cdd38a4f01936a818fe71f6e0a,ark/deepseek-v3-1,1842,705,2547
01c897cdd38a4f01936a818fe71f6e0a,deepseek-chat,3484,1187,4671
01c897cdd38a4f01936a818fe71f6e0a,gpt-4.1,5404,1409,6813
01c897cdd38a4f01936a818fe71f6e0a,unknown,0,0,0
01ca942988844abc9264ffd33bfeb493,ark/deepseek-v3,758,108,866
01ca942988844abc9264ffd33bfeb493,unknown,0,0,0
01cb35920d80442a84a18854bde357c7,deepseek-chat,801,387,1188
01cb35920d80442a84a18854bde357c7,unknown,0,0,0
01cc0aba519e49808a9b592c711f6bbf,deepseek-chat,1055,408,1463
01cc0aba519e49808a9b592c711f6bbf,gpt-4.1,941,28,969
01cc0aba519e49808a9b592c711f6bbf,unknown,0,0,0
01d3688636cb415caee1ac97ac1bc52f,deepseek-chat,3841,1361,5202
01d3688636cb415caee1ac97ac1bc52f,gpt-4.1,2566,986,3552
01d3688636cb415caee1ac97ac1bc52f,unknown,0,0,0
01d8715c6ca54e82b2524ee586d9e68a,deepseek-chat,2648,1133,3781
01d8715c6ca54e82b2524ee586d9e68a,unknown,0,0,0
01e2b99079f54bbb92fb58615782e96a,unknown,0,0,0
01e62a23f13241339abab30cb8add26b,ark/deepseek-v3-1,1641,861,2502
01e62a23f13241339abab30cb8add26b,unknown,0,0,0
01e7c9dc88074f319ac67bba25879f1a,ark/deepseek-v3,113,1121,1234
01e7c9dc88074f319ac67bba25879f1a,unknown,0,0,0
01e841d96e1d45ef95fc7cbf39802d22,ark/deepseek-v3,552,152,704
01e841d96e1d45ef95fc7cbf39802d22,unknown,0,0,0
01ebf68993e64f7f909ba41ead971d70,ark/deepseek-v3-1,1892,1021,2913
01ebf68993e64f7f909ba41ead971d70,gpt-4.1,1062,28,1090
01ebf68993e64f7f909ba41ead971d70,unknown,0,0,0
01ecb8674130401fb14be276eaa13d5c,ark/deepseek-v3,467,91,558
01ecb8674130401fb14be276eaa13d5c,unknown,0,0,0
01f10be01ad9402f8e66bba98161e270,deepseek-chat,5965,1845,7810
01f10be01ad9402f8e66bba98161e270,gpt-4.1,3364,917,4281
01f10be01ad9402f8e66bba98161e270,unknown,0,0,0
01f94709c8ee484b8cdc4e5f3182680a,deepseek-chat,671,380,1051
01f94709c8ee484b8cdc4e5f3182680a,unknown,0,0,0
01faf9b21c16420491fe74e6b27c8d63,ark/deepseek-v3,758,124,882
01faf9b21c16420491fe74e6b27c8d63,unknown,0,0,0
01fee3b5649648d4861a431172c718e7,ark/deepseek-v3,467,96,563
01fee3b5649648d4861a431172c718e7,unknown,0,0,0
020e63a723d54563bc3be438648acaff,deepseek-chat,4492,853,5345
020e63a723d54563bc3be438648acaff,unknown,0,0,0
020fe599554047b7afe39dbc38624d03,deepseek-chat,0,0,0
020fe599554047b7afe39dbc38624d03,unknown,0,0,0
02105007dffa4dea84003baa3e3b6ea5,ark/deepseek-v3,1427,233,1660
02105007dffa4dea84003baa3e3b6ea5,unknown,0,0,0
021e88a938684983898b2b9e8c7565a6,deepseek-chat,1196,493,1689
021e88a938684983898b2b9e8c7565a6,gpt-4.1,584,45,629
021e88a938684983898b2b9e8c7565a6,unknown,0,0,0
021eaf5032634c30878216250acbd305,deepseek-chat,912,661,1573
021eaf5032634c30878216250acbd305,unknown,0,0,0
0227fc3c824c406f8bf90a22a4a56ac3,deepseek-chat,850,352,1202
0227fc3c824c406f8bf90a22a4a56ac3,unknown,0,0,0
02302d6756734286978541f71a45d7c8,ark/deepseek-v3,467,96,563
02302d6756734286978541f71a45d7c8,unknown,0,0,0
023863dbb4074097a18b76846264340f,ark/deepseek-v3,467,94,561
023863dbb4074097a18b76846264340f,unknown,0,0,0
023bf225d44841e6a986f1b7288dba41,deepseek-chat,670,366,1036
023bf225d44841e6a986f1b7288dba41,unknown,0,0,0
023cc327b3e9495fad187216288b96ce,deepseek-chat,1580,715,2295
023cc327b3e9495fad187216288b96ce,unknown,0,0,0
023deec197844a3c89010327ad0270af,ark/deepseek-v3,1455,203,1658
023deec197844a3c89010327ad0270af,unknown,0,0,0
0245edb318d1415d99db9423de510b91,deepseek-chat,671,430,1101
0245edb318d1415d99db9423de510b91,unknown,0,0,0
024ce18d088b4dd183e505aceac404a6,ark/deepseek-v3,467,96,563
024ce18d088b4dd183e505aceac404a6,unknown,0,0,0
0255844f5b0d49e991c0fdd5605b4315,ark/deepseek-v3,467,97,564
0255844f5b0d49e991c0fdd5605b4315,unknown,0,0,0
0265b3f25e8b48a19deede78c99030d9,deepseek-chat,2637,911,3548
0265b3f25e8b48a19deede78c99030d9,unknown,0,0,0
02699ce1fbb54d7497ccab11ee8f442b,ark/deepseek-v3,467,93,560
02699ce1fbb54d7497ccab11ee8f442b,unknown,0,0,0
026c373bc5254de581619ba8bfb56dfd,deepseek-chat,3361,1455,4816
026c373bc5254de581619ba8bfb56dfd,gpt-4.1,3373,909,4282
026c373bc5254de581619ba8bfb56dfd,unknown,0,0,0
026d24f32a384482bae8ba1b20926360,ark/deepseek-v3,1455,222,1677
026d24f32a384482bae8ba1b20926360,unknown,0,0,0
02729e27848b4096a046f25b8a19949b,ark/deepseek-v3,1340,582,1922
02729e27848b4096a046f25b8a19949b,unknown,0,0,0
027497be54f8496b9f6eae2b51fb0690,deepseek-chat,2135,487,2622
027497be54f8496b9f6eae2b51fb0690,unknown,0,0,0
0280ac36880843a08b62a8e0504c43ed,ark/deepseek-v3,1455,196,1651
0280ac36880843a08b62a8e0504c43ed,unknown,0,0,0
02814f682479406ebf587f1d1ad802d7,ark/deepseek-v3,3379,1207,4586
02814f682479406ebf587f1d1ad802d7,unknown,0,0,0
02820e1dfb9b4145ade697204a9d2498,ark/deepseek-v3,701,174,875
02820e1dfb9b4145ade697204a9d2498,unknown,0,0,0
028a1f96ca8a4ae8905bf6b0dd1289af,ark/deepseek-v3,0,0,0
028a1f96ca8a4ae8905bf6b0dd1289af,unknown,0,0,0
028a26e563b24e6bac28e23e107832e9,ark/deepseek-v3,13447,2563,16010
028a26e563b24e6bac28e23e107832e9,deepseek-chat,4106,184,4290
028a26e563b24e6bac28e23e107832e9,unknown,0,0,0
028e7ec0541b4c0b81539dd940535298,ark/deepseek-v3,1236,377,1613
028e7ec0541b4c0b81539dd940535298,unknown,0,0,0
02918ca7f92040788d50cd5760af0479,unknown,0,0,0
0298d699236245aab3fdd7dc6619c6d5,ark/deepseek-v3,1089,299,1388
0298d699236245aab3fdd7dc6619c6d5,unknown,0,0,0
029b0068fb244882829398fa9a442d67,ark/deepseek-v3,467,113,580
029b0068fb244882829398fa9a442d67,unknown,0,0,0
02a4937c00644b9599fb5f6357f6b1d5,ark/deepseek-v3,1089,348,1437
02a4937c00644b9599fb5f6357f6b1d5,unknown,0,0,0
02a79a81720643fb97286dd32fd53e54,deepseek-chat,784,329,1113
02a79a81720643fb97286dd32fd53e54,unknown,0,0,0
02ac543b3c5642d8b91d977c42f9f293,unknown,0,0,0
02adb4b04b3643ca86fdc9cef6e1084a,deepseek-chat,2164,1370,3534
02adb4b04b3643ca86fdc9cef6e1084a,unknown,0,0,0
02af5fbd955144e09a8cf7e431474c47,deepseek-chat,0,0,0
02af5fbd955144e09a8cf7e431474c47,unknown,0,0,0
02b5b250ffcf49609dd91eec72754253,ark/deepseek-v3,0,0,0
02b5b250ffcf49609dd91eec72754253,unknown,0,0,0
02b5ea7984a3470498d55d2b9d88de59,ark/deepseek-v3,465,89,554
02b5ea7984a3470498d55d2b9d88de59,unknown,0,0,0
02b7bababe7b43da808883e04763ad2f,deepseek-chat,3213,1327,4540
02b7bababe7b43da808883e04763ad2f,gpt-4.1,4126,935,5061
02b7bababe7b43da808883e04763ad2f,unknown,0,0,0
02bbe1915f3443a0b298716dc54bdbb3,deepseek-chat,3435,1516,4951
02bbe1915f3443a0b298716dc54bdbb3,unknown,0,0,0
02c304fe11894fc78ae67e970d95025b,ark/deepseek-v3,32705,5920,38625
02c304fe11894fc78ae67e970d95025b,unknown,0,0,0
02c54782e74a454897ec221f493fe27b,ark/deepseek-v3,684,127,811
02c54782e74a454897ec221f493fe27b,unknown,0,0,0
02cd6f8385924bfaa14714f810481832,ark/deepseek-v3,617,200,817
02cd6f8385924bfaa14714f810481832,unknown,0,0,0
02d30cfa62b444b2958cd20be48ce12f,ark/deepseek-v3,2571,1386,3957
02d30cfa62b444b2958cd20be48ce12f,unknown,0,0,0
02d45fdbe9944b9683c8b0fc5423f9c5,ark/deepseek-v3,1455,170,1625
02d45fdbe9944b9683c8b0fc5423f9c5,unknown,0,0,0
02d8f0b5c27b4f56a8276ef34a2d198c,ark/deepseek-v3,538,223,761
02d8f0b5c27b4f56a8276ef34a2d198c,unknown,0,0,0
02dbfb46650d4c33a16b9c3f7e4600a7,ark/deepseek-v3,6922,1662,8584
02dbfb46650d4c33a16b9c3f7e4600a7,unknown,0,0,0
02dbfe1bdba540aab2c5b83caf651f0b,deepseek-chat,561,207,768
02dbfe1bdba540aab2c5b83caf651f0b,unknown,0,0,0
02dccdded9bc424a94304d83e372a4d3,deepseek-chat,895,328,1223
02dccdded9bc424a94304d83e372a4d3,unknown,0,0,0
02dd0ca6ea2743bbbb819c66b919ad4f,deepseek-chat,896,400,1296
02dd0ca6ea2743bbbb819c66b919ad4f,unknown,0,0,0
02ddc300b43f4987986f7c1393482484,ark/deepseek-v3-1,1886,795,2681
02ddc300b43f4987986f7c1393482484,unknown,0,0,0
02e7a9e966c842d79f0db8b97ab04fbf,ark/deepseek-v3,3136,867,4003
02e7a9e966c842d79f0db8b97ab04fbf,unknown,0,0,0
02ec317a00d244f2aeb6850671b9cef6,ark/deepseek-v3,3144,309,3453
02ec317a00d244f2aeb6850671b9cef6,unknown,0,0,0
02ecc4d0604b443bbf3a3cff78c3454d,deepseek-chat,3978,1168,5146
02ecc4d0604b443bbf3a3cff78c3454d,unknown,0,0,0
02f1bb46b55f486ba4db6d2a6da81fb6,ark/deepseek-v3,4206,1259,5465
02f1bb46b55f486ba4db6d2a6da81fb6,unknown,0,0,0
02f31a4946724bceafa14104793b6417,ark/deepseek-v3,701,214,915
02f31a4946724bceafa14104793b6417,unknown,0,0,0
02f3ea663876420db6fb14c94def3809,ark/deepseek-v3,0,0,0
02f3ea663876420db6fb14c94def3809,unknown,0,0,0
02f50c51793a4d7f997e5a4ef38ee98c,ark/deepseek-v3-1,2822,984,3806
02f50c51793a4d7f997e5a4ef38ee98c,unknown,0,0,0
02f73853f491415a8c67955a1bb60246,deepseek-chat,762,123,885
02f73853f491415a8c67955a1bb60246,unknown,0,0,0
02f83f24e19744a0ad011eb50c882030,ark/deepseek-v3,467,87,554
02f83f24e19744a0ad011eb50c882030,unknown,0,0,0
02f9af25f5a94d1a82a4a312e645d143,deepseek-chat,670,363,1033
02f9af25f5a94d1a82a4a312e645d143,unknown,0,0,0
0304370fcbb5464c9c66550f32697164,ark/deepseek-v3,701,200,901
0304370fcbb5464c9c66550f32697164,unknown,0,0,0
0304b4bc603441dab14a5b6a59135b91,ark/deepseek-v3,6631,673,7304
0304b4bc603441dab14a5b6a59135b91,unknown,0,0,0
0306893af9044fdd8bae8e522fb243d4,deepseek-chat,561,207,768
0306893af9044fdd8bae8e522fb243d4,unknown,0,0,0
03080a27f0cc48b9b944f0ae3f73db8c,ark/deepseek-v3,467,83,550
03080a27f0cc48b9b944f0ae3f73db8c,unknown,0,0,0
030add7e5e104225a4de89cf941b23dd,deepseek-chat,670,348,1018
030add7e5e104225a4de89cf941b23dd,unknown,0,0,0
03145f162a3242f488d2cd4c8f944225,ark/deepseek-v3,467,94,561
03145f162a3242f488d2cd4c8f944225,unknown,0,0,0
031541f3f9204a3187dcc00a46377bfe,gpt-4-0613,1934,1505,3439
031541f3f9204a3187dcc00a46377bfe,unknown,0,0,0
0319d0856aaa4c459020a5ba1aa22e0a,ark/deepseek-v3,7863,1607,9470
0319d0856aaa4c459020a5ba1aa22e0a,unknown,0,0,0
031cffe0c2744964bacf638a8c3db14c,deepseek-chat,11048,2244,13292
031cffe0c2744964bacf638a8c3db14c,unknown,0,0,0
03231142d3de412fba92c9388a5a4c04,deepseek-chat,1053,385,1438
03231142d3de412fba92c9388a5a4c04,gpt-4.1,941,28,969
03231142d3de412fba92c9388a5a4c04,unknown,0,0,0
03236588775942b08b6da6bf9dceeef6,unknown,0,0,0
03261f60553445aaa4bb41df737706c2,ark/deepseek-v3-1,1933,1114,3047
03261f60553445aaa4bb41df737706c2,unknown,0,0,0
0328890802d247c2b8b375f858364bd1,ark/deepseek-v3,1455,185,1640
0328890802d247c2b8b375f858364bd1,unknown,0,0,0
032ad063f5ec45f19f24e8a45c3e8efb,ark/deepseek-v3,0,0,0
032ad063f5ec45f19f24e8a45c3e8efb,unknown,0,0,0
032f8436238e4daaab4843033b294fab,ark/deepseek-v3,113,1314,1427
032f8436238e4daaab4843033b294fab,unknown,0,0,0
0331ef29710b4bb99af896c6dbd2b0a0,ark/deepseek-v3,5186,1452,6638
0331ef29710b4bb99af896c6dbd2b0a0,unknown,0,0,0
033228fe6e554ad884a153417eb18e83,ark/deepseek-v3,4255,1354,5609
033228fe6e554ad884a153417eb18e83,unknown,0,0,0
03349d5d14f0478e9654aaeed8f51da7,deepseek-chat,561,207,768
03349d5d14f0478e9654aaeed8f51da7,unknown,0,0,0
0336cc688bc94716b897c5205f4a8dbb,deepseek-chat,0,0,0
0336cc688bc94716b897c5205f4a8dbb,unknown,0,0,0
0336df000cbd43a8aae5b09c439b7d27,deepseek-chat,658,340,998
0336df000cbd43a8aae5b09c439b7d27,unknown,0,0,0
0336e670ccbb4f9d8d82d4c2ce83dbcd,ark/deepseek-v3,6436,1041,7477
0336e670ccbb4f9d8d82d4c2ce83dbcd,unknown,0,0,0
0339f425797b4e59ad9afa41425d3798,deepseek-chat,2918,621,3539
0339f425797b4e59ad9afa41425d3798,unknown,0,0,0
033be2fe468c4109b416f54c0cd227e7,ark/deepseek-v3,113,1426,1539
033be2fe468c4109b416f54c0cd227e7,unknown,0,0,0
033ea07e457e44ecae8dfbd6d5ef1a2f,ark/deepseek-v3,701,200,901
033ea07e457e44ecae8dfbd6d5ef1a2f,unknown,0,0,0
034ef004955a4b5e92012c3fdcf2555c,ark/deepseek-v3,701,212,913
034ef004955a4b5e92012c3fdcf2555c,unknown,0,0,0
035a71870d974e42b6990822393c83b2,ark/deepseek-v3,17004,7597,24601
035a71870d974e42b6990822393c83b2,unknown,0,0,0
035ac54a01134efb8b4d58b4cb33acf3,ark/deepseek-v3,623,242,865
035ac54a01134efb8b4d58b4cb33acf3,unknown,0,0,0
035ae1cf88f74c2c8c90b180a2b1ed77,deepseek-chat,1178,285,1463
035ae1cf88f74c2c8c90b180a2b1ed77,unknown,0,0,0
0366845a321e4bccb35610ed21638489,deepseek-chat,7632,1004,8636
0366845a321e4bccb35610ed21638489,unknown,0,0,0
036be45565fa472ca1c02fbbf943cf3d,deepseek-chat,1418,611,2029
036be45565fa472ca1c02fbbf943cf3d,unknown,0,0,0
036e8944538744b9ad677516a84908cc,deepseek-chat,670,358,1028
036e8944538744b9ad677516a84908cc,unknown,0,0,0
036ee2665dab44038e66ae1081ccef74,ark/deepseek-v3,3894,430,4324
036ee2665dab44038e66ae1081ccef74,unknown,0,0,0
037143f5e5784f00a6bf65a872c4fb73,deepseek-chat,1889,757,2646
037143f5e5784f00a6bf65a872c4fb73,unknown,0,0,0
0372008c8a98465ba9bb0ac56158a020,deepseek-chat,746,479,1225
0372008c8a98465ba9bb0ac56158a020,unknown,0,0,0
0373a5d5851b4d39968382abd2516518,ark/deepseek-v3,1320,735,2055
0373a5d5851b4d39968382abd2516518,unknown,0,0,0
037a5228a177423c9f0b709697ca1765,ark/deepseek-v3,5055,619,5674
037a5228a177423c9f0b709697ca1765,unknown,0,0,0
037c2d702deb4f38b6c326cadbda4da4,ark/deepseek-v3,2302,1363,3665
037c2d702deb4f38b6c326cadbda4da4,unknown,0,0,0
0388b7446fd04cc18a6a34b6881b82ed,deepseek-chat,6994,759,7753
0388b7446fd04cc18a6a34b6881b82ed,gpt-4.1,941,28,969
0388b7446fd04cc18a6a34b6881b82ed,unknown,0,0,0
038b425b76f64c99bc5da37d039404f4,ark/deepseek-v3,1168,635,1803
038b425b76f64c99bc5da37d039404f4,unknown,0,0,0
038c9c3e7e3b4962ae4be10287290170,ark/deepseek-v3,4691,788,5479
038c9c3e7e3b4962ae4be10287290170,unknown,0,0,0
038fd946fa22497a98cf62bd39b9f681,deepseek-chat,284,815,1099
038fd946fa22497a98cf62bd39b9f681,gpt-4o-2024-05-13,1216,62,1278
038fd946fa22497a98cf62bd39b9f681,unknown,0,0,0
039c96e01f3f4233b82403ae740b063a,ark/deepseek-v3,467,98,565
039c96e01f3f4233b82403ae740b063a,unknown,0,0,0
03a10e7f2250412cad0ab2ec6ee115a0,deepseek-chat,916,245,1161
03a10e7f2250412cad0ab2ec6ee115a0,unknown,0,0,0
03b21d7cd42b4a429d147d3613d97432,deepseek-chat,670,322,992
03b21d7cd42b4a429d147d3613d97432,unknown,0,0,0
03ba62ce2ca84952a2d3791e423d42c3,deepseek-chat,916,323,1239
03ba62ce2ca84952a2d3791e423d42c3,unknown,0,0,0
03c28483f8b342a4a9b44a06fe6e165c,ark/deepseek-v3,4703,2445,7148
03c28483f8b342a4a9b44a06fe6e165c,unknown,0,0,0
03c3dc2823c14c6bbbbfca06d8fc5abd,deepseek-chat,928,472,1400
03c3dc2823c14c6bbbbfca06d8fc5abd,unknown,0,0,0
03c84465d6b246cfaf322308a3eeabe9,deepseek-chat,561,220,781
03c84465d6b246cfaf322308a3eeabe9,unknown,0,0,0
03cb898f158646289f847d45462cf7e8,ark/deepseek-v3,0,0,0
03cb898f158646289f847d45462cf7e8,unknown,0,0,0
03d105d3c9b440679975d3d05b288052,ark/deepseek-v3,1065,191,1256
03d105d3c9b440679975d3d05b288052,unknown,0,0,0
03d1c60819d34893b51fd6338389b7cc,ark/deepseek-v3,467,107,574
03d1c60819d34893b51fd6338389b7cc,unknown,0,0,0
03d54cf631ac4e3480d28a49480ea040,deepseek-chat,1053,370,1423
03d54cf631ac4e3480d28a49480ea040,gpt-4.1,942,29,971
03d54cf631ac4e3480d28a49480ea040,unknown,0,0,0
03e5ec81781c4d77a5ef2551c490edba,ark/deepseek-v3,701,176,877
03e5ec81781c4d77a5ef2551c490edba,unknown,0,0,0
03e800581cb047ff88ba9f4d10bd20de,deepseek-chat,1390,670,2060
03e800581cb047ff88ba9f4d10bd20de,unknown,0,0,0
03e89d4747f84663a132085daee605a3,deepseek-chat,2314,1367,3681
03e89d4747f84663a132085daee605a3,unknown,0,0,0
03fcdeed93db453391ed0fc247491cfa,ark/deepseek-v3,701,177,878
03fcdeed93db453391ed0fc247491cfa,unknown,0,0,0
03ff029c634640009c76de88dc45688b,ark/deepseek-v3,3006,1374,4380
03ff029c634640009c76de88dc45688b,unknown,0,0,0
041b41ae20194d28b0db482d64ae6b25,deepseek-chat,671,369,1040
041b41ae20194d28b0db482d64ae6b25,unknown,0,0,0
04398aeda27c4df0a86d0cb361c73a84,deepseek-chat,2102,800,2902
04398aeda27c4df0a86d0cb361c73a84,unknown,0,0,0
043b13c0f6c345178da41a1cedb33452,deepseek-chat,1306,281,1587
043b13c0f6c345178da41a1cedb33452,gpt-4.1,1612,267,1879
043b13c0f6c345178da41a1cedb33452,unknown,0,0,0
043c111c5a1d46428996b1b2a0089e62,deepseek-chat,956,441,1397
043c111c5a1d46428996b1b2a0089e62,unknown,0,0,0
0440075338e447ce9f4d24c5d4b8b6a1,ark/deepseek-v3,2144,437,2581
0440075338e447ce9f4d24c5d4b8b6a1,unknown,0,0,0
044015f038a241bf9584f16ee2dffdf5,ark/deepseek-v3,1091,341,1432
044015f038a241bf9584f16ee2dffdf5,unknown,0,0,0
0440feaf07104ccb8d2f6d8710fcab95,ark/deepseek-v3,4273,2217,6490
0440feaf07104ccb8d2f6d8710fcab95,unknown,0,0,0
0445771abb8347358cdb82ee26a3a670,ark/kimi-k2,2687,1392,4079
0445771abb8347358cdb82ee26a3a670,unknown,0,0,0
044721f374d246e98c4822d27b4fa8b0,ark/deepseek-v3,467,92,559
044721f374d246e98c4822d27b4fa8b0,unknown,0,0,0
044cb7918c464dcc9069bd4084475a82,ark/deepseek-v3,1251,216,1467
044cb7918c464dcc9069bd4084475a82,unknown,0,0,0
0450f1b870b64326b114ce88da280130,deepseek-chat,670,299,969
0450f1b870b64326b114ce88da280130,unknown,0,0,0
0459704eab60466a8109e95ea72455ad,deepseek-chat,1319,310,1629
0459704eab60466a8109e95ea72455ad,gpt-4.1,2568,360,2928
0459704eab60466a8109e95ea72455ad,unknown,0,0,0
045a4249e62549169cfde27851924d2a,ark/deepseek-v3,1088,346,1434
045a4249e62549169cfde27851924d2a,unknown,0,0,0
045dbe8a55e94627ba28da111307a829,deepseek-chat,0,0,0
045dbe8a55e94627ba28da111307a829,unknown,0,0,0
045feb31b9724fe3962fb2f874e42c8e,deepseek-chat,940,257,1197
045feb31b9724fe3962fb2f874e42c8e,gpt-4.1,681,265,946
045feb31b9724fe3962fb2f874e42c8e,unknown,0,0,0
04600287733342778e95635c513d2de4,ark/deepseek-v3,701,203,904
04600287733342778e95635c513d2de4,unknown,0,0,0
04624ae0acb24e088e02231572990e28,deepseek-chat,22499,3619,26118
04624ae0acb24e088e02231572990e28,unknown,0,0,0
0463b852ecb54eb3bcf7c453c9707fe7,deepseek-chat,875,30,905
0463b852ecb54eb3bcf7c453c9707fe7,unknown,0,0,0
04675224266246f580527ea6c3862b17,deepseek-chat,825,377,1202
04675224266246f580527ea6c3862b17,unknown,0,0,0
046ead2438d04a9584c782af68697d67,deepseek-chat,3332,1244,4576
046ead2438d04a9584c782af68697d67,unknown,0,0,0
04719ef327fa4cacaac77820bc0628ae,ark/deepseek-v3,467,95,562
04719ef327fa4cacaac77820bc0628ae,unknown,0,0,0
047b1792c8a041ca834195cc77d45136,ark/deepseek-v3,24850,5070,29920
047b1792c8a041ca834195cc77d45136,unknown,0,0,0
0480c1d5b275415eae45f81c9a9037da,ark/deepseek-v3,5975,606,6581
0480c1d5b275415eae45f81c9a9037da,unknown,0,0,0
0482503daa6b437c9bb574733b1c7b46,unknown,0,0,0
048b18ee21364c729fd47439753c4af2,deepseek-chat,2034,757,2791
048b18ee21364c729fd47439753c4af2,unknown,0,0,0
04907e4acfc24b3ca015067d3da71599,ark/deepseek-v3,8641,790,9431
04907e4acfc24b3ca015067d3da71599,unknown,0,0,0
04990c41bd1f4cadb420e62ce48386f9,deepseek-chat,1395,550,1945
04990c41bd1f4cadb420e62ce48386f9,unknown,0,0,0
049cc9a350214037a65d715897e27e84,deepseek-chat,561,206,767
049cc9a350214037a65d715897e27e84,unknown,0,0,0
049d18462e0845f094fbef64ae677265,deepseek-chat,8,701,709
049d18462e0845f094fbef64ae677265,unknown,0,0,0
049e7b7e032f4523aa3120550fb0c51e,ark/deepseek-v3,467,97,564
049e7b7e032f4523aa3120550fb0c51e,unknown,0,0,0
04a30a4377ee42baad5e4e0c51186cc3,ark/deepseek-v3,2249,1122,3371
04a30a4377ee42baad5e4e0c51186cc3,unknown,0,0,0
04a554d902e24fb0bac037289db427ee,ark/deepseek-v3,14035,2706,16741
04a554d902e24fb0bac037289db427ee,deepseek-chat,5086,70,5156
04a554d902e24fb0bac037289db427ee,unknown,0,0,0
04b246afd5d5439c917af45da223ab03,ark/deepseek-v3,0,0,0
04b246afd5d5439c917af45da223ab03,unknown,0,0,0
04bc4e316f3c4bb5a728c655530c343a,ark/deepseek-v3,2983,639,3622
04bc4e316f3c4bb5a728c655530c343a,unknown,0,0,0
04be0b48f9f04066975b863fe0663360,deepseek-chat,7066,635,7701
04be0b48f9f04066975b863fe0663360,unknown,0,0,0
04be26a3a605476ca87511f7fc6cd942,deepseek-chat,2315,765,3080
04be26a3a605476ca87511f7fc6cd942,unknown,0,0,0
04caf489f55f46e283ff1731c0e918c2,ark/deepseek-v3,14045,2715,16760
04caf489f55f46e283ff1731c0e918c2,unknown,0,0,0
04ce011bdf3c4a2c89c20d27e9154567,ark/deepseek-v3,0,0,0
04ce011bdf3c4a2c89c20d27e9154567,unknown,0,0,0
04d3259e75bd462583274439ff591030,ark/deepseek-v3,2035,754,2789
04d3259e75bd462583274439ff591030,unknown,0,0,0
04d587beaf1a4321b2741622cbcdbb50,ark/deepseek-v3,467,104,571
04d587beaf1a4321b2741622cbcdbb50,unknown,0,0,0
04d71a7e1eed454fbe615d82d87bb2c3,ark/deepseek-v3,860,665,1525
04d71a7e1eed454fbe615d82d87bb2c3,unknown,0,0,0
04dd3853ac6548d392394bfb52008a22,deepseek-chat,7494,2317,9811
04dd3853ac6548d392394bfb52008a22,gpt-4.1,4680,1079,5759
04dd3853ac6548d392394bfb52008a22,unknown,0,0,0
04e863d2f84c43bf91806c44be42ad94,ark/deepseek-v3,1089,302,1391
04e863d2f84c43bf91806c44be42ad94,unknown,0,0,0
04eaad4adcbe4b469f22a0c13ce8a345,ark/deepseek-v3,701,176,877
04eaad4adcbe4b469f22a0c13ce8a345,unknown,0,0,0
04eddd8359d0440d853a4750e6c05324,ark/deepseek-v3,3193,1268,4461
04eddd8359d0440d853a4750e6c05324,unknown,0,0,0
04f37d8935d44e78a018a0ed564ea203,ark/deepseek-v3,14808,3344,18152
04f37d8935d44e78a018a0ed564ea203,unknown,0,0,0
04f56eb910624178a532f416ca775905,ark/deepseek-v3,6416,650,7066
04f56eb910624178a532f416ca775905,ark/deepseek-v3-1,0,0,0
04f56eb910624178a532f416ca775905,unknown,0,0,0
04f99994e1404ba281d91aeb8a23b49d,ark/deepseek-v3,30545,5007,35552
04f99994e1404ba281d91aeb8a23b49d,unknown,0,0,0
04fa183409a3433089d724d18cea5fbb,ark/deepseek-v3,5709,2112,7821
04fa183409a3433089d724d18cea5fbb,gpt-4.1,640,20,660
04fa183409a3433089d724d18cea5fbb,unknown,0,0,0
050374bfaaed41d18a8d37e3466ac13b,deepseek-chat,2170,849,3019
050374bfaaed41d18a8d37e3466ac13b,unknown,0,0,0
0503d403b1de45648c9b07d8d375fa4f,deepseek-chat,906,444,1350
0503d403b1de45648c9b07d8d375fa4f,unknown,0,0,0
0508dedb77294e9c91652155437a30f9,ark/deepseek-v3,3450,1224,4674
0508dedb77294e9c91652155437a30f9,unknown,0,0,0
0509a8ef8c704e478f93775b6e7bb4f6,ark/deepseek-v3,13442,2318,15760
0509a8ef8c704e478f93775b6e7bb4f6,unknown,0,0,0
050fad98ec9948c3b93723e129cc75e1,ark/deepseek-v3,1455,216,1671
050fad98ec9948c3b93723e129cc75e1,deepseek-chat,4402,181,4583
050fad98ec9948c3b93723e129cc75e1,unknown,0,0,0
05113ef32aa04af7a9a52f5cdc8b6e25,ark/deepseek-v3,0,0,0
05113ef32aa04af7a9a52f5cdc8b6e25,unknown,0,0,0
05124866be9843ebaf21cdff07ce8ecf,deepseek-chat,1176,696,1872
05124866be9843ebaf21cdff07ce8ecf,unknown,0,0,0
0513a8b9d86e431fb7f321d48b1016eb,deepseek-chat,2141,1517,3658
0513a8b9d86e431fb7f321d48b1016eb,unknown,0,0,0
05245dd564d0435986096c2cf364bf15,ark/deepseek-v3,4319,2042,6361
05245dd564d0435986096c2cf364bf15,unknown,0,0,0
0525d84c47f94044942fa4fd403080fb,ark/deepseek-v3,1455,193,1648
0525d84c47f94044942fa4fd403080fb,unknown,0,0,0
052f56eb5d2c443794e1a5f2d98749e0,deepseek-chat,2742,1588,4330
052f56eb5d2c443794e1a5f2d98749e0,unknown,0,0,0
05300372fe264e2c94df707f50097184,deepseek-chat,947,359,1306
05300372fe264e2c94df707f50097184,unknown,0,0,0
05330ab0ec94424896bba40bccafc55e,ark/deepseek-v3,1251,237,1488
05330ab0ec94424896bba40bccafc55e,unknown,0,0,0
0534ca023bce43129db2ae4bd1a52ec9,ark/deepseek-v3,6154,1682,7836
0534ca023bce43129db2ae4bd1a52ec9,gpt-4.1,639,20,659
0534ca023bce43129db2ae4bd1a52ec9,unknown,0,0,0
0538b011766445a88348cc33253fba2a,deepseek-chat,1482,559,2041
0538b011766445a88348cc33253fba2a,unknown,0,0,0
053b0595d9284543a0604c33936b9064,deepseek-chat,3140,914,4054
053b0595d9284543a0604c33936b9064,unknown,0,0,0
053bab464ff047cb895e24619b884700,ark/deepseek-v3,467,87,554
053bab464ff047cb895e24619b884700,unknown,0,0,0
053bf799da48441eab7cd9bd758be25a,ark/deepseek-v3,1738,997,2735
053bf799da48441eab7cd9bd758be25a,unknown,0,0,0
053ed42ef3b541969ebeea1f780ada94,deepseek-chat,3417,1550,4967
053ed42ef3b541969ebeea1f780ada94,gpt-4.1,3404,940,4344
053ed42ef3b541969ebeea1f780ada94,unknown,0,0,0
0543c437847c4dec8aef9f70d35ca526,deepseek-chat,0,0,0
0543c437847c4dec8aef9f70d35ca526,unknown,0,0,0
054f9dc2a3f94321a837b282e2254b1c,deepseek-chat,941,330,1271
054f9dc2a3f94321a837b282e2254b1c,unknown,0,0,0
05521c32e7294c1885751cb6231fbf21,deepseek-chat,2158,1365,3523
05521c32e7294c1885751cb6231fbf21,unknown,0,0,0
0552b3fad9034bd98b900ec41234decf,deepseek-chat,1509,778,2287
0552b3fad9034bd98b900ec41234decf,gpt-4.1,2202,307,2509
0552b3fad9034bd98b900ec41234decf,unknown,0,0,0
0559ad5385a248eaa152826b84819f97,ark/deepseek-v3,5909,849,6758
0559ad5385a248eaa152826b84819f97,unknown,0,0,0
055aa107c0f6441a9a610cb13c9dd381,ark/deepseek-v3,652,313,965
055aa107c0f6441a9a610cb13c9dd381,unknown,0,0,0
056305e01bc94e8a8fd28e8d6eda3bf0,deepseek-chat,2190,869,3059
056305e01bc94e8a8fd28e8d6eda3bf0,unknown,0,0,0
0565d1bc433845db9cb69dbc7d1534d3,ark/deepseek-v3,467,105,572
0565d1bc433845db9cb69dbc7d1534d3,unknown,0,0,0
05664d7479d441db9a8ee7918dcaf78c,deepseek-chat,1017,141,1158
05664d7479d441db9a8ee7918dcaf78c,unknown,0,0,0
05672cdf639840f19623d85840ed03ba,ark/deepseek-v3,4222,2135,6357
05672cdf639840f19623d85840ed03ba,unknown,0,0,0
0569933e99c44b23994a84d3b3f80046,ark/deepseek-v3,6000,1426,7426
0569933e99c44b23994a84d3b3f80046,unknown,0,0,0
0569d1eb96ab4e22a14d8e9f868554be,ark/deepseek-v3-1,5013,2158,7171
0569d1eb96ab4e22a14d8e9f868554be,gpt-4.1,3799,962,4761
0569d1eb96ab4e22a14d8e9f868554be,unknown,0,0,0
056d5dd194e9473a829b9af84dce545f,ark/deepseek-v3,1088,331,1419
056d5dd194e9473a829b9af84dce545f,unknown,0,0,0
0572794228004ec8bb85d50e2a4764a3,deepseek-chat,561,207,768
0572794228004ec8bb85d50e2a4764a3,unknown,0,0,0
057341083c884762ac75ea383ca6445c,ark/deepseek-v3-1,0,0,0
057341083c884762ac75ea383ca6445c,unknown,0,0,0
057498d59123498d9e37cba6ab648a9a,ark/deepseek-v3,696,497,1193
057498d59123498d9e37cba6ab648a9a,unknown,0,0,0
0576caa82e174cf08f7d0f8d151868c3,deepseek-chat,670,347,1017
0576caa82e174cf08f7d0f8d151868c3,gpt-4.1,943,72,1015
0576caa82e174cf08f7d0f8d151868c3,unknown,0,0,0
057749e148c3436f8c88c9ff06b46040,ark/deepseek-v3,701,185,886
057749e148c3436f8c88c9ff06b46040,unknown,0,0,0
0580d0086da64965b3c8fc7aaaf9131b,ark/deepseek-v3,701,175,876
0580d0086da64965b3c8fc7aaaf9131b,unknown,0,0,0
05882a9481614d7a91bfc074163ed024,ark/deepseek-v3,1455,195,1650
05882a9481614d7a91bfc074163ed024,unknown,0,0,0
0597e1a4371c474aabd10fe8f51722f6,deepseek-chat,670,290,960
0597e1a4371c474aabd10fe8f51722f6,unknown,0,0,0
0597e9eaeadb48509933d12121a73f8c,ark/deepseek-v3,1253,296,1549
0597e9eaeadb48509933d12121a73f8c,unknown,0,0,0
0599d3dccd444dfcb5b6d1906358d81a,ark/deepseek-v3-1,1405,968,2373
0599d3dccd444dfcb5b6d1906358d81a,unknown,0,0,0
059da8fece894f4ab920996163dc7a83,deepseek-chat,2193,1031,3224
059da8fece894f4ab920996163dc7a83,unknown,0,0,0
05a116d4d48847e693c4e7f59ba93aa7,deepseek-chat,1454,641,2095
05a116d4d48847e693c4e7f59ba93aa7,unknown,0,0,0
05a4d45a888145eda09802a0e2deb4c7,deepseek-chat,670,301,971
05a4d45a888145eda09802a0e2deb4c7,unknown,0,0,0
05a71d47261c47d08f2dfdf49fb090ae,deepseek-chat,671,333,1004
05a71d47261c47d08f2dfdf49fb090ae,unknown,0,0,0
05a867a076cf433e8784f29ceaac738c,ark/deepseek-v3,658,300,958
05a867a076cf433e8784f29ceaac738c,unknown,0,0,0
05a8c435db7642468ec2b4cbae42d988,ark/deepseek-v3,13628,2200,15828
05a8c435db7642468ec2b4cbae42d988,unknown,0,0,0
05ae92dcf6b24d8aa8a6044011daf0ff,ark/deepseek-v3,1455,243,1698
05ae92dcf6b24d8aa8a6044011daf0ff,unknown,0,0,0
05b62bad8e41425b80d733ffe4e78b79,deepseek-chat,746,498,1244
05b62bad8e41425b80d733ffe4e78b79,unknown,0,0,0
05b7b8f2d725447eaf232e3af41462f2,ark/deepseek-v3,4513,351,4864
05b7b8f2d725447eaf232e3af41462f2,unknown,0,0,0
05b9898da3ac4587bfced0f0a16d20bb,unknown,0,0,0
05bc2ce73c544e29b74a4f1e1957fd38,ark/deepseek-v3,467,92,559
05bc2ce73c544e29b74a4f1e1957fd38,unknown,0,0,0
05cb224698874831b5a506f21911b970,deepseek-chat,671,361,1032
05cb224698874831b5a506f21911b970,unknown,0,0,0
05d3580ee1ec4267bdaedb73a156df34,deepseek-chat,0,0,0
05d3580ee1ec4267bdaedb73a156df34,unknown,0,0,0
05d62d1921e54d90854234018a37e0b8,ark/deepseek-v3,5016,1626,6642
05d62d1921e54d90854234018a37e0b8,unknown,0,0,0
05d8a97f60e74096840a81a1c2201fe3,ark/deepseek-v3,3144,300,3444
05d8a97f60e74096840a81a1c2201fe3,unknown,0,0,0
05d9c492207f4aaf856757df065de325,ark/deepseek-v3,3966,1389,5355
05d9c492207f4aaf856757df065de325,unknown,0,0,0
05dbcf2ecefd4d97bb83dc71ec241b05,deepseek-chat,2046,768,2814
05dbcf2ecefd4d97bb83dc71ec241b05,unknown,0,0,0
05ed155c67f54bfb939ce902d39b5ccb,ark/deepseek-v3-1,1405,707,2112
05ed155c67f54bfb939ce902d39b5ccb,unknown,0,0,0
05f43cdb57324632802a6ddd54b7061f,ark/deepseek-v3,13442,2597,16039
05f43cdb57324632802a6ddd54b7061f,unknown,0,0,0
0600f66181cd4e729f9eb5cc389d42be,ark/deepseek-v3,5999,1768,7767
0600f66181cd4e729f9eb5cc389d42be,gpt-4.1,657,35,692
0600f66181cd4e729f9eb5cc389d42be,unknown,0,0,0
060a275e01004e9a9b4410678190e7d6,deepseek-chat,0,0,0
060a275e01004e9a9b4410678190e7d6,unknown,0,0,0
060a3d6e31884180b39b391d0e1a5c1b,ark/deepseek-v3,8646,1927,10573
060a3d6e31884180b39b391d0e1a5c1b,unknown,0,0,0
060cd4ee894f4dcdbc3cea87ac73d088,deepseek-chat,561,207,768
060cd4ee894f4dcdbc3cea87ac73d088,unknown,0,0,0
060eab2ac2204bdd98e93771084eaedb,deepseek-chat,3906,1490,5396
060eab2ac2204bdd98e93771084eaedb,gpt-4.1,3382,959,4341
060eab2ac2204bdd98e93771084eaedb,unknown,0,0,0
06117312b27f46c1ae3e9348576ca208,ark/deepseek-v3,1455,213,1668
06117312b27f46c1ae3e9348576ca208,unknown,0,0,0
061211dcde70403d8810bf6b71f4b11e,unknown,0,0,0
0612279e3bcc48699a439a1f5efbdaf3,deepseek-chat,3633,1337,4970
0612279e3bcc48699a439a1f5efbdaf3,unknown,0,0,0
061b50792071401ab4bfbebc75387453,ark/deepseek-v3,701,202,903
061b50792071401ab4bfbebc75387453,unknown,0,0,0
0620ed1819864f5cbbbbb2bb4cbf755c,deepseek-chat,1360,931,2291
0620ed1819864f5cbbbbb2bb4cbf755c,unknown,0,0,0
06221354af184ad59fbd42d0f0ffb019,ark/deepseek-v3,9623,1298,10921
06221354af184ad59fbd42d0f0ffb019,unknown,0,0,0
06253e0d3f3841e288db5aa6620254b2,ark/deepseek-v3,2165,424,2589
06253e0d3f3841e288db5aa6620254b2,unknown,0,0,0
0628eb97e0a640f79c879f55911ee899,ark/deepseek-v3,467,119,586
0628eb97e0a640f79c879f55911ee899,unknown,0,0,0
062f9e86979a4dbabc9d00812e69030f,ark/deepseek-v3,465,98,563
062f9e86979a4dbabc9d00812e69030f,unknown,0,0,0
063e8cb2766d4589b782fce4542d50b3,ark/deepseek-v3,5533,1463,6996
063e8cb2766d4589b782fce4542d50b3,ark/deepseek-v3-1,0,0,0
063e8cb2766d4589b782fce4542d50b3,unknown,0,0,0
0640a2c26b444eeabf3ad1128a937c4b,ark/deepseek-v3,625,244,869
0640a2c26b444eeabf3ad1128a937c4b,unknown,0,0,0
06456f7c4f1c4646a3f4aa3b5fad7b5c,ark/deepseek-v3,1251,225,1476
06456f7c4f1c4646a3f4aa3b5fad7b5c,unknown,0,0,0
06495c4600344609a9f280c6eb53816e,ark/deepseek-v3,1089,297,1386
06495c4600344609a9f280c6eb53816e,unknown,0,0,0
06497fb2d1d1429dbd6d398bcec336ba,unknown,0,0,0
064b0bd967d64f3cb41cfdc5031ed5bf,ark/deepseek-v3,13447,2521,15968
064b0bd967d64f3cb41cfdc5031ed5bf,unknown,0,0,0
06517813065a40c7bfbd6d3d89d51d33,deepseek-chat,0,0,0
06517813065a40c7bfbd6d3d89d51d33,unknown,0,0,0
0656848dc18f4a10b43dbc4bd1592ab8,deepseek-chat,561,207,768
0656848dc18f4a10b43dbc4bd1592ab8,unknown,0,0,0
06607b01f3f2448e9691d49c0adeb87e,deepseek-chat,1193,238,1431
06607b01f3f2448e9691d49c0adeb87e,unknown,0,0,0
0662498e1c7243c28efc2fd81abdc46f,ark/deepseek-v3,2337,1001,3338
0662498e1c7243c28efc2fd81abdc46f,unknown,0,0,0
0663f0f9b29541019cbc830cb4ed5413,ark/deepseek-v3,7426,1423,8849
0663f0f9b29541019cbc830cb4ed5413,deepseek-chat,2126,20100,22226
0663f0f9b29541019cbc830cb4ed5413,unknown,0,0,0
06670fcff7c64c6a88c2eb93d242f922,deepseek-chat,671,350,1021
06670fcff7c64c6a88c2eb93d242f922,unknown,0,0,0
066a597ade0949858e1d4259b3aabf45,deepseek-chat,1500,1206,2706
066a597ade0949858e1d4259b3aabf45,unknown,0,0,0
066c39c5205a4dc2b20eeb62a0eaac43,ark/deepseek-v3,788,88,876
066c39c5205a4dc2b20eeb62a0eaac43,unknown,0,0,0
067259970cbf47d3af332a3291d16480,ark/deepseek-v3,1455,180,1635
067259970cbf47d3af332a3291d16480,unknown,0,0,0
06750bb2c48040828f7aea3e97d8a0f9,ark/deepseek-v3,1567,680,2247
06750bb2c48040828f7aea3e97d8a0f9,unknown,0,0,0
0687524834c64a47ade5b3d81ea021b4,deepseek-chat,2622,1119,3741
0687524834c64a47ade5b3d81ea021b4,unknown,0,0,0
069a4a68b319491caafaa6b8921526a1,ark/deepseek-v3-1,528,291,819
069a4a68b319491caafaa6b8921526a1,unknown,0,0,0
069b0f4d090841ef93fb569a8c69e44b,unknown,0,0,0
06b9409e2884409cb802b4636a26e51a,ark/deepseek-v3,14005,2593,16598
06b9409e2884409cb802b4636a26e51a,unknown,0,0,0
06bcce1466b54330ad892f37f44c181b,ark/deepseek-v3,2270,1094,3364
06bcce1466b54330ad892f37f44c181b,unknown,0,0,0
06bfb779fc23477c83956255c3123905,ark/deepseek-v3-1,939,369,1308
06bfb779fc23477c83956255c3123905,unknown,0,0,0
06c37d055227477b80948ff9c43d2ee6,deepseek-chat,0,0,0
06c37d055227477b80948ff9c43d2ee6,unknown,0,0,0
06c398e062ce407d927f93ad483de75f,ark/deepseek-v3,771,225,996
06c398e062ce407d927f93ad483de75f,unknown,0,0,0
06c6b81761184f2a98a39c5f22fa0d6a,ark/deepseek-v3,3292,940,4232
06c6b81761184f2a98a39c5f22fa0d6a,unknown,0,0,0
06c79f8aa9844b9788978e26cadcc534,deepseek-chat,561,207,768
06c79f8aa9844b9788978e26cadcc534,unknown,0,0,0
06cc297359184370b9d835bb879a5e7b,deepseek-chat,1153,720,1873
06cc297359184370b9d835bb879a5e7b,unknown,0,0,0
06d04083e94e44c380f004505a8859c4,ark/deepseek-v3-1,5782,2048,7830
06d04083e94e44c380f004505a8859c4,unknown,0,0,0
06e0cbcc35e84280a033328f0a70ae87,ark/deepseek-v3,701,176,877
06e0cbcc35e84280a033328f0a70ae87,unknown,0,0,0
06edcb1e3cee4197982ab98c678eb8d6,deepseek-chat,722,313,1035
06edcb1e3cee4197982ab98c678eb8d6,unknown,0,0,0
06ee2b3c15914880900b99353d617c0e,ark/deepseek-v3,8030,1381,9411
06ee2b3c15914880900b99353d617c0e,deepseek-chat,57335,6020,63355
06ee2b3c15914880900b99353d617c0e,unknown,0,0,0
06f295fdf1184ea582b0d446dfb6b968,deepseek-chat,0,0,0
06f295fdf1184ea582b0d446dfb6b968,unknown,0,0,0
06f91eac35b64dd78a92ca1f4638329a,ark/deepseek-v3,716,165,881
06f91eac35b64dd78a92ca1f4638329a,unknown,0,0,0
06fd1251b95142d78cc5094a7bce5465,deepseek-chat,2230,1206,3436
06fd1251b95142d78cc5094a7bce5465,unknown,0,0,0
070181acdceb4c1090c3c13a9df8f25c,ark/deepseek-v3,1088,312,1400
070181acdceb4c1090c3c13a9df8f25c,unknown,0,0,0
07045084bbfa4f8f9ad1d2f2c201103c,ark/deepseek-v3,4113,1567,5680
07045084bbfa4f8f9ad1d2f2c201103c,unknown,0,0,0
070599386b16441697ae37ba0ad32fde,unknown,0,0,0
0709d76cf7da420e84ebfc85b2ad0d57,ark/deepseek-v3,2222,1145,3367
0709d76cf7da420e84ebfc85b2ad0d57,unknown,0,0,0
070c6e2a88b14286a44c46bcb229a025,ark/deepseek-v3,467,111,578
070c6e2a88b14286a44c46bcb229a025,unknown,0,0,0
0714fac62fbb4fb8bd022de21d14929a,ark/deepseek-v3,0,0,0
0714fac62fbb4fb8bd022de21d14929a,unknown,0,0,0
0727d0b38986424bb9dfb7bd9710d150,ark/deepseek-v3,0,0,0
0727d0b38986424bb9dfb7bd9710d150,unknown,0,0,0
072afd9fbb774f30aa0cd3641159be1d,ark/deepseek-v3,4748,2226,6974
072afd9fbb774f30aa0cd3641159be1d,unknown,0,0,0
073267102a1a4790986099d4586c6c06,deepseek-chat,948,323,1271
073267102a1a4790986099d4586c6c06,unknown,0,0,0
0733ef9b28564a44b535f2b0fa40e586,ark/deepseek-v3,467,99,566
0733ef9b28564a44b535f2b0fa40e586,unknown,0,0,0
073575bd4a274fd699e988ea51d7b5f1,deepseek-chat,2102,1540,3642
073575bd4a274fd699e988ea51d7b5f1,unknown,0,0,0
07375c581e834393a083f83a57b76bb0,ark/deepseek-v3,467,85,552
07375c581e834393a083f83a57b76bb0,unknown,0,0,0
0739c7740b63405cbe4aa9ee3847aeb7,ark/deepseek-v3,1089,345,1434
0739c7740b63405cbe4aa9ee3847aeb7,unknown,0,0,0
073d237000a744339491e4da58f28134,ark/deepseek-v3,14032,2677,16709
073d237000a744339491e4da58f28134,unknown,0,0,0
0749a6b2821e42a3a1cd31cc50a91823,ark/deepseek-v3,1251,240,1491
0749a6b2821e42a3a1cd31cc50a91823,unknown,0,0,0
074c4a8efa8448c980cc60280ead6430,ark/deepseek-v3,467,97,564
074c4a8efa8448c980cc60280ead6430,unknown,0,0,0
074d79d53eae4220af1cacf12bf8d7ca,deepseek-chat,0,0,0
074d79d53eae4220af1cacf12bf8d7ca,unknown,0,0,0
074e6a2f178d4237ae0a830bde2d1499,deepseek-chat,2088,1571,3659
074e6a2f178d4237ae0a830bde2d1499,unknown,0,0,0
07528d9242734c0094a5d6798fe67efe,ark/deepseek-v3,701,184,885
07528d9242734c0094a5d6798fe67efe,unknown,0,0,0
075baf9f8717416993121d66fe290358,ark/deepseek-v3,467,97,564
075baf9f8717416993121d66fe290358,unknown,0,0,0
075ded4d806548acae1919767133be7b,ark/deepseek-v3,701,176,877
075ded4d806548acae1919767133be7b,unknown,0,0,0
0761627f0fef4f84ae444311ab53f1a7,unknown,0,0,0
07639feca0494e8da8ab457a16ec6974,ark/deepseek-v3,1251,215,1466
07639feca0494e8da8ab457a16ec6974,unknown,0,0,0
076e05434f3045478110a43f4678d887,deepseek-chat,1388,525,1913
076e05434f3045478110a43f4678d887,unknown,0,0,0
0771fcf2e03340f289f48fb7e678490f,ark/deepseek-v3,1166,670,1836
0771fcf2e03340f289f48fb7e678490f,unknown,0,0,0
0773d3002f0e48c5b73c58103482d1f8,ark/deepseek-v3,8022,1485,9507
0773d3002f0e48c5b73c58103482d1f8,unknown,0,0,0
07792ccd50dd477eb3cba87341565108,ark/deepseek-v3,3145,305,3450
07792ccd50dd477eb3cba87341565108,unknown,0,0,0
077e6aa8caa745b5ab026390c0d2d633,ark/deepseek-v3,701,181,882
077e6aa8caa745b5ab026390c0d2d633,unknown,0,0,0
0787d0ed35e74f73ae56453885bbe406,ark/deepseek-v3,5055,688,5743
0787d0ed35e74f73ae56453885bbe406,unknown,0,0,0
078d871365694f14802f8caa96a9f8ce,ark/deepseek-v3,467,97,564
078d871365694f14802f8caa96a9f8ce,unknown,0,0,0
078f3864bfaf46fd97b389a56b535fd2,deepseek-chat,681,283,964
078f3864bfaf46fd97b389a56b535fd2,unknown,0,0,0
07931c059def454bb604e10d3a25504a,ark/deepseek-v3,467,91,558
07931c059def454bb604e10d3a25504a,unknown,0,0,0
079fe16fce794b578e6fc916165967d3,deepseek-chat,561,207,768
079fe16fce794b578e6fc916165967d3,unknown,0,0,0
07a49e05723e4099813e7a402f817375,ark/deepseek-v3,701,176,877
07a49e05723e4099813e7a402f817375,unknown,0,0,0
07abaf2c65754ba5b1eb78a0afb0d47f,deepseek-chat,671,348,1019
07abaf2c65754ba5b1eb78a0afb0d47f,unknown,0,0,0
07bcecdd74b249fe839863a947268ec9,ark/deepseek-v3,1089,306,1395
07bcecdd74b249fe839863a947268ec9,unknown,0,0,0
07c448f2234d4a79a270d9fec6e5e9e4,deepseek-chat,783,383,1166
07c448f2234d4a79a270d9fec6e5e9e4,unknown,0,0,0
07cb75c497d743e4ab1502b5a7f59e12,deepseek-chat,12826,3912,16738
07cb75c497d743e4ab1502b5a7f59e12,unknown,0,0,0
07d5e4b1c15c4abea02e34eb87993c6e,deepseek-chat,740,311,1051
07d5e4b1c15c4abea02e34eb87993c6e,unknown,0,0,0
07d6779f423146e0bf4ae70f5c94101b,deepseek-chat,1406,989,2395
07d6779f423146e0bf4ae70f5c94101b,unknown,0,0,0
07dc657b8754412887361214ed78cd68,ark/deepseek-v3,724,220,944
07dc657b8754412887361214ed78cd68,unknown,0,0,0
07e0911265ff479fb25d2c56d086da72,deepseek-chat,374,24,398
07e0911265ff479fb25d2c56d086da72,unknown,0,0,0
07e3fe3242a74ed1b652dd6f359abe1d,ark/deepseek-v3,2307,1175,3482
07e3fe3242a74ed1b652dd6f359abe1d,unknown,0,0,0
07f1100734494fef83910c29a29f44c9,deepseek-chat,670,334,1004
07f1100734494fef83910c29a29f44c9,unknown,0,0,0
07fc25a239954851816f1e240e531914,deepseek-chat,778,336,1114
07fc25a239954851816f1e240e531914,unknown,0,0,0
07fd4012725f49aeaf37cafbc75e54c0,deepseek-chat,1379,357,1736
07fd4012725f49aeaf37cafbc75e54c0,unknown,0,0,0
07ffb928ac7f4f29b8981825bbe88c72,ark/deepseek-v3,1088,329,1417
07ffb928ac7f4f29b8981825bbe88c72,unknown,0,0,0
08066ad9cdbb4a76ae8918a5b5ff3b36,deepseek-chat,671,436,1107
08066ad9cdbb4a76ae8918a5b5ff3b36,unknown,0,0,0
0807eda8ed2446a79e9a6cc4c15d8a61,ark/deepseek-v3,467,102,569
0807eda8ed2446a79e9a6cc4c15d8a61,unknown,0,0,0
080b6453500b41909dd88443102a4453,ark/deepseek-v3,5525,1479,7004
080b6453500b41909dd88443102a4453,unknown,0,0,0
080c611e0925433db3cf0c96f418d25a,deepseek-chat,2118,1575,3693
080c611e0925433db3cf0c96f418d25a,unknown,0,0,0
0814fd72be4347f1b0f18766de681ede,ark/deepseek-v3,13447,2303,15750
0814fd72be4347f1b0f18766de681ede,unknown,0,0,0
0816b68c4a474fdb8fee3e9106f2584e,deepseek-chat,1029,349,1378
0816b68c4a474fdb8fee3e9106f2584e,gpt-4.1,940,27,967
0816b68c4a474fdb8fee3e9106f2584e,unknown,0,0,0
08211f7c3b5c441698e126534a0ea3b0,ark/deepseek-v3,467,94,561
08211f7c3b5c441698e126534a0ea3b0,unknown,0,0,0
08256d5bc4344a379f68f2aff6d7d8f1,ark/deepseek-v3,0,0,0
08256d5bc4344a379f68f2aff6d7d8f1,unknown,0,0,0
082731ab9a2342e2a68391c35420ff2e,ark/deepseek-v3,1455,206,1661
082731ab9a2342e2a68391c35420ff2e,unknown,0,0,0
082782e1e6b94ae08f4990b894d9796a,deepseek-chat,2064,894,2958
082782e1e6b94ae08f4990b894d9796a,unknown,0,0,0
082aebc5273f4104a6213166f97c0802,ark/deepseek-v3,1126,382,1508
082aebc5273f4104a6213166f97c0802,unknown,0,0,0
0832f07ae4ee40ff9be1216276bd258f,ark/deepseek-v3,1509,874,2383
0832f07ae4ee40ff9be1216276bd258f,unknown,0,0,0
08365bb9ec214ae09bf4e6eea02e96a1,ark/deepseek-v3,2896,454,3350
08365bb9ec214ae09bf4e6eea02e96a1,unknown,0,0,0
083e0aed123644a2bbc5d5d9c04e982d,ark/deepseek-v3,6823,1309,8132
083e0aed123644a2bbc5d5d9c04e982d,deepseek-chat,12382,370,12752
083e0aed123644a2bbc5d5d9c04e982d,unknown,0,0,0
085075c5db644622b7b88dc6844fc8cb,deepseek-chat,0,0,0
085075c5db644622b7b88dc6844fc8cb,unknown,0,0,0
08521f747da4498b82de643db811446f,ark/deepseek-v3,465,93,558
08521f747da4498b82de643db811446f,unknown,0,0,0
085c615ebeb042188ea89d9173a69801,ark/deepseek-v3,465,85,550
085c615ebeb042188ea89d9173a69801,unknown,0,0,0
085f4a0a072a4df586f79efcba30f431,deepseek-chat,2997,1237,4234
085f4a0a072a4df586f79efcba30f431,unknown,0,0,0
0863ced5d337451db2c932866b68d537,deepseek-chat,906,324,1230
0863ced5d337451db2c932866b68d537,unknown,0,0,0
08694ecf9be947cf9bc233208b3799ab,deepseek-chat,1380,427,1807
08694ecf9be947cf9bc233208b3799ab,unknown,0,0,0
086cdb100d114946b63abff3242eb361,deepseek-chat,671,421,1092
086cdb100d114946b63abff3242eb361,unknown,0,0,0
08705cfc8b414247a2eb4df644f8defd,ark/deepseek-v3,701,175,876
08705cfc8b414247a2eb4df644f8defd,unknown,0,0,0
0871adfc30604c4b94272e165af5885f,ark/deepseek-v3,14007,2564,16571
0871adfc30604c4b94272e165af5885f,unknown,0,0,0
0871c2b736c842cca97d875d3d5f99de,deepseek-chat,9279,1243,10522
0871c2b736c842cca97d875d3d5f99de,unknown,0,0,0
08748c84962b47a5899904ac5019cb7e,ark/deepseek-v3,13446,2612,16058
08748c84962b47a5899904ac5019cb7e,unknown,0,0,0
08760c62c9ce4a73b32b4180542b53dd,deepseek-chat,0,0,0
08760c62c9ce4a73b32b4180542b53dd,unknown,0,0,0
0876516f2d4c4bd8bd5cd9cbe96b6e06,ark/deepseek-v3,13059,2288,15347
0876516f2d4c4bd8bd5cd9cbe96b6e06,deepseek-chat,15674,3724,19398
0876516f2d4c4bd8bd5cd9cbe96b6e06,unknown,0,0,0
087a1d2020b74c25968145392faf6c35,ark/deepseek-v3,5912,1278,7190
087a1d2020b74c25968145392faf6c35,unknown,0,0,0
087aac33981a4b88bc00c0d5758246a2,ark/deepseek-v3,3780,308,4088
087aac33981a4b88bc00c0d5758246a2,unknown,0,0,0
087b1c97ebd346039e063abf2deba1c7,deepseek-chat,658,365,1023
087b1c97ebd346039e063abf2deba1c7,unknown,0,0,0
087db2e101c54280978c668e3283a657,ark/deepseek-v3,32855,6984,39839
087db2e101c54280978c668e3283a657,deepseek-chat,12927,640,13567
087db2e101c54280978c668e3283a657,unknown,0,0,0
088009e8c03b48c3a7728ce3daa0acf8,ark/deepseek-v3,1089,312,1401
088009e8c03b48c3a7728ce3daa0acf8,unknown,0,0,0
08891cc975b1435d8818398bc5006d6b,deepseek-chat,746,531,1277
08891cc975b1435d8818398bc5006d6b,unknown,0,0,0
0892f218a74b48118aae7485642c9d20,ark/deepseek-v3,2981,644,3625
0892f218a74b48118aae7485642c9d20,deepseek-chat,5955,249,6204
0892f218a74b48118aae7485642c9d20,unknown,0,0,0
089c619918624d4bbc54d69c9c7295d0,ark/deepseek-v3,1829,878,2707
089c619918624d4bbc54d69c9c7295d0,unknown,0,0,0
08a49f8f489f4eab9147467d3836299a,ark/deepseek-v3,758,100,858
08a49f8f489f4eab9147467d3836299a,unknown,0,0,0
08a4d11d2f1949829064492ecfa70f95,unknown,0,0,0
08b8523242f2424683af3b94ee1fd493,ark/deepseek-v3,7184,1185,8369
08b8523242f2424683af3b94ee1fd493,unknown,0,0,0
08bcf508335044a995332c306505a818,deepseek-chat,0,0,0
08bcf508335044a995332c306505a818,unknown,0,0,0
08bd53b092ac42cfbdc5efc78c63a6fd,deepseek-chat,0,0,0
08bd53b092ac42cfbdc5efc78c63a6fd,unknown,0,0,0
08bdd1d8e9b34f65b09e733c9da9bfb4,ark/deepseek-v3,3144,295,3439
08bdd1d8e9b34f65b09e733c9da9bfb4,unknown,0,0,0
08c3371dca954d1ebb36677ffdd14543,ark/deepseek-v3,701,181,882
08c3371dca954d1ebb36677ffdd14543,unknown,0,0,0
08d62fa4d9a54db99bfdfb6247195d81,ark/deepseek-v3,467,108,575
08d62fa4d9a54db99bfdfb6247195d81,unknown,0,0,0
08d6a4b6b4a641d3a882a8db5caa5cc6,ark/deepseek-v3,467,83,550
08d6a4b6b4a641d3a882a8db5caa5cc6,unknown,0,0,0
08e281c41d834238a877304860b0acdf,ark/deepseek-v3,1455,210,1665
08e281c41d834238a877304860b0acdf,unknown,0,0,0
08e52879c7a948faa9fdd3c56dd0091d,ark/deepseek-v3,8619,1451,10070
08e52879c7a948faa9fdd3c56dd0091d,unknown,0,0,0
08e874732b5a44d88b33bc5a8472d4f4,ark/deepseek-v3,1455,207,1662
08e874732b5a44d88b33bc5a8472d4f4,unknown,0,0,0
08ea53fd31294d2c933696acb3bf7f6c,ark/deepseek-v3,467,95,562
08ea53fd31294d2c933696acb3bf7f6c,unknown,0,0,0
08ea8a3761214459b495101919c6adbb,ark/deepseek-v3,1089,354,1443
08ea8a3761214459b495101919c6adbb,unknown,0,0,0
08ecaa1aec254dd48e53edb0c696a595,deepseek-chat,1361,882,2243
08ecaa1aec254dd48e53edb0c696a595,unknown,0,0,0
08f2fd5504bd43a1924dd8be6d558f66,deepseek-chat,2217,227,2444
08f2fd5504bd43a1924dd8be6d558f66,unknown,0,0,0
08f5c1e7e985448e85ab0ac982b079dc,deepseek-chat,924,424,1348
08f5c1e7e985448e85ab0ac982b079dc,unknown,0,0,0
08f5ed306aa147d0877a6ea1e394126a,deepseek-chat,670,364,1034
08f5ed306aa147d0877a6ea1e394126a,unknown,0,0,0
08f64051b7204e009a7a3b1abc204da9,deepseek-chat,0,0,0
08f64051b7204e009a7a3b1abc204da9,unknown,0,0,0
08f9d52c48644659b5383b30353412e8,deepseek-chat,785,542,1327
08f9d52c48644659b5383b30353412e8,unknown,0,0,0
09047ed5db8141d389fe0a3e262c2e59,deepseek-chat,1067,190,1257
09047ed5db8141d389fe0a3e262c2e59,unknown,0,0,0
0905155a2a14494e9144065b9f5b9154,deepseek-chat,670,312,982
0905155a2a14494e9144065b9f5b9154,unknown,0,0,0
0909f8adc870426089eceedd4ee25754,ark/deepseek-v3,1854,1051,2905
0909f8adc870426089eceedd4ee25754,unknown,0,0,0
09117deb62fd4a4a9e25e4dbee7cd7fb,ark/deepseek-v3,1089,259,1348
09117deb62fd4a4a9e25e4dbee7cd7fb,unknown,0,0,0
0915486ade1b40c7bb859aaef502a78b,deepseek-chat,928,575,1503
0915486ade1b40c7bb859aaef502a78b,unknown,0,0,0
0915d970d756430b883f064bf71a97c6,ark/deepseek-v3,1259,583,1842
0915d970d756430b883f064bf71a97c6,unknown,0,0,0
091ba34990414ae4aa3134e99a1d883f,ark/deepseek-v3,623,329,952
091ba34990414ae4aa3134e99a1d883f,unknown,0,0,0
0920a74549b0413f9b66659ad29c2b43,deepseek-chat,713,327,1040
0920a74549b0413f9b66659ad29c2b43,unknown,0,0,0
092a0272a52048c9977d9a235694ac38,deepseek-chat,826,277,1103
092a0272a52048c9977d9a235694ac38,unknown,0,0,0
092efa3bc1ba4c4ab8f5a08a1108235c,deepseek-chat,2058,887,2945
092efa3bc1ba4c4ab8f5a08a1108235c,unknown,0,0,0
0936fe451d744814b3e077614adac8a8,unknown,0,0,0
0948ea5a32d64a2caa9d5a8d97da1036,deepseek-chat,9,114,123
0948ea5a32d64a2caa9d5a8d97da1036,unknown,0,0,0
094a548c29134d80b977dc6b6a38faba,ark/deepseek-v3,1455,208,1663
094a548c29134d80b977dc6b6a38faba,unknown,0,0,0
0954d9b32e2043288f043369e2805de4,ark/deepseek-v3,701,200,901
0954d9b32e2043288f043369e2805de4,unknown,0,0,0
095507635e7b4479b8444794b0e1392a,deepseek-chat,833,384,1217
095507635e7b4479b8444794b0e1392a,unknown,0,0,0
0958404d800c447e9cf38305c9d1cf74,ark/deepseek-v3,0,0,0
0958404d800c447e9cf38305c9d1cf74,unknown,0,0,0
09585ad057b34933848d1be16c78fa97,ark/deepseek-v3,3439,1369,4808
09585ad057b34933848d1be16c78fa97,unknown,0,0,0
095915a455e34dc88133ecd2838362e6,ark/deepseek-v3,2664,481,3145
095915a455e34dc88133ecd2838362e6,unknown,0,0,0
096bef3a9815461c9f3f19d3d5384f02,deepseek-chat,1054,439,1493
096bef3a9815461c9f3f19d3d5384f02,gpt-4.1,1418,342,1760
096bef3a9815461c9f3f19d3d5384f02,unknown,0,0,0
09700c9e5b2648bcaf840982c315973b,ark/deepseek-v3,3143,332,3475
09700c9e5b2648bcaf840982c315973b,unknown,0,0,0
09717d436ee941c48e2b8098877b67a2,ark/deepseek-v3,5299,798,6097
09717d436ee941c48e2b8098877b67a2,unknown,0,0,0
0979ebd3ddd64b6fadf5254599244968,deepseek-chat,561,207,768
0979ebd3ddd64b6fadf5254599244968,unknown,0,0,0
098249069b6c42228f6a6e6f53cd79c5,deepseek-chat,671,385,1056
098249069b6c42228f6a6e6f53cd79c5,unknown,0,0,0
09834146eeca4763ad8921616d387676,deepseek-chat,2186,728,2914
09834146eeca4763ad8921616d387676,unknown,0,0,0
098b744f57e1433bb9198969afecd020,ark/deepseek-v3,467,94,561
098b744f57e1433bb9198969afecd020,unknown,0,0,0
098ffc56b71d44fb872a4295cc0bdb65,ark/deepseek-v3,701,181,882
098ffc56b71d44fb872a4295cc0bdb65,unknown,0,0,0
0992fcd366a24802b0efc18a1c5909f7,ark/deepseek-v3,1440,868,2308
0992fcd366a24802b0efc18a1c5909f7,unknown,0,0,0
09a5cd35eafd4e25b9a483a4c2b5591a,deepseek-chat,1178,220,1398
09a5cd35eafd4e25b9a483a4c2b5591a,unknown,0,0,0
09a6a44f76aa40ffb3b58c664bbf315e,ark/deepseek-v3,1047,378,1425
09a6a44f76aa40ffb3b58c664bbf315e,unknown,0,0,0
09a6a5740aa64f62a6ba648268c3252b,ark/deepseek-v3,1089,348,1437
09a6a5740aa64f62a6ba648268c3252b,unknown,0,0,0
09a749b4d01847d2812004d3cf1a693d,deepseek-chat,1587,279,1866
09a749b4d01847d2812004d3cf1a693d,unknown,0,0,0
09a9da15e1354c2d91261b125e627d1f,ark/deepseek-v3-1,3015,1352,4367
09a9da15e1354c2d91261b125e627d1f,unknown,0,0,0
09abce7cf7924e99b1d1a72d8380db5e,ark/deepseek-v3,0,0,0
09abce7cf7924e99b1d1a72d8380db5e,unknown,0,0,0
09ac783dee7d45718638b53e9def9598,deepseek-chat,0,0,0
09ac783dee7d45718638b53e9def9598,unknown,0,0,0
09aee9ca722f406097dbeb1074cc34c0,ark/deepseek-v3,4436,2005,6441
09aee9ca722f406097dbeb1074cc34c0,unknown,0,0,0
09b16bd80e9b44e59134e020e549d7a5,ark/deepseek-v3-1,1405,716,2121
09b16bd80e9b44e59134e020e549d7a5,unknown,0,0,0
09b53d8cf6a24202860f38c7c66f15d0,ark/deepseek-v3-1,3151,1654,4805
09b53d8cf6a24202860f38c7c66f15d0,unknown,0,0,0
09ba3ef45ca14e4d84468d66bbaf4ca8,ark/deepseek-v3,0,0,0
09ba3ef45ca14e4d84468d66bbaf4ca8,unknown,0,0,0
09bfb9c0a8754521ba66412eaf72f275,ark/deepseek-v3,1506,903,2409
09bfb9c0a8754521ba66412eaf72f275,unknown,0,0,0
09c5365a83d64fbb806143ccb85b57c5,deepseek-chat,18979,1994,20973
09c5365a83d64fbb806143ccb85b57c5,unknown,0,0,0
09cde7aa86d54c42abd8535e03c71e44,deepseek-chat,1422,619,2041
09cde7aa86d54c42abd8535e03c71e44,unknown,0,0,0
09ce4d2e188c4880bee31622c7515812,ark/deepseek-v3,4122,1050,5172
09ce4d2e188c4880bee31622c7515812,unknown,0,0,0
09d20edb0603489c8950eb64dc282a1f,deepseek-chat,0,0,0
09d20edb0603489c8950eb64dc282a1f,unknown,0,0,0
09d3fc86a054462b94d8284ee8a10a48,ark/deepseek-v3,1446,810,2256
09d3fc86a054462b94d8284ee8a10a48,unknown,0,0,0
09dccf0cca1c416da23aeb59fba32820,deepseek-chat,4603,1542,6145
09dccf0cca1c416da23aeb59fba32820,unknown,0,0,0
09e786ef21cd4ac694d5deea3027135c,ark/deepseek-v3-1,1921,785,2706
09e786ef21cd4ac694d5deea3027135c,unknown,0,0,0
09f7d31b3ef74177bec6695ff39d9498,deepseek-chat,770,309,1079
09f7d31b3ef74177bec6695ff39d9498,unknown,0,0,0
09f8bb4b91e24b6fb62a10e0cad4f668,ark/deepseek-v3,6465,775,7240
09f8bb4b91e24b6fb62a10e0cad4f668,unknown,0,0,0
0a05090153fd46f69fdaebdc51492882,ark/deepseek-v3,465,91,556
0a05090153fd46f69fdaebdc51492882,unknown,0,0,0
0a171d46adca4055817960e8bfd2aee0,ark/deepseek-v3,6526,991,7517
0a171d46adca4055817960e8bfd2aee0,deepseek-chat,10376,289,10665
0a171d46adca4055817960e8bfd2aee0,unknown,0,0,0
0a1be9b43cbf4a558df798ab99273546,deepseek-chat,671,422,1093
0a1be9b43cbf4a558df798ab99273546,unknown,0,0,0
0a1e6a5d01b244eca9a537eafdf45668,ark/deepseek-v3,1455,243,1698
0a1e6a5d01b244eca9a537eafdf45668,unknown,0,0,0
0a20b6819a6e4596b91d58f555410660,ark/deepseek-v3,648,303,951
0a20b6819a6e4596b91d58f555410660,unknown,0,0,0
0a24b0b9736046e1b28be355ba7942d0,deepseek-chat,15357,1433,16790
0a24b0b9736046e1b28be355ba7942d0,unknown,0,0,0
0a2b381320d4454eb22764e2ce472430,deepseek-chat,1047,374,1421
0a2b381320d4454eb22764e2ce472430,gpt-4.1,946,33,979
0a2b381320d4454eb22764e2ce472430,unknown,0,0,0
0a326b02597f42f4ba87b543d9ca33b3,ark/deepseek-v3,2899,1116,4015
0a326b02597f42f4ba87b543d9ca33b3,unknown,0,0,0
0a33fe3eff304c90a1de3dac078f2d22,ark/deepseek-v3,467,101,568
0a33fe3eff304c90a1de3dac078f2d22,unknown,0,0,0
0a3d7485d4c74249b8d45d7985688b4f,ark/deepseek-v3,2612,269,2881
0a3d7485d4c74249b8d45d7985688b4f,unknown,0,0,0
0a4118acc0fc4cf8ad7c8110afb84611,deepseek-chat,561,206,767
0a4118acc0fc4cf8ad7c8110afb84611,unknown,0,0,0
0a44896097e546a7aca3b3aa4c6d93c0,deepseek-chat,1187,1849,3036
0a44896097e546a7aca3b3aa4c6d93c0,unknown,0,0,0
0a46667e53d84707a14b765e301f7933,ark/deepseek-v3,701,180,881
0a46667e53d84707a14b765e301f7933,unknown,0,0,0
0a4b578c71924a96b1e15f6922c66557,ark/deepseek-v3,1836,672,2508
0a4b578c71924a96b1e15f6922c66557,unknown,0,0,0
0a4cf6c3c0474f359030edbe4e3dcbbe,ark/deepseek-v3,1455,213,1668
0a4cf6c3c0474f359030edbe4e3dcbbe,unknown,0,0,0
0a4db12ae53940789e845db5165ef83c,ark/deepseek-v3,5620,1222,6842
0a4db12ae53940789e845db5165ef83c,unknown,0,0,0
0a4fca46b0f341518a732aacd7e9ffd2,ark/deepseek-v3,4436,2022,6458
0a4fca46b0f341518a732aacd7e9ffd2,unknown,0,0,0
0a520a97816545359fe8aaa13a942d1e,ark/deepseek-v3,701,175,876
0a520a97816545359fe8aaa13a942d1e,unknown,0,0,0
0a5b6b70facd4513bc29681e2a2bb8de,ark/deepseek-v3,1455,181,1636
0a5b6b70facd4513bc29681e2a2bb8de,unknown,0,0,0
0a6178868bb5409ab98a64ce7a30835b,ark/deepseek-v3,2329,437,2766
0a6178868bb5409ab98a64ce7a30835b,unknown,0,0,0
0a665824d38b46ad9afc7e70319dd1ac,ark/deepseek-v3,701,178,879
0a665824d38b46ad9afc7e70319dd1ac,unknown,0,0,0
0a70b274cac14a4da32baac47ebe0460,deepseek-chat,2043,890,2933
0a70b274cac14a4da32baac47ebe0460,unknown,0,0,0
0a74546a681d43d9abab9eb3997935bb,deepseek-chat,561,206,767
0a74546a681d43d9abab9eb3997935bb,unknown,0,0,0
0a77e377f6704937abe357c4779fd674,ark/deepseek-v3,2628,1624,4252
0a77e377f6704937abe357c4779fd674,unknown,0,0,0
0a8013278be74c6ba6f0c4574c65e959,ark/deepseek-v3,467,97,564
0a8013278be74c6ba6f0c4574c65e959,unknown,0,0,0
0a8215c8976e4518a990972e1c3b7efb,ark/deepseek-v3,701,202,903
0a8215c8976e4518a990972e1c3b7efb,unknown,0,0,0
0a8786252929411c9111ad68322406bb,ark/deepseek-v3,1444,857,2301
0a8786252929411c9111ad68322406bb,unknown,0,0,0
0a8d98fb65a148dfb9825b78be2445ec,ark/deepseek-v3,4420,2081,6501
0a8d98fb65a148dfb9825b78be2445ec,unknown,0,0,0
0a9924a594114fd4b4cf3f80f3f414f1,ark/deepseek-v3,467,98,565
0a9924a594114fd4b4cf3f80f3f414f1,unknown,0,0,0
0a9956c670954ae694fcd390ca5d45dd,ark/deepseek-v3,1284,721,2005
0a9956c670954ae694fcd390ca5d45dd,unknown,0,0,0
0aad3c73b3f74f9fb1d52ef7235b7df1,deepseek-chat,561,221,782
0aad3c73b3f74f9fb1d52ef7235b7df1,unknown,0,0,0
0abc20d7363e407d9422821ae97762d4,ark/deepseek-v3-1,1816,761,2577
0abc20d7363e407d9422821ae97762d4,unknown,0,0,0
0ac19057223f4c2ca6b8c353e46de340,deepseek-chat,1460,575,2035
0ac19057223f4c2ca6b8c353e46de340,unknown,0,0,0
0ac20dd45f00439995220cef4cfa79b6,ark/deepseek-v3,1089,338,1427
0ac20dd45f00439995220cef4cfa79b6,unknown,0,0,0
0ac3c0d0d33e49c899d0fc8c0a5a17f1,ark/deepseek-v3,1064,341,1405
0ac3c0d0d33e49c899d0fc8c0a5a17f1,unknown,0,0,0
0acb48c3f3d1428f9f454f6252147a90,ark/deepseek-v3,1937,376,2313
0acb48c3f3d1428f9f454f6252147a90,unknown,0,0,0
0ad0b5cbc5644473a286f6f5f6a55115,deepseek-chat,0,0,0
0ad0b5cbc5644473a286f6f5f6a55115,unknown,0,0,0
0ae2884d1ba24d5987087fe9f1d8b6e9,deepseek-chat,730,295,1025
0ae2884d1ba24d5987087fe9f1d8b6e9,unknown,0,0,0
0ae75bbc570e4c70a0c7171f0558de9a,deepseek-chat,2737,1213,3950
0ae75bbc570e4c70a0c7171f0558de9a,unknown,0,0,0
0ae952dbb172470cb4376de52a23a376,ark/deepseek-v3,3098,1292,4390
0ae952dbb172470cb4376de52a23a376,unknown,0,0,0
0ae98fcf4831499f8bf789211de1cfef,deepseek-chat,1162,740,1902
0ae98fcf4831499f8bf789211de1cfef,unknown,0,0,0
0aeb02fb2a494c95ae5de599513b75d3,ark/deepseek-v3,5620,1137,6757
0aeb02fb2a494c95ae5de599513b75d3,unknown,0,0,0
0af2468883a1430cac5a15ecd9387067,ark/deepseek-v3,4283,2136,6419
0af2468883a1430cac5a15ecd9387067,unknown,0,0,0
0af46f303ca34a0e899ca934693f4e1b,ark/deepseek-v3,1065,289,1354
0af46f303ca34a0e899ca934693f4e1b,unknown,0,0,0
0afac9071c214d6db64f9c82a0e27191,deepseek-chat,0,0,0
0afac9071c214d6db64f9c82a0e27191,unknown,0,0,0
0affb0c616814b64921cf9faefb00583,deepseek-chat,1406,557,1963
0affb0c616814b64921cf9faefb00583,unknown,0,0,0
0b043c96a8da4ea381fd1747614e7a1c,ark/deepseek-v3,467,91,558
0b043c96a8da4ea381fd1747614e7a1c,unknown,0,0,0
0b1f8892c6694cea8185738a080ffd63,ark/deepseek-v3,2612,282,2894
0b1f8892c6694cea8185738a080ffd63,unknown,0,0,0
0b200fcfd6e34fbdaf877aef21292ed5,deepseek-chat,561,225,786
0b200fcfd6e34fbdaf877aef21292ed5,unknown,0,0,0
0b30701c150147e1b7c1d474593585ee,deepseek-chat,0,0,0
0b30701c150147e1b7c1d474593585ee,unknown,0,0,0
0b31706bb0c04bde91ff7403f389c49f,deepseek-chat,1052,389,1441
0b31706bb0c04bde91ff7403f389c49f,gpt-4.1,1251,315,1566
0b31706bb0c04bde91ff7403f389c49f,unknown,0,0,0
0b343e7d16054ecda6cb36749b9c3573,ark/deepseek-v3,2303,357,2660
0b343e7d16054ecda6cb36749b9c3573,unknown,0,0,0
0b38ecc4a0554ab0bcf0803b8cb7c94c,ark/deepseek-v3-1,982,506,1488
0b38ecc4a0554ab0bcf0803b8cb7c94c,unknown,0,0,0
0b3ff9c0871f4dd6971fc5648d042605,deepseek-chat,932,230,1162
0b3ff9c0871f4dd6971fc5648d042605,gpt-4.1,672,263,935
0b3ff9c0871f4dd6971fc5648d042605,unknown,0,0,0
0b486c16d34043769d5775ed0941819d,ark/deepseek-v3,467,97,564
0b486c16d34043769d5775ed0941819d,unknown,0,0,0
0b4c71680f9643299bc61334657f78fa,deepseek-chat,1470,596,2066
0b4c71680f9643299bc61334657f78fa,unknown,0,0,0
0b4eb602eb3c453eb0832cc525677ec6,deepseek-chat,4318,470,4788
0b4eb602eb3c453eb0832cc525677ec6,unknown,0,0,0
0b55184f47ad47708037305624a531a2,ark/deepseek-v3,0,0,0
0b55184f47ad47708037305624a531a2,unknown,0,0,0
0b5dbb79c6a943aea57b5b167677cf28,ark/deepseek-v3,0,0,0
0b5dbb79c6a943aea57b5b167677cf28,unknown,0,0,0
0b5e0c6b3d1a47518e573e62e929f9a8,deepseek-chat,671,455,1126
0b5e0c6b3d1a47518e573e62e929f9a8,unknown,0,0,0
0b5f7b3605b34f8cb7cd310496030780,deepseek-chat,671,387,1058
0b5f7b3605b34f8cb7cd310496030780,unknown,0,0,0
0b5fc4a9f2b44681a7196cd88b470213,ark/deepseek-v3,14032,2764,16796
0b5fc4a9f2b44681a7196cd88b470213,unknown,0,0,0
0b65d2c93c084012b6393128b72d77bd,deepseek-chat,670,354,1024
0b65d2c93c084012b6393128b72d77bd,unknown,0,0,0
0b6de55a43004724ad27f2d42b0da56c,ark/deepseek-v3,5950,743,6693
0b6de55a43004724ad27f2d42b0da56c,unknown,0,0,0
0b707e84a2654adc8b8289830f4063e5,ark/deepseek-v3-1,3787,1387,5174
0b707e84a2654adc8b8289830f4063e5,unknown,0,0,0
0b71b81d4a904a4a80692388a0fcab83,ark/deepseek-v3,467,99,566
0b71b81d4a904a4a80692388a0fcab83,unknown,0,0,0
0b781aacffa745aea1e3d58039ca1a3e,ark/deepseek-v3,701,176,877
0b781aacffa745aea1e3d58039ca1a3e,unknown,0,0,0
0b84c933263e47649ec36677c51d1360,ark/deepseek-v3,467,102,569
0b84c933263e47649ec36677c51d1360,unknown,0,0,0
0b87c023abe84893b811d076741888a9,deepseek-chat,0,0,0
0b87c023abe84893b811d076741888a9,unknown,0,0,0
0b8cfa99d32b4275bd8e45ae802b6400,ark/deepseek-v3,5436,1301,6737
0b8cfa99d32b4275bd8e45ae802b6400,unknown,0,0,0
0b8d00f87fa5469ba76de3cd53a69aef,deepseek-chat,975,475,1450
0b8d00f87fa5469ba76de3cd53a69aef,unknown,0,0,0
0b947c1865fa4e70946f86416331db99,deepseek-chat,1569,353,1922
0b947c1865fa4e70946f86416331db99,unknown,0,0,0
0b9b0113e95d4347a4ecd2b3cacb479e,deepseek-chat,561,207,768
0b9b0113e95d4347a4ecd2b3cacb479e,unknown,0,0,0
0ba6afd93a114463bf957b1971bcf460,ark/deepseek-v3,2130,1023,3153
0ba6afd93a114463bf957b1971bcf460,unknown,0,0,0
0bab6d1b2d0b4fe293fa435a6bc84397,deepseek-chat,1430,1137,2567
0bab6d1b2d0b4fe293fa435a6bc84397,unknown,0,0,0
0baeb5abfdef4d6cb595a80a1ac6d222,ark/deepseek-v3,467,117,584
0baeb5abfdef4d6cb595a80a1ac6d222,unknown,0,0,0
0bb29e0552324577b2716c69251a6f5d,ark/deepseek-v3,1251,219,1470
0bb29e0552324577b2716c69251a6f5d,unknown,0,0,0
0bb2d4c6e8c4499baf4af2b44b0d4ce7,ark/deepseek-v3,1485,782,2267
0bb2d4c6e8c4499baf4af2b44b0d4ce7,unknown,0,0,0
0bb5416416134f5b805741baf319eef4,deepseek-chat,2124,862,2986
0bb5416416134f5b805741baf319eef4,unknown,0,0,0
0bb9861cd7c542ea85d4c93fb503e058,deepseek-chat,1030,374,1404
0bb9861cd7c542ea85d4c93fb503e058,gpt-4.1,2373,490,2863
0bb9861cd7c542ea85d4c93fb503e058,unknown,0,0,0
0bbe8de1594a4fa5b24739cf324ca2e7,deepseek-chat,2193,880,3073
0bbe8de1594a4fa5b24739cf324ca2e7,unknown,0,0,0
0bd1cdb32d5845509715ac0f95501f45,deepseek-chat,1422,671,2093
0bd1cdb32d5845509715ac0f95501f45,unknown,0,0,0
0bd6e019e2144ad39add22e6233408f8,ark/deepseek-v3-1,4320,598,4918
0bd6e019e2144ad39add22e6233408f8,unknown,0,0,0
0bd85d97d9094cc1a0190591c162d31c,deepseek-chat,8875,1386,10261
0bd85d97d9094cc1a0190591c162d31c,unknown,0,0,0
0be7f91890284a308faff5d003fd3d20,ark/deepseek-v3,1251,215,1466
0be7f91890284a308faff5d003fd3d20,unknown,0,0,0
0beec7e4eca64b5ab537f73618f4a153,ark/deepseek-v3,465,96,561
0beec7e4eca64b5ab537f73618f4a153,unknown,0,0,0
0beed6e3bc4042999ab194386153696f,ark/deepseek-v3,467,84,551
0beed6e3bc4042999ab194386153696f,unknown,0,0,0
0bf21e91ac1f4ec4a63e57fd6b13b680,deepseek-chat,5135,2141,7276
0bf21e91ac1f4ec4a63e57fd6b13b680,unknown,0,0,0
0bf39890bc4e40329f67f9b316875322,ark/deepseek-v3,1065,365,1430
0bf39890bc4e40329f67f9b316875322,unknown,0,0,0
0bfd5a5baf3f4ace97ec5b19576ee43f,ark/deepseek-v3,2399,448,2847
0bfd5a5baf3f4ace97ec5b19576ee43f,unknown,0,0,0
0c0c0ec913d046488010dbe29b6e6080,ark/deepseek-v3,465,102,567
0c0c0ec913d046488010dbe29b6e6080,unknown,0,0,0
0c0dbfaa84fb4d8397f13ebc9d45e4ce,ark/deepseek-v3,465,93,558
0c0dbfaa84fb4d8397f13ebc9d45e4ce,unknown,0,0,0
0c13c39b226748fe8f4d44c9f367278b,ark/deepseek-v3,0,0,0
0c13c39b226748fe8f4d44c9f367278b,unknown,0,0,0
0c1d56167345418f9f7f130a79b6962d,ark/deepseek-v3,1089,343,1432
0c1d56167345418f9f7f130a79b6962d,unknown,0,0,0
0c2efca85caa4cc3ae9c036acf9c3543,ark/deepseek-v3,2170,965,3135
0c2efca85caa4cc3ae9c036acf9c3543,unknown,0,0,0
0c30041145234fe7b24ae315efdd09fc,unknown,0,0,0
0c32651544b84489a2617d80b4b9e7fa,ark/deepseek-v3,701,199,900
0c32651544b84489a2617d80b4b9e7fa,unknown,0,0,0
0c33fa507e4f47ea80408907a2a0a368,ark/deepseek-v3,467,95,562
0c33fa507e4f47ea80408907a2a0a368,unknown,0,0,0
0c5455c94f604e3b865ad60cc3b113d6,ark/deepseek-v3,4261,1706,5967
0c5455c94f604e3b865ad60cc3b113d6,unknown,0,0,0
0c67f17e37724e8db7e54e28a273dd86,deepseek-chat,1843,355,2198
0c67f17e37724e8db7e54e28a273dd86,unknown,0,0,0
0c6d2dca87b347b2b04ac63b8b7161b1,ark/deepseek-v3,467,84,551
0c6d2dca87b347b2b04ac63b8b7161b1,unknown,0,0,0
0c759419e2ab4a73b33eebc329e729a3,deepseek-chat,2228,893,3121
0c759419e2ab4a73b33eebc329e729a3,unknown,0,0,0
0c7b76a1002a4a4eaf976a4a6221bb3b,ark/deepseek-v3-1,2703,940,3643
0c7b76a1002a4a4eaf976a4a6221bb3b,unknown,0,0,0
0c7d06f25ce147fe8bdfdebc4d1b8961,ark/deepseek-v3-1,1405,789,2194
0c7d06f25ce147fe8bdfdebc4d1b8961,unknown,0,0,0
0c7ffcc607a94dc2a7fdc2cfb174dbb3,ark/deepseek-v3,467,85,552
0c7ffcc607a94dc2a7fdc2cfb174dbb3,unknown,0,0,0
0c8b0c537c334e778c0af59b58e5fa41,ark/deepseek-v3,5950,689,6639
0c8b0c537c334e778c0af59b58e5fa41,unknown,0,0,0
0c8de0d1915345c394edf88edf8366bb,deepseek-chat,2602,1086,3688
0c8de0d1915345c394edf88edf8366bb,unknown,0,0,0
0c909cd155df4410ba951fb60edf7094,ark/deepseek-v3,758,101,859
0c909cd155df4410ba951fb60edf7094,unknown,0,0,0
0c9183ce70794dcab7b871c388e824f7,deepseek-chat,561,207,768
0c9183ce70794dcab7b871c388e824f7,unknown,0,0,0
0c9f2da2946a4337880b2f60654a569a,ark/deepseek-v3,6354,798,7152
0c9f2da2946a4337880b2f60654a569a,unknown,0,0,0
0ca3af5e7aa9499fae7e1c23006d116e,deepseek-chat,898,437,1335
0ca3af5e7aa9499fae7e1c23006d116e,unknown,0,0,0
0ca8c356f3644291b34e1f876c06a377,ark/deepseek-v3,1251,239,1490
0ca8c356f3644291b34e1f876c06a377,unknown,0,0,0
0ca9ec8f66a242cb83123546d9511ddb,deepseek-chat,1390,749,2139
0ca9ec8f66a242cb83123546d9511ddb,unknown,0,0,0
0cafa2a0576c48dea5a1d9698e6e9539,ark/deepseek-v3,3143,293,3436
0cafa2a0576c48dea5a1d9698e6e9539,unknown,0,0,0
0cb144c2d3ca4e3d9ef7e5f629d1d8a6,deepseek-chat,9165,3208,12373
0cb144c2d3ca4e3d9ef7e5f629d1d8a6,unknown,0,0,0
0cb4bb40eed84dcab65d421d67dd9360,ark/deepseek-v3,0,0,0
0cb4bb40eed84dcab65d421d67dd9360,unknown,0,0,0
0cbeff5dd2494914ac0bd56bbcd07bd2,ark/deepseek-v3,1251,216,1467
0cbeff5dd2494914ac0bd56bbcd07bd2,unknown,0,0,0
0cc10b23810b4eeb91842c1f755bc888,ark/deepseek-v3,3143,320,3463
0cc10b23810b4eeb91842c1f755bc888,deepseek-chat,4204,90,4294
0cc10b23810b4eeb91842c1f755bc888,unknown,0,0,0
0cd18fd9485c4b9f8bd64743d329472a,ark/deepseek-v3,6650,688,7338
0cd18fd9485c4b9f8bd64743d329472a,unknown,0,0,0
0ce2c79a9b834ed9a93fe8070d73e169,deepseek-chat,561,207,768
0ce2c79a9b834ed9a93fe8070d73e169,unknown,0,0,0
0ce91376d68941babfbe8fdcc43ef2cc,ark/deepseek-v3-1,1405,851,2256
0ce91376d68941babfbe8fdcc43ef2cc,unknown,0,0,0
0cea8ce075c442b3b4d61cd3f679356b,deepseek-chat,670,358,1028
0cea8ce075c442b3b4d61cd3f679356b,unknown,0,0,0
0cefade74a294ceb9eeba6350de95f88,ark/deepseek-v3,701,183,884
0cefade74a294ceb9eeba6350de95f88,unknown,0,0,0
0cf5e3eaaec341ce8a34effd42a657bf,ark/deepseek-v3,6860,1996,8856
0cf5e3eaaec341ce8a34effd42a657bf,gpt-4.1,1293,79,1372
0cf5e3eaaec341ce8a34effd42a657bf,unknown,0,0,0
0cf67c632e5c4aa0adff661a1e36e802,deepseek-chat,2707,1428,4135
0cf67c632e5c4aa0adff661a1e36e802,unknown,0,0,0
0cf80d6dede64f428668f52536649e05,ark/deepseek-v3,1269,590,1859
0cf80d6dede64f428668f52536649e05,unknown,0,0,0
0cfd76fe35b94a69bf5e6b27c9a7e32d,ark/deepseek-v3,6588,1964,8552
0cfd76fe35b94a69bf5e6b27c9a7e32d,gpt-4.1,1302,48,1350
0cfd76fe35b94a69bf5e6b27c9a7e32d,unknown,0,0,0
0d0a1235f2d84d049884282ac2b66c15,ark/deepseek-v3,467,123,590
0d0a1235f2d84d049884282ac2b66c15,unknown,0,0,0
0d0b42cd72f94c1da5fdaa445542cd88,ark/deepseek-v3,32805,7073,39878
0d0b42cd72f94c1da5fdaa445542cd88,unknown,0,0,0
0d15d1ed0f304c6ebb848e71b1cd2691,ark/deepseek-v3,16005,2948,18953
0d15d1ed0f304c6ebb848e71b1cd2691,unknown,0,0,0
0d18766b220f4cc49bdf1ea867520d9b,unknown,0,0,0
0d196413c13f476e998272d881fe2245,ark/deepseek-v3,0,0,0
0d196413c13f476e998272d881fe2245,unknown,0,0,0
0d1ea54e90a24946a78e363f9093ea18,deepseek-chat,2124,1561,3685
0d1ea54e90a24946a78e363f9093ea18,unknown,0,0,0
0d1eea589bd24854b49d307d0caa26c4,deepseek-chat,2712,1232,3944
0d1eea589bd24854b49d307d0caa26c4,unknown,0,0,0
0d2905dc828b43e9a47aef3c4a47e63c,deepseek-chat,905,685,1590
0d2905dc828b43e9a47aef3c4a47e63c,unknown,0,0,0
0d2c3a4c8ccf4bacb90dceed18d558d2,ark/deepseek-v3,4191,1731,5922
0d2c3a4c8ccf4bacb90dceed18d558d2,unknown,0,0,0
0d307ccc3df3437c9ff714aece50e866,deepseek-chat,670,323,993
0d307ccc3df3437c9ff714aece50e866,unknown,0,0,0
0d31c6bc5bc147d494d1abacfb4f728c,unknown,0,0,0
0d38581e4dc94824863f0ffbb4075509,ark/deepseek-v3,1948,946,2894
0d38581e4dc94824863f0ffbb4075509,unknown,0,0,0
0d418fec3a52461f86413f23aaa75491,ark/deepseek-v3,2281,1146,3427
0d418fec3a52461f86413f23aaa75491,unknown,0,0,0
0d539d46b1d348efb46e90b82b020b54,deepseek-chat,2969,1032,4001
0d539d46b1d348efb46e90b82b020b54,unknown,0,0,0
0d6299c42c6540e2afd726d3f2f8fded,deepseek-chat,2576,1641,4217
0d6299c42c6540e2afd726d3f2f8fded,unknown,0,0,0
0d66f903fd3449efa2be717be98c78ef,ark/deepseek-v3,1420,929,2349
0d66f903fd3449efa2be717be98c78ef,unknown,0,0,0
0d6c9bc8a64948fa81e0ba3c031c7f77,ark/deepseek-v3,467,96,563
0d6c9bc8a64948fa81e0ba3c031c7f77,unknown,0,0,0
0d8929ec175a4c5dbfa157044686db1c,ark/deepseek-v3-1,1669,166,1835
0d8929ec175a4c5dbfa157044686db1c,unknown,0,0,0
0d8a937ef6034ae1a88ac9abf74e43c0,deepseek-chat,671,352,1023
0d8a937ef6034ae1a88ac9abf74e43c0,unknown,0,0,0
0d8af26a663f47aaaff9582a2d1db5d6,ark/deepseek-v3-1,1405,971,2376
0d8af26a663f47aaaff9582a2d1db5d6,unknown,0,0,0
0d8bb90823a54965b7f8e89829ef59a8,ark/deepseek-v3,701,199,900
0d8bb90823a54965b7f8e89829ef59a8,unknown,0,0,0
0d8dbdfa21a7485cad6a8ea6acd34c0a,deepseek-chat,3321,1481,4802
0d8dbdfa21a7485cad6a8ea6acd34c0a,unknown,0,0,0
0d9efd4ea2cb46c0825eb76364dbc423,ark/deepseek-v3,1091,242,1333
0d9efd4ea2cb46c0825eb76364dbc423,unknown,0,0,0
0da1131360554560a67dd29ba304417f,ark/deepseek-v3,1064,351,1415
0da1131360554560a67dd29ba304417f,deepseek-chat,6294,62,6356
0da1131360554560a67dd29ba304417f,unknown,0,0,0
0da463c0bc50410f956e22fc7061ac6f,ark/deepseek-v3,1251,217,1468
0da463c0bc50410f956e22fc7061ac6f,unknown,0,0,0
0da980c713b34df8a28925c0adb9a529,ark/deepseek-v3,467,97,564
0da980c713b34df8a28925c0adb9a529,unknown,0,0,0
0dac9149b2f641fb8d8675e5755f7ff0,deepseek-chat,2342,1043,3385
0dac9149b2f641fb8d8675e5755f7ff0,unknown,0,0,0
0daf91bf61ec45c0bb02df921b2aff72,ark/deepseek-v3,0,0,0
0daf91bf61ec45c0bb02df921b2aff72,unknown,0,0,0
0db35e8b560b4cdb842ce7c0fb7c7182,ark/deepseek-v3,6188,1511,7699
0db35e8b560b4cdb842ce7c0fb7c7182,gpt-4.1,1930,124,2054
0db35e8b560b4cdb842ce7c0fb7c7182,unknown,0,0,0
0db38548cc254de3a0bacff96a8aebee,deepseek-chat,1318,315,1633
0db38548cc254de3a0bacff96a8aebee,gpt-4.1,6360,865,7225
0db38548cc254de3a0bacff96a8aebee,unknown,0,0,0
0db5e09230d643438e56b4aea7a4d862,ark/deepseek-v3-1,1405,915,2320
0db5e09230d643438e56b4aea7a4d862,unknown,0,0,0
0dbd3f222e31488ba37fcc48cf285a82,deepseek-chat,967,526,1493
0dbd3f222e31488ba37fcc48cf285a82,unknown,0,0,0
0dc381a94e4e428fb2b10240585ad04c,ark/deepseek-v3,467,108,575
0dc381a94e4e428fb2b10240585ad04c,unknown,0,0,0
0dccd98aedac484cb75c249694ba4f33,ark/deepseek-v3,1455,199,1654
0dccd98aedac484cb75c249694ba4f33,unknown,0,0,0
0dd33872bcf5427c9919178d8d9af404,ark/deepseek-v3,701,176,877
0dd33872bcf5427c9919178d8d9af404,unknown,0,0,0
0dd3c7332e1549c5b41dc93a75e09003,deepseek-chat,2576,1645,4221
0dd3c7332e1549c5b41dc93a75e09003,unknown,0,0,0
0dd4e5da03c748b8b2a38851baef9eb4,ark/deepseek-v3,1455,218,1673
0dd4e5da03c748b8b2a38851baef9eb4,unknown,0,0,0
0dd6ba9087af4a42a4f754e6b4bb64cc,ark/deepseek-v3,487,157,644
0dd6ba9087af4a42a4f754e6b4bb64cc,unknown,0,0,0
0dde948062fc42bb8b8fc5ab141edba9,ark/deepseek-v3,2399,549,2948
0dde948062fc42bb8b8fc5ab141edba9,unknown,0,0,0
0de685acca944e9ebf236694bbb0b412,deepseek-chat,561,207,768
0de685acca944e9ebf236694bbb0b412,unknown,0,0,0
0dea3ebb03d54d2488acf6bc2ba1cfb5,ark/deepseek-v3,6971,1478,8449
0dea3ebb03d54d2488acf6bc2ba1cfb5,unknown,0,0,0
0df6641c26ff44f39eabed702ccb85fe,ark/deepseek-v3,1843,825,2668
0df6641c26ff44f39eabed702ccb85fe,unknown,0,0,0
0dfd7f1307ea461aa391d8980c9108b9,deepseek-chat,671,430,1101
0dfd7f1307ea461aa391d8980c9108b9,unknown,0,0,0
0dfff8c0facf4b62bcc00475cb676a2e,deepseek-chat,1250,330,1580
0dfff8c0facf4b62bcc00475cb676a2e,unknown,0,0,0
0e01401e07a94d21993166b73418acc9,ark/deepseek-v3,2167,1168,3335
0e01401e07a94d21993166b73418acc9,deepseek-chat,7041,375,7416
0e01401e07a94d21993166b73418acc9,unknown,0,0,0
0e050d5415b54a0fa89a11adf3f9e07d,deepseek-chat,2687,1471,4158
0e050d5415b54a0fa89a11adf3f9e07d,unknown,0,0,0
0e0e153a0d32481db563cfc023636b59,ark/deepseek-v3,467,97,564
0e0e153a0d32481db563cfc023636b59,unknown,0,0,0
0e0fbcaf3cc54d0684884afc5fb0aeef,ark/deepseek-v3,1615,468,2083
0e0fbcaf3cc54d0684884afc5fb0aeef,unknown,0,0,0
0e1a326f6c464334973008f389351e7b,deepseek-chat,2430,921,3351
0e1a326f6c464334973008f389351e7b,unknown,0,0,0
0e1b5be4a1af46d1b24243e116482d77,ark/deepseek-v3,1088,362,1450
0e1b5be4a1af46d1b24243e116482d77,unknown,0,0,0
0e1df41e25bc456998de9f5799349f44,ark/deepseek-v3,551,215,766
0e1df41e25bc456998de9f5799349f44,unknown,0,0,0
0e1e0ba0f5824dea9990c051d5590258,ark/deepseek-v3,467,111,578
0e1e0ba0f5824dea9990c051d5590258,unknown,0,0,0
0e2266ff32444cedbdbdb978e321b826,ark/deepseek-v3,1455,204,1659
0e2266ff32444cedbdbdb978e321b826,unknown,0,0,0
0e24eb13711340de9226b508d230cb77,deepseek-chat,2644,906,3550
0e24eb13711340de9226b508d230cb77,unknown,0,0,0
0e2a57f9f76c474184508efd37fd8fa4,deepseek-chat,934,388,1322
0e2a57f9f76c474184508efd37fd8fa4,unknown,0,0,0
0e2e9bfa4abd4bb884df1ce599a38b4c,deepseek-chat,670,339,1009
0e2e9bfa4abd4bb884df1ce599a38b4c,unknown,0,0,0
0e2ede32aeb94fc99ccf4eeb47fa1579,deepseek-chat,1135,431,1566
0e2ede32aeb94fc99ccf4eeb47fa1579,unknown,0,0,0
0e2fe0504f854eadbddc5eba16b62ea5,ark/deepseek-v3,3144,312,3456
0e2fe0504f854eadbddc5eba16b62ea5,unknown,0,0,0
0e30817f48894180a5a0a57f941cc42a,deepseek-chat,2672,1103,3775
0e30817f48894180a5a0a57f941cc42a,unknown,0,0,0
0e35357d1aa046c99d6289114d5c9b92,deepseek-chat,731,264,995
0e35357d1aa046c99d6289114d5c9b92,unknown,0,0,0
0e3676b3c5784f96b3804ccb86e48ceb,ark/deepseek-v3,1039,407,1446
0e3676b3c5784f96b3804ccb86e48ceb,unknown,0,0,0
0e36a3c75144443080a4233779363f1d,deepseek-chat,561,207,768
0e36a3c75144443080a4233779363f1d,unknown,0,0,0
0e393a4c7d964edd996d93097c796686,ark/deepseek-v3,701,198,899
0e393a4c7d964edd996d93097c796686,unknown,0,0,0
0e397daeb9bc440fb2b9ca4a94abac1e,deepseek-chat,561,207,768
0e397daeb9bc440fb2b9ca4a94abac1e,unknown,0,0,0
0e3d5e6ccc914b6ba16384d1f27299c9,ark/deepseek-v3,467,92,559
0e3d5e6ccc914b6ba16384d1f27299c9,unknown,0,0,0
0e40bd245d474491b7cb2f3bbf466d57,deepseek-chat,671,545,1216
0e40bd245d474491b7cb2f3bbf466d57,unknown,0,0,0
0e491bc7ee9740a2b7743322e37a9676,ark/deepseek-v3,467,93,560
0e491bc7ee9740a2b7743322e37a9676,unknown,0,0,0
0e4abf035aa94d1dabcb071ed17f0fa4,ark/deepseek-v3,467,96,563
0e4abf035aa94d1dabcb071ed17f0fa4,unknown,0,0,0
0e50f3b3b09b422e851cc3d729eddfb5,ark/deepseek-v3,1065,343,1408
0e50f3b3b09b422e851cc3d729eddfb5,unknown,0,0,0
0e5160cd39d14983aa1c71a5e61c96b4,ark/deepseek-v3,467,97,564
0e5160cd39d14983aa1c71a5e61c96b4,unknown,0,0,0
0e53c8ca96ed4b3990d810932b5e7111,deepseek-chat,1491,342,1833
0e53c8ca96ed4b3990d810932b5e7111,unknown,0,0,0
0e56995a076a4bb2a635e5e3a89d497c,deepseek-chat,933,231,1164
0e56995a076a4bb2a635e5e3a89d497c,gpt-4.1,673,274,947
0e56995a076a4bb2a635e5e3a89d497c,unknown,0,0,0
0e589882c4b64e2cac43945a6b230396,ark/deepseek-v3,3143,335,3478
0e589882c4b64e2cac43945a6b230396,unknown,0,0,0
0e5b8ccb140f4f3eaefaaac8c540b362,ark/deepseek-v3,695,72,767
0e5b8ccb140f4f3eaefaaac8c540b362,unknown,0,0,0
0e5bdf615e1140d5a6637d4e80519f1c,deepseek-chat,0,0,0
0e5bdf615e1140d5a6637d4e80519f1c,unknown,0,0,0
0e61632746b64c64bc495a5a6a38f5c6,deepseek-chat,1443,398,1841
0e61632746b64c64bc495a5a6a38f5c6,unknown,0,0,0
0e6eaea89b5a4481a2f8a2cb891f7137,ark/deepseek-v3,3548,919,4467
0e6eaea89b5a4481a2f8a2cb891f7137,unknown,0,0,0
0e7d92f36d1f412f8c1c99a12158ae5c,ark/deepseek-v3-1,1405,925,2330
0e7d92f36d1f412f8c1c99a12158ae5c,unknown,0,0,0
0e7f003bc18d439d9d1a01ee21eecc33,deepseek-chat,1031,398,1429
0e7f003bc18d439d9d1a01ee21eecc33,gpt-4.1,1418,360,1778
0e7f003bc18d439d9d1a01ee21eecc33,unknown,0,0,0
0e82d0347568461c8505ac56ee0c5e1f,deepseek-chat,561,207,768
0e82d0347568461c8505ac56ee0c5e1f,unknown,0,0,0
0e8492b3ab384b38aef0e0c8d842d25b,ark/deepseek-v3,2429,123,2552
0e8492b3ab384b38aef0e0c8d842d25b,unknown,0,0,0
0e8c44fbc008481ab32863f3dcdebff5,deepseek-chat,671,461,1132
0e8c44fbc008481ab32863f3dcdebff5,unknown,0,0,0
0e8dd28e72ce499a8048ad034dc894ff,ark/deepseek-v3,3378,1476,4854
0e8dd28e72ce499a8048ad034dc894ff,unknown,0,0,0
0e9204e9ef904a3c9e0bf9e319980ca5,deepseek-chat,0,0,0
0e9204e9ef904a3c9e0bf9e319980ca5,unknown,0,0,0
0e95ba299f76434f80f3a3e0be62eb12,ark/deepseek-v3,467,97,564
0e95ba299f76434f80f3a3e0be62eb12,unknown,0,0,0
0e9aed87bb8f4514a683d33a80caaf1d,ark/deepseek-v3-1,996,362,1358
0e9aed87bb8f4514a683d33a80caaf1d,unknown,0,0,0
0eaaf4ae985543f894d9566eec1a1777,deepseek-chat,870,440,1310
0eaaf4ae985543f894d9566eec1a1777,unknown,0,0,0
0eb47899f8174d449187b1ae7fbe59ce,ark/deepseek-v3,1936,1057,2993
0eb47899f8174d449187b1ae7fbe59ce,unknown,0,0,0
0eba9f0592974a28a28423c3b51fffeb,deepseek-chat,2194,1145,3339
0eba9f0592974a28a28423c3b51fffeb,unknown,0,0,0
0ebfff75f77847ec9fc4d0c276ce252d,deepseek-chat,671,406,1077
0ebfff75f77847ec9fc4d0c276ce252d,unknown,0,0,0
0ec3cc367f07440398c882508c6e872e,ark/deepseek-v3,2396,420,2816
0ec3cc367f07440398c882508c6e872e,unknown,0,0,0
0ecac9b1281b482eab9edffd6a5f2288,ark/deepseek-v3,2940,709,3649
0ecac9b1281b482eab9edffd6a5f2288,unknown,0,0,0
0ecfdedea5e049ca844b36410a16f6f0,ark/deepseek-v3,1455,213,1668
0ecfdedea5e049ca844b36410a16f6f0,unknown,0,0,0
0ed00aace2604b54af4971353f97eb6a,ark/deepseek-v3,171,1185,1356
0ed00aace2604b54af4971353f97eb6a,unknown,0,0,0
0ed21ddc9b8647cd89d37c3cd84add52,deepseek-chat,5189,1501,6690
0ed21ddc9b8647cd89d37c3cd84add52,unknown,0,0,0
0ed3373caef44e478d4c6d15d450bca4,ark/deepseek-v3,1509,748,2257
0ed3373caef44e478d4c6d15d450bca4,deepseek-chat,6155,328,6483
0ed3373caef44e478d4c6d15d450bca4,unknown,0,0,0
0ed86f1a60044d1ca7b882c76e1a7f24,ark/deepseek-v3,1837,355,2192
0ed86f1a60044d1ca7b882c76e1a7f24,unknown,0,0,0
0eda93df66874f5184c99029b5e7ffaa,ark/deepseek-v3,3143,287,3430
0eda93df66874f5184c99029b5e7ffaa,unknown,0,0,0
0edb84146dfa411c932927743f45b08c,ark/deepseek-v3,467,97,564
0edb84146dfa411c932927743f45b08c,unknown,0,0,0
0ee913e349f449b1b812161cc70fadeb,deepseek-chat,2420,900,3320
0ee913e349f449b1b812161cc70fadeb,unknown,0,0,0
0ee9cdae44f84fb4b6b27f0b262380fa,deepseek-chat,0,0,0
0ee9cdae44f84fb4b6b27f0b262380fa,unknown,0,0,0
0eebafffa3b842cd9243d7af6ac11602,deepseek-chat,6035,1693,7728
0eebafffa3b842cd9243d7af6ac11602,unknown,0,0,0
0efd04ff198f42cbb8b49b23ec69f66c,ark/deepseek-v3,6549,1747,8296
0efd04ff198f42cbb8b49b23ec69f66c,gpt-4.1,644,25,669
0efd04ff198f42cbb8b49b23ec69f66c,unknown,0,0,0
0efd3e4e8f7c488090d06711dc26e826,deepseek-chat,750,312,1062
0efd3e4e8f7c488090d06711dc26e826,unknown,0,0,0
0efead3504a441c3820191e0d15ee21a,ark/deepseek-v3,3444,1473,4917
0efead3504a441c3820191e0d15ee21a,unknown,0,0,0
0f003d611f0040b5a9851fee221a4cdb,deepseek-chat,2186,1224,3410
0f003d611f0040b5a9851fee221a4cdb,unknown,0,0,0
0f0368387bb24a84b590ee997e68a568,gpt-4o,5543,440,5983
0f0368387bb24a84b590ee997e68a568,unknown,0,0,0
0f06450e66a5444ab6d2d051a4abe45a,deepseek-chat,0,0,0
0f06450e66a5444ab6d2d051a4abe45a,unknown,0,0,0
0f0e7a7c70ad4038b005bdc379dee284,deepseek-chat,932,230,1162
0f0e7a7c70ad4038b005bdc379dee284,gpt-4.1,672,246,918
0f0e7a7c70ad4038b005bdc379dee284,unknown,0,0,0
0f1a972bc7ff48d8b4118b82f8412b28,deepseek-chat,561,207,768
0f1a972bc7ff48d8b4118b82f8412b28,unknown,0,0,0
0f1a9b2f62ce41be956a3d0cc25d1715,deepseek-chat,658,332,990
0f1a9b2f62ce41be956a3d0cc25d1715,unknown,0,0,0
0f1aa35da23b4ab48131e753b56892f5,ark/deepseek-v3,1845,586,2431
0f1aa35da23b4ab48131e753b56892f5,unknown,0,0,0
0f1ff4c15f704d17ae475a5794a7f9cf,deepseek-chat,671,476,1147
0f1ff4c15f704d17ae475a5794a7f9cf,unknown,0,0,0
0f209f25f16b4966aa7f21cd3ce17dc9,ark/deepseek-v3,0,0,0
0f209f25f16b4966aa7f21cd3ce17dc9,unknown,0,0,0
0f3702f294a84c578ee271c0ea0998a4,ark/deepseek-v3,1509,717,2226
0f3702f294a84c578ee271c0ea0998a4,unknown,0,0,0
0f386290cb0e43ce86dc6a6b685348ee,ark/deepseek-v3,1455,229,1684
0f386290cb0e43ce86dc6a6b685348ee,unknown,0,0,0
0f3a258ef59b4e198046e2e1815de5fc,ark/deepseek-v3,467,91,558
0f3a258ef59b4e198046e2e1815de5fc,unknown,0,0,0
0f3ddc1e450546fdacfc240b56d47e51,deepseek-chat,846,396,1242
0f3ddc1e450546fdacfc240b56d47e51,unknown,0,0,0
0f4d6ad34c3b4573acafa4282093c859,ark/deepseek-v3,467,94,561
0f4d6ad34c3b4573acafa4282093c859,unknown,0,0,0
0f4e6f4969f44fcf9f117bfc39e5351a,ark/deepseek-v3,7595,1966,9561
0f4e6f4969f44fcf9f117bfc39e5351a,deepseek-chat,13737,744,14481
0f4e6f4969f44fcf9f117bfc39e5351a,gpt-4.1,678,26,704
0f4e6f4969f44fcf9f117bfc39e5351a,unknown,0,0,0
0f626cf53b2f47e4867e9f88a491f13b,deepseek-chat,3966,1486,5452
0f626cf53b2f47e4867e9f88a491f13b,gpt-4.1,3379,1141,4520
0f626cf53b2f47e4867e9f88a491f13b,unknown,0,0,0
0f6323deb998412e9fb4ac50ea5857ca,deepseek-chat,671,350,1021
0f6323deb998412e9fb4ac50ea5857ca,unknown,0,0,0
0f650dec48a64bb4bb781f2c7a3dd52f,deepseek-chat,1387,610,1997
0f650dec48a64bb4bb781f2c7a3dd52f,unknown,0,0,0
0f6ad73735544b0fa1d23f6846f6e671,unknown,0,0,0
0f6ccdee624847e893832fd60a7b218b,deepseek-chat,810,359,1169
0f6ccdee624847e893832fd60a7b218b,unknown,0,0,0
0f702d4076d64d17897a8b401a0ab084,deepseek-chat,2636,1682,4318
0f702d4076d64d17897a8b401a0ab084,unknown,0,0,0
0f762a70649b47fd853fdddf5124d774,ark/deepseek-v3,2213,303,2516
0f762a70649b47fd853fdddf5124d774,unknown,0,0,0
0f7bca7239f14ed8b2555faff74883ca,deepseek-chat,2174,812,2986
0f7bca7239f14ed8b2555faff74883ca,unknown,0,0,0
0f7c154911ca4325a577c0cec651215f,ark/deepseek-v3,467,94,561
0f7c154911ca4325a577c0cec651215f,unknown,0,0,0
0f7fd68acab24652b6b98233770f1a5b,deepseek-chat,2028,729,2757
0f7fd68acab24652b6b98233770f1a5b,unknown,0,0,0
0f80649339124a06a7943be260f0eafb,ark/deepseek-v3,467,93,560
0f80649339124a06a7943be260f0eafb,unknown,0,0,0
0f872d99b7f449da8834bbd1e6a0f1aa,ark/deepseek-v3-1,2467,1718,4185
0f872d99b7f449da8834bbd1e6a0f1aa,gpt-4.1,3637,570,4207
0f872d99b7f449da8834bbd1e6a0f1aa,unknown,0,0,0
0f89687893214898864c94b99bc6f890,deepseek-chat,2842,1151,3993
0f89687893214898864c94b99bc6f890,unknown,0,0,0
0f8ca9245b194a59a7d55c53c4e3df4b,deepseek-chat,1392,432,1824
0f8ca9245b194a59a7d55c53c4e3df4b,unknown,0,0,0
0f928a809fab4eef9c189cf1cd6a41aa,ark/deepseek-v3-1,1824,740,2564
0f928a809fab4eef9c189cf1cd6a41aa,unknown,0,0,0
0f95c63d3a9b4852a2be11407deb665a,ark/deepseek-v3,1921,912,2833
0f95c63d3a9b4852a2be11407deb665a,unknown,0,0,0
0f97349a3388496e81f9908ad52976e2,ark/deepseek-v3,1251,241,1492
0f97349a3388496e81f9908ad52976e2,unknown,0,0,0
0f9ded580d524f56b73c11f59ca3d545,deepseek-chat,3679,1815,5494
0f9ded580d524f56b73c11f59ca3d545,unknown,0,0,0
0f9ef7d2e1c84d55aa62405d1e4be9e4,deepseek-chat,561,207,768
0f9ef7d2e1c84d55aa62405d1e4be9e4,unknown,0,0,0
0fa820cb3bf145ffbdebbc0cc89cc17c,deepseek-chat,1030,389,1419
0fa820cb3bf145ffbdebbc0cc89cc17c,gpt-4.1,940,27,967
0fa820cb3bf145ffbdebbc0cc89cc17c,unknown,0,0,0
0fa8861cb5194ff2987a43b0de573fed,deepseek-chat,671,394,1065
0fa8861cb5194ff2987a43b0de573fed,unknown,0,0,0
0fb2b3f1bf4e45eaa7694b2f1c0edc54,ark/deepseek-v3,5736,1387,7123
0fb2b3f1bf4e45eaa7694b2f1c0edc54,unknown,0,0,0
0fb74b15231b446d80f275b145beb52f,ark/deepseek-v3,1455,204,1659
0fb74b15231b446d80f275b145beb52f,unknown,0,0,0
0fb85717877e4079b59d617ba7bae583,ark/deepseek-v3,3145,295,3440
0fb85717877e4079b59d617ba7bae583,unknown,0,0,0
0fbf5e6d4891434fa5995ab4cd7bf71b,ark/deepseek-v3,701,171,872
0fbf5e6d4891434fa5995ab4cd7bf71b,unknown,0,0,0
0fcb44e5534340cd8eb2abb922e0fd66,deepseek-chat,1439,709,2148
0fcb44e5534340cd8eb2abb922e0fd66,unknown,0,0,0
0fd8c8983d1a4ae693211c53509a5707,ark/deepseek-v3,1747,806,2553
0fd8c8983d1a4ae693211c53509a5707,unknown,0,0,0
0fdce1bfc7cd42e98bc5b1f6b0dbaa00,deepseek-chat,2161,726,2887
0fdce1bfc7cd42e98bc5b1f6b0dbaa00,unknown,0,0,0
0fe1b6fcc9ec4221a0d3bcff04ff7616,ark/kimi-k2,596,47,643
0fe1b6fcc9ec4221a0d3bcff04ff7616,unknown,0,0,0
0fe5f7d4a7ea47e693e24c08c8120dc3,deepseek-chat,670,356,1026
0fe5f7d4a7ea47e693e24c08c8120dc3,unknown,0,0,0
0fe75e6bc1d84bf4b58595c2a08423d3,ark/deepseek-v3,0,0,0
0fe75e6bc1d84bf4b58595c2a08423d3,unknown,0,0,0
0fe92ba8ae8b443e8c3754102a2e2175,deepseek-chat,1054,419,1473
0fe92ba8ae8b443e8c3754102a2e2175,gpt-4.1,943,30,973
0fe92ba8ae8b443e8c3754102a2e2175,unknown,0,0,0
0feeaec2be1e4ed88d52edd99a8bad74,deepseek-chat,9175,1209,10384
0feeaec2be1e4ed88d52edd99a8bad74,unknown,0,0,0
0feeff17139748e1b8f92102ebaabd70,ark/deepseek-v3,467,96,563
0feeff17139748e1b8f92102ebaabd70,unknown,0,0,0
0ff5a130c8da45668600009906e280bc,ark/deepseek-v3,6120,1726,7846
0ff5a130c8da45668600009906e280bc,gpt-4.1,640,21,661
0ff5a130c8da45668600009906e280bc,unknown,0,0,0
0ffa7d78399e46cc94598b13a2c78629,deepseek-chat,2222,1013,3235
0ffa7d78399e46cc94598b13a2c78629,unknown,0,0,0
0fffab79a9f34768a1c424bf266b8229,deepseek-chat,2336,1010,3346
0fffab79a9f34768a1c424bf266b8229,gpt-4.1,2622,734,3356
0fffab79a9f34768a1c424bf266b8229,unknown,0,0,0
10028b2c0bf2467a843625294783a41b,ark/deepseek-v3,465,90,555
10028b2c0bf2467a843625294783a41b,unknown,0,0,0
10065b0e69a74979965de05195514157,ark/deepseek-v3,467,89,556
10065b0e69a74979965de05195514157,unknown,0,0,0
10065e8a59844c77a2198af3f9ca8e9f,ark/deepseek-v3,0,0,0
10065e8a59844c77a2198af3f9ca8e9f,unknown,0,0,0
100721171b1c4a1c9b9ba6385e16dff5,ark/deepseek-v3,3143,323,3466
100721171b1c4a1c9b9ba6385e16dff5,unknown,0,0,0
100ba9f371c34123b17b5ec64505baa7,ark/deepseek-v3,1837,322,2159
100ba9f371c34123b17b5ec64505baa7,unknown,0,0,0
100bfda2bf524bc882807aa9bcdd8833,ark/deepseek-v3,14031,2877,16908
100bfda2bf524bc882807aa9bcdd8833,unknown,0,0,0
101c6d2f032c485c8ecb92e4639fb66d,ark/deepseek-v3,701,178,879
101c6d2f032c485c8ecb92e4639fb66d,unknown,0,0,0
102313a6c672454686f10269b9861add,deepseek-chat,670,319,989
102313a6c672454686f10269b9861add,gpt-4.1,943,80,1023
102313a6c672454686f10269b9861add,unknown,0,0,0
10289a3c120045a5ac18de198ecbb3cc,ark/deepseek-v3-1,3024,767,3791
10289a3c120045a5ac18de198ecbb3cc,unknown,0,0,0
1029b718dd6042b5ad89fdc0380687c9,deepseek-chat,918,350,1268
1029b718dd6042b5ad89fdc0380687c9,unknown,0,0,0
102bd879ee894936bb9732462aadf415,ark/deepseek-v3,3661,573,4234
102bd879ee894936bb9732462aadf415,unknown,0,0,0
103ce85328294e77b154f7c0d017d482,ark/deepseek-v3,1517,861,2378
103ce85328294e77b154f7c0d017d482,unknown,0,0,0
1045779c49e94014ae488d8348ef9947,ark/deepseek-v3,670,252,922
1045779c49e94014ae488d8348ef9947,unknown,0,0,0
104fd9cf5434477a954624a104e8a8ae,ark/deepseek-v3,1455,177,1632
104fd9cf5434477a954624a104e8a8ae,unknown,0,0,0
105284a32a354819b6ac6d14f24ab115,ark/deepseek-v3,701,175,876
105284a32a354819b6ac6d14f24ab115,unknown,0,0,0
10578dde8311425f913e9bea4a843835,deepseek-chat,1963,661,2624
10578dde8311425f913e9bea4a843835,unknown,0,0,0
1058339a3d624da2bf855e829680e19b,ark/deepseek-v3,1105,328,1433
1058339a3d624da2bf855e829680e19b,unknown,0,0,0
1058ee3d405d4f3abdaff68efd7a6fcf,ark/deepseek-v3,2307,305,2612
1058ee3d405d4f3abdaff68efd7a6fcf,unknown,0,0,0
10599d8a22f84b589b49bd32f26b3be7,deepseek-chat,670,283,953
10599d8a22f84b589b49bd32f26b3be7,unknown,0,0,0
105d937579944681a964692ac165b1e0,ark/deepseek-v3,6342,980,7322
105d937579944681a964692ac165b1e0,unknown,0,0,0
105ee92c3faf4954a762ec383d400464,ark/deepseek-v3-1,1405,788,2193
105ee92c3faf4954a762ec383d400464,unknown,0,0,0
1067a96662eb4b46bd3bdf58185984d1,deepseek-chat,723,252,975
1067a96662eb4b46bd3bdf58185984d1,unknown,0,0,0
10686173039742ed8259df30acd6b9ff,deepseek-chat,658,359,1017
10686173039742ed8259df30acd6b9ff,unknown,0,0,0
10695955772245e9a1efd196cef166fc,deepseek-chat,671,346,1017
10695955772245e9a1efd196cef166fc,unknown,0,0,0
106f3894ca8745a7938df926d590b53f,deepseek-chat,697,216,913
106f3894ca8745a7938df926d590b53f,unknown,0,0,0
1072b8cec355422cb0971a72c017df51,deepseek-chat,670,329,999
1072b8cec355422cb0971a72c017df51,unknown,0,0,0
1076c56dd15b45ac980483f51cea01d4,ark/deepseek-v3-1,3807,1335,5142
1076c56dd15b45ac980483f51cea01d4,unknown,0,0,0
107bec3f4892473ebdf9d310e2e35b1c,deepseek-chat,1028,471,1499
107bec3f4892473ebdf9d310e2e35b1c,unknown,0,0,0
107bf85c6b26453aa2bb4ab7872343d7,deepseek-chat,670,339,1009
107bf85c6b26453aa2bb4ab7872343d7,unknown,0,0,0
107de33fa77a4ecab46e4d7063680cfd,deepseek-chat,670,318,988
107de33fa77a4ecab46e4d7063680cfd,gpt-4.1,943,93,1036
107de33fa77a4ecab46e4d7063680cfd,unknown,0,0,0
1080376778664a5aa23582a593eb80c7,deepseek-chat,2234,810,3044
1080376778664a5aa23582a593eb80c7,unknown,0,0,0
1083c118b8ae439697021a75adf41855,ark/deepseek-v3,5299,827,6126
1083c118b8ae439697021a75adf41855,unknown,0,0,0
1086d027b1ad4bbf8661fd1757fc533d,deepseek-chat,1336,543,1879
1086d027b1ad4bbf8661fd1757fc533d,unknown,0,0,0
108b7849c4d74e12ba647bc71861ed0a,deepseek-chat,561,205,766
108b7849c4d74e12ba647bc71861ed0a,unknown,0,0,0
1091ef05ccd94ed48e7e4c0658b5b107,ark/deepseek-v3,2305,356,2661
1091ef05ccd94ed48e7e4c0658b5b107,unknown,0,0,0
109761f77b1042f29acce97cefc48b90,ark/deepseek-v3,13446,2781,16227
109761f77b1042f29acce97cefc48b90,unknown,0,0,0
10ab66c8ee3646b8b77958b607ba8885,ark/deepseek-v3,2399,466,2865
10ab66c8ee3646b8b77958b607ba8885,unknown,0,0,0
10b0e878e5b443b1b7b0e69373ac0abc,ark/deepseek-v3,2723,1580,4303
10b0e878e5b443b1b7b0e69373ac0abc,unknown,0,0,0
10b2b779bee049e5a55dafdf8669f7c1,ark/deepseek-v3,701,182,883
10b2b779bee049e5a55dafdf8669f7c1,unknown,0,0,0
10b4821010f645d3886999b3eaf107d7,deepseek-chat,903,484,1387
10b4821010f645d3886999b3eaf107d7,unknown,0,0,0
10bdd7f17f814209853f66a8765aec90,ark/deepseek-v3,1455,227,1682
10bdd7f17f814209853f66a8765aec90,unknown,0,0,0
10cbb2c24a004059b1a26e8141f27456,deepseek-chat,890,407,1297
10cbb2c24a004059b1a26e8141f27456,unknown,0,0,0
10d8c7b6451948f8bd986ff09b219cae,ark/deepseek-v3,4505,349,4854
10d8c7b6451948f8bd986ff09b219cae,deepseek-chat,4905,123,5028
10d8c7b6451948f8bd986ff09b219cae,unknown,0,0,0
10dff20d7fea4027bb84006bab6ac282,ark/deepseek-v3,1837,395,2232
10dff20d7fea4027bb84006bab6ac282,unknown,0,0,0
10e18d54cc2f4f5db32cf49bdd82b728,deepseek-chat,671,465,1136
10e18d54cc2f4f5db32cf49bdd82b728,unknown,0,0,0
10e798132ab7441b93e27882ca9a3dde,ark/deepseek-v3,1088,380,1468
10e798132ab7441b93e27882ca9a3dde,unknown,0,0,0
10eb9a38432d4943b0e1dd89b69cc27f,deepseek-chat,1052,395,1447
10eb9a38432d4943b0e1dd89b69cc27f,gpt-4.1,940,27,967
10eb9a38432d4943b0e1dd89b69cc27f,unknown,0,0,0
10f2215e5d33435786f51ddc50926330,ark/deepseek-v3,5974,785,6759
10f2215e5d33435786f51ddc50926330,unknown,0,0,0
10ffa24d971d41c4811a5da252cae709,ark/deepseek-v3,467,85,552
10ffa24d971d41c4811a5da252cae709,unknown,0,0,0
11057a2120b34e99a5768cbec1f2bb66,ark/deepseek-v3,2412,496,2908
11057a2120b34e99a5768cbec1f2bb66,unknown,0,0,0
110af3bf082b41278c9a27b6b97faab6,deepseek-chat,561,207,768
110af3bf082b41278c9a27b6b97faab6,unknown,0,0,0
110c4b9bebb14c43a093f3714fab7dbd,ark/deepseek-v3,1831,723,2554
110c4b9bebb14c43a093f3714fab7dbd,unknown,0,0,0
110e1028a5a54353bb4e3dc3f60b7f9f,ark/deepseek-v3,467,126,593
110e1028a5a54353bb4e3dc3f60b7f9f,unknown,0,0,0
1111d38a529a472da62790d0efa00f94,ark/deepseek-v3,3074,306,3380
1111d38a529a472da62790d0efa00f94,unknown,0,0,0
111fb15a803a460c8b2cd0fa362daa6c,unknown,0,0,0
11252aa2ea9d46ab9b5876d0bab282eb,deepseek-chat,561,206,767
11252aa2ea9d46ab9b5876d0bab282eb,unknown,0,0,0
1125ec0db4db49c9aed3ef2cd9538469,ark/deepseek-v3,1455,220,1675
1125ec0db4db49c9aed3ef2cd9538469,unknown,0,0,0
112a8b64a1814ac88fe97a69a768fd47,ark/deepseek-v3,833,104,937
112a8b64a1814ac88fe97a69a768fd47,unknown,0,0,0
11302c82517d4f8eb94d5133c0253db4,deepseek-chat,670,309,979
11302c82517d4f8eb94d5133c0253db4,unknown,0,0,0
113605a03e654ad3a9c6bc0cbdd990b6,ark/deepseek-v3-1,1405,733,2138
113605a03e654ad3a9c6bc0cbdd990b6,unknown,0,0,0
1139a18702aa4ff8a7884ea5ddb35300,ark/deepseek-v3,2303,436,2739
1139a18702aa4ff8a7884ea5ddb35300,unknown,0,0,0
113c97bccde9473c849a2fbed105919b,ark/deepseek-v3,701,198,899
113c97bccde9473c849a2fbed105919b,unknown,0,0,0
113d304351bf4c8e9890c071b4951829,ark/deepseek-v3-1,1749,1020,2769
113d304351bf4c8e9890c071b4951829,unknown,0,0,0
1141fb252b4b4d8fbb63b6bd0fdc9200,ark/deepseek-v3-1,6632,1404,8036
1141fb252b4b4d8fbb63b6bd0fdc9200,unknown,0,0,0
114e6ec656c842ee8ad0c7c67adf694c,gpt-4o-mini,4315,714,5029
114e6ec656c842ee8ad0c7c67adf694c,unknown,0,0,0
114fb6a1cf124446acfcbc7d489f586a,ark/deepseek-v3,8488,1741,10229
114fb6a1cf124446acfcbc7d489f586a,unknown,0,0,0
1159aefbe83f4a6fbc23599f182bedb9,ark/deepseek-v3,727,300,1027
1159aefbe83f4a6fbc23599f182bedb9,unknown,0,0,0
1165be6c4d344ce18a70138d93e940d4,deepseek-chat,0,0,0
1165be6c4d344ce18a70138d93e940d4,unknown,0,0,0
116ff06abdae4df1bff94968ae5184f1,deepseek-chat,2189,744,2933
116ff06abdae4df1bff94968ae5184f1,unknown,0,0,0
11739ee237cd451fb46606e88fe8cc6c,ark/deepseek-v3,701,199,900
11739ee237cd451fb46606e88fe8cc6c,unknown,0,0,0
117f2530f6fb408a8214e4c6aa0258b7,ark/deepseek-v3,467,90,557
117f2530f6fb408a8214e4c6aa0258b7,unknown,0,0,0
11821a61647d4580aee350378af3bee7,ark/deepseek-v3,467,97,564
11821a61647d4580aee350378af3bee7,unknown,0,0,0
118901faedc04a469680bbdeddb302a3,deepseek-chat,0,0,0
118901faedc04a469680bbdeddb302a3,unknown,0,0,0
118ffd493bba41fb9aad7f6aa0872de4,ark/deepseek-v3,9604,1737,11341
118ffd493bba41fb9aad7f6aa0872de4,unknown,0,0,0
1191595fdcfd4c5cad19017619abaece,ark/deepseek-v3,1192,680,1872
1191595fdcfd4c5cad19017619abaece,unknown,0,0,0
11933a5ff5714a7d8cd0c4a80bf8c4bd,ark/deepseek-v3-1,1405,782,2187
11933a5ff5714a7d8cd0c4a80bf8c4bd,unknown,0,0,0
119f71599606477f9d88f9403e97fd4d,deepseek-chat,822,307,1129
119f71599606477f9d88f9403e97fd4d,unknown,0,0,0
11a4d2c620854868ad24078739ff7295,unknown,0,0,0
11a9382fefd54b409660a28f3a262474,ark/deepseek-v3,1455,195,1650
11a9382fefd54b409660a28f3a262474,unknown,0,0,0
11ac51a6060f409d8971271699900ac6,ark/deepseek-v3,669,99,768
11ac51a6060f409d8971271699900ac6,unknown,0,0,0
11c1df8d16aa43038322f7914568fa5e,deepseek-chat,972,360,1332
11c1df8d16aa43038322f7914568fa5e,unknown,0,0,0
11c1fb25f362484db6426a03778335a0,ark/deepseek-v3,758,109,867
11c1fb25f362484db6426a03778335a0,unknown,0,0,0
11c2e433cc434f2b98ee1732ef57b1e7,deepseek-chat,671,346,1017
11c2e433cc434f2b98ee1732ef57b1e7,unknown,0,0,0
11d57335278d4179a98934be583d1f80,ark/deepseek-v3,1550,685,2235
11d57335278d4179a98934be583d1f80,unknown,0,0,0
11d64d0cbd2649b99a24731b5d3b83e5,deepseek-chat,0,0,0
11d64d0cbd2649b99a24731b5d3b83e5,unknown,0,0,0
11d6a210d77b480f920059265d88200b,ark/deepseek-v3,1937,361,2298
11d6a210d77b480f920059265d88200b,unknown,0,0,0
11dce8fb5b6d4302a8b61f2dc51b0f34,deepseek-chat,0,0,0
11dce8fb5b6d4302a8b61f2dc51b0f34,unknown,0,0,0
11e3c590f9864cd3843876c681d11cdf,deepseek-chat,2298,1072,3370
11e3c590f9864cd3843876c681d11cdf,unknown,0,0,0
11e681e1e87a4c04b6409369aaee46f3,ark/deepseek-v3,5268,2324,7592
11e681e1e87a4c04b6409369aaee46f3,unknown,0,0,0
11eb72152c934dd59bef3e1192fd3cda,ark/deepseek-v3,467,98,565
11eb72152c934dd59bef3e1192fd3cda,unknown,0,0,0
11ee725f481b4d298280c174259d188f,deepseek-chat,7358,918,8276
11ee725f481b4d298280c174259d188f,gpt-4.1,3155,545,3700
11ee725f481b4d298280c174259d188f,unknown,0,0,0
11f557977c42437cb3afb9815cbf619e,ark/deepseek-v3,701,202,903
11f557977c42437cb3afb9815cbf619e,unknown,0,0,0
12069c5ccc154e50b77f4080f56a6703,deepseek-chat,1044,512,1556
12069c5ccc154e50b77f4080f56a6703,unknown,0,0,0
120c6e52ecdc493e9000573c52c26519,deepseek-chat,5074,923,5997
120c6e52ecdc493e9000573c52c26519,unknown,0,0,0
121507bb58a14a8ab7abb800c21a8b3d,deepseek-chat,670,314,984
121507bb58a14a8ab7abb800c21a8b3d,unknown,0,0,0
121a09784a564fc990913fb55d4d9da2,ark/deepseek-v3,0,0,0
121a09784a564fc990913fb55d4d9da2,unknown,0,0,0
122aafb6fdbe41c9a4112a2cbfdfc48a,ark/deepseek-v3,1089,307,1396
122aafb6fdbe41c9a4112a2cbfdfc48a,unknown,0,0,0
1230c14ccfe74dddb6df139abce38e81,ark/deepseek-v3,1089,288,1377
1230c14ccfe74dddb6df139abce38e81,unknown,0,0,0
1231a3805f5c4ad497f20192505dfb7e,deepseek-chat,561,207,768
1231a3805f5c4ad497f20192505dfb7e,unknown,0,0,0
123302add42641dc8c10a55e8e26d4ea,deepseek-chat,1304,304,1608
123302add42641dc8c10a55e8e26d4ea,gpt-4.1,1606,351,1957
123302add42641dc8c10a55e8e26d4ea,unknown,0,0,0
123fc2baff76433d9452d61cb0665426,ark/deepseek-v3,2401,487,2888
123fc2baff76433d9452d61cb0665426,unknown,0,0,0
12431806e00845a1a797ae0b10faa8aa,ark/deepseek-v3-1,2744,999,3743
12431806e00845a1a797ae0b10faa8aa,unknown,0,0,0
124e93e26c0943e6b9a79c85072932f3,ark/deepseek-v3,2343,1553,3896
124e93e26c0943e6b9a79c85072932f3,unknown,0,0,0
1252b752f72f4c17b2d5e566045469bd,ark/deepseek-v3,1455,204,1659
1252b752f72f4c17b2d5e566045469bd,unknown,0,0,0
1252e7c5f1364cf38858010a6512a549,ark/deepseek-v3,0,0,0
1252e7c5f1364cf38858010a6512a549,unknown,0,0,0
12546becc89c4b94a8a0a076745e3cd0,ark/deepseek-v3,467,92,559
12546becc89c4b94a8a0a076745e3cd0,unknown,0,0,0
125bc42b4a444eaba15e176d3fe278cd,ark/deepseek-v3,758,98,856
125bc42b4a444eaba15e176d3fe278cd,unknown,0,0,0
125c50bc676b4b3e8abea84f6252ea02,deepseek-chat,5049,1941,6990
125c50bc676b4b3e8abea84f6252ea02,gpt-4.1,3395,827,4222
125c50bc676b4b3e8abea84f6252ea02,unknown,0,0,0
125fffeeba494450894a5a5157dbef6d,ark/deepseek-v3,758,117,875
125fffeeba494450894a5a5157dbef6d,unknown,0,0,0
1264faa8951c49daa350dabc83091f76,ark/deepseek-v3-1,1830,778,2608
1264faa8951c49daa350dabc83091f76,deepseek-chat,2920,1726,4646
1264faa8951c49daa350dabc83091f76,unknown,0,0,0
1275c636928e4d64949310e981df4c49,deepseek-chat,424,82,506
1275c636928e4d64949310e981df4c49,unknown,0,0,0
1279b92e3ca44d95b4a30eed5643d5e5,ark/deepseek-v3,2873,477,3350
1279b92e3ca44d95b4a30eed5643d5e5,unknown,0,0,0
1292e0a747e64b71beebee625e684a91,ark/deepseek-v3,0,0,0
1292e0a747e64b71beebee625e684a91,unknown,0,0,0
1297d78488604efba7a55473f4662139,deepseek-chat,2632,1211,3843
1297d78488604efba7a55473f4662139,unknown,0,0,0
129a877b634046bca9d1bafcf90c11c7,deepseek-chat,671,347,1018
129a877b634046bca9d1bafcf90c11c7,unknown,0,0,0
129eb5dd2a4d434ca7a85ae65a5e3590,deepseek-chat,671,427,1098
129eb5dd2a4d434ca7a85ae65a5e3590,unknown,0,0,0
129fa330913b461b83aeb73524e83ee4,deepseek-chat,683,217,900
129fa330913b461b83aeb73524e83ee4,unknown,0,0,0
12a14d488a5d424b897ec9d05edeeec9,ark/deepseek-v3,3144,293,3437
12a14d488a5d424b897ec9d05edeeec9,unknown,0,0,0
12af059411ac4bff886869f0c6737df4,ark/deepseek-v3,701,175,876
12af059411ac4bff886869f0c6737df4,unknown,0,0,0
12b292831b594d18bae3692032178f54,deepseek-chat,1045,374,1419
12b292831b594d18bae3692032178f54,gpt-4.1,1420,298,1718
12b292831b594d18bae3692032178f54,unknown,0,0,0
12c29b9d491a46d0af68ed92ceb2bf74,ark/deepseek-v3-1,725,4585,5310
12c29b9d491a46d0af68ed92ceb2bf74,unknown,0,0,0
12c6cb5ba13548608edb6964202ea791,deepseek-chat,670,342,1012
12c6cb5ba13548608edb6964202ea791,unknown,0,0,0
12c8081bde1343b691fcd59d13a30cfa,deepseek-chat,561,207,768
12c8081bde1343b691fcd59d13a30cfa,unknown,0,0,0
12d123d66d934ad79518ba23505e169e,ark/deepseek-v3,1455,217,1672
12d123d66d934ad79518ba23505e169e,unknown,0,0,0
12d19a1d91854a80976cd318f494fc10,deepseek-chat,934,232,1166
12d19a1d91854a80976cd318f494fc10,gpt-4.1,957,0,957
12d19a1d91854a80976cd318f494fc10,unknown,0,0,0
12d4791d77b1405b98537f88cf5b927f,deepseek-chat,2090,439,2529
12d4791d77b1405b98537f88cf5b927f,unknown,0,0,0
12e3d75a3eeb4b979aeb227da87e0b82,ark/deepseek-v3,2580,1342,3922
12e3d75a3eeb4b979aeb227da87e0b82,unknown,0,0,0
12f0802adcb448849c49ee312b4b0660,deepseek-chat,671,381,1052
12f0802adcb448849c49ee312b4b0660,unknown,0,0,0
12fdcdaea59843a38d52246d5f7cf2f0,ark/deepseek-v3,6354,912,7266
12fdcdaea59843a38d52246d5f7cf2f0,unknown,0,0,0
13006561b538485c9e87687e2ab626e7,ark/deepseek-v3,632,215,847
13006561b538485c9e87687e2ab626e7,unknown,0,0,0
1308b2a203e44df886db744615c92624,deepseek-chat,561,225,786
1308b2a203e44df886db744615c92624,unknown,0,0,0
1309e966dffc44849c2ba6fd02d8a397,deepseek-chat,561,207,768
1309e966dffc44849c2ba6fd02d8a397,unknown,0,0,0
130eb39b37d44390a219a33015336818,ark/deepseek-v3-1,5085,2344,7429
130eb39b37d44390a219a33015336818,gpt-4.1,3839,1194,5033
130eb39b37d44390a219a33015336818,unknown,0,0,0
1314e70a053b4a69bf1dd52eb2754691,ark/deepseek-v3,1455,216,1671
1314e70a053b4a69bf1dd52eb2754691,unknown,0,0,0
131f855a223645cfaebb24ba5b5f21e6,ark/deepseek-v3,1961,226,2187
131f855a223645cfaebb24ba5b5f21e6,unknown,0,0,0
132242f206234c69bfe56af3627ea513,ark/deepseek-v3,1251,219,1470
132242f206234c69bfe56af3627ea513,unknown,0,0,0
1322536af7fe4e6bb74faebd2bf58cf1,ark/deepseek-v3,7159,1453,8612
1322536af7fe4e6bb74faebd2bf58cf1,unknown,0,0,0
132253732ce9416b949cf456344d6889,deepseek-chat,561,206,767
132253732ce9416b949cf456344d6889,unknown,0,0,0
13267834eafc40dd93f20b7d2b531df2,deepseek-chat,1297,309,1606
13267834eafc40dd93f20b7d2b531df2,unknown,0,0,0
13282a817317444ab8e991a81011d40e,deepseek-chat,2630,835,3465
13282a817317444ab8e991a81011d40e,unknown,0,0,0
1328b2f837084b9ebadad7fe0e931b52,deepseek-chat,671,431,1102
1328b2f837084b9ebadad7fe0e931b52,unknown,0,0,0
132d42cf9c6a49538f7b5d4ee88ce50d,deepseek-chat,2339,878,3217
132d42cf9c6a49538f7b5d4ee88ce50d,unknown,0,0,0
132f71627a44465fa4fe6269550bf137,ark/deepseek-v3,624,248,872
132f71627a44465fa4fe6269550bf137,unknown,0,0,0
134430a492964914abf2b4489a075b38,unknown,0,0,0
134441a17b3e43e7ab6a5d96e82c8675,ark/deepseek-v3,908,3044,3952
134441a17b3e43e7ab6a5d96e82c8675,unknown,0,0,0
1354f29c0e9b493a9aa0e8435f3dc6d0,ark/deepseek-v3-1,1405,831,2236
1354f29c0e9b493a9aa0e8435f3dc6d0,unknown,0,0,0
1358c5d9cf534f6bbe8e0a3d98fd963b,ark/deepseek-v3-1,1887,712,2599
1358c5d9cf534f6bbe8e0a3d98fd963b,unknown,0,0,0
13593873a6b74556abb6dd2f0ab952b4,ark/deepseek-v3-1,3035,705,3740
13593873a6b74556abb6dd2f0ab952b4,gpt-4.1,3590,253,3843
13593873a6b74556abb6dd2f0ab952b4,unknown,0,0,0
13594bc5077d48e288e261f2df6bad2f,ark/deepseek-v3,4513,332,4845
13594bc5077d48e288e261f2df6bad2f,unknown,0,0,0
13611cca9f32446b83550c1c0252ac26,ark/deepseek-v3,8025,1393,9418
13611cca9f32446b83550c1c0252ac26,unknown,0,0,0
1362978d76cf496f9b71e5c071f83b0f,deepseek-chat,671,365,1036
1362978d76cf496f9b71e5c071f83b0f,unknown,0,0,0
1376a641399c40789e368f4dbbbd266a,ark/deepseek-v3,4121,582,4703
1376a641399c40789e368f4dbbbd266a,unknown,0,0,0
13792e01827e4081b0ebc5cf0af9d644,unknown,0,0,0
137c3ae819994fe397f6f4336d598222,ark/deepseek-v3,701,203,904
137c3ae819994fe397f6f4336d598222,unknown,0,0,0
137e9e91e3cf4d8faec06cfcad80a2c9,ark/deepseek-v3,1848,1064,2912
137e9e91e3cf4d8faec06cfcad80a2c9,unknown,0,0,0
13867551d95f49e385ee0fed2561d2ed,deepseek-chat,2752,1257,4009
13867551d95f49e385ee0fed2561d2ed,unknown,0,0,0
138c23ffd43c40c6b0fa11e5e86b0e7d,ark/deepseek-v3,0,0,0
138c23ffd43c40c6b0fa11e5e86b0e7d,unknown,0,0,0
13963568a516487c8dedc64b350c08b5,ark/deepseek-v3,701,213,914
13963568a516487c8dedc64b350c08b5,unknown,0,0,0
13985480ccdc40fab391f453fc7f63f6,ark/deepseek-v3,895,539,1434
13985480ccdc40fab391f453fc7f63f6,unknown,0,0,0
139d673f577a4ac98f9e36093e760012,ark/deepseek-v3,701,177,878
139d673f577a4ac98f9e36093e760012,unknown,0,0,0
13a31dc71c1a439480ec9bfd46ca2939,ark/deepseek-v3,1178,365,1543
13a31dc71c1a439480ec9bfd46ca2939,unknown,0,0,0
13a348847653467ba9f776a242f00c43,ark/deepseek-v3,6082,1826,7908
13a348847653467ba9f776a242f00c43,deepseek-chat,7337,898,8235
13a348847653467ba9f776a242f00c43,gpt-4.1,1281,87,1368
13a348847653467ba9f776a242f00c43,unknown,0,0,0
13a3dc7f69ba4ff79b2ef2ac508430a2,ark/deepseek-v3-1,4292,2666,6958
13a3dc7f69ba4ff79b2ef2ac508430a2,unknown,0,0,0
13a71829dcab4c79a17b7a4b273f141b,ark/deepseek-v3,4491,2167,6658
13a71829dcab4c79a17b7a4b273f141b,unknown,0,0,0
13a942c9dffb46019da9acb4538646cd,deepseek-chat,670,331,1001
13a942c9dffb46019da9acb4538646cd,unknown,0,0,0
13aa95a4de904377be7582dcb70f6173,ark/deepseek-v3,1434,264,1698
13aa95a4de904377be7582dcb70f6173,unknown,0,0,0
13b1fd019a4f42e586a90f329130fcc1,gpt-4o-mini,34728,1422,36150
13b1fd019a4f42e586a90f329130fcc1,unknown,0,0,0
13c381bf7dc54bb9bf26b563a11bcb52,ark/deepseek-v3-1,5534,746,6280
13c381bf7dc54bb9bf26b563a11bcb52,unknown,0,0,0
13c3f1f5fef84dbd9ff4753b9812f848,ark/deepseek-v3,467,94,561
13c3f1f5fef84dbd9ff4753b9812f848,unknown,0,0,0
13cdc7ba7de540a7877a4472f355ae19,deepseek-chat,1463,1132,2595
13cdc7ba7de540a7877a4472f355ae19,unknown,0,0,0
13cf9fa51d414c199241a70528428d8c,ark/deepseek-v3,6981,1404,8385
13cf9fa51d414c199241a70528428d8c,unknown,0,0,0
13d37ba79c2845aca1f4e87aa9e735c0,ark/deepseek-v3,2405,471,2876
13d37ba79c2845aca1f4e87aa9e735c0,unknown,0,0,0
13e9073c29e3409ca71852196d88c983,ark/deepseek-v3,467,92,559
13e9073c29e3409ca71852196d88c983,unknown,0,0,0
13ee073b646043fa828021a18eb36256,ark/deepseek-v3,1089,364,1453
13ee073b646043fa828021a18eb36256,unknown,0,0,0
13ef05a54c134fb29ac989116fd6012e,ark/deepseek-v3,720,150,870
13ef05a54c134fb29ac989116fd6012e,unknown,0,0,0
13fb0ded6af24613ad8611f8dfbbaea7,deepseek-chat,1304,287,1591
13fb0ded6af24613ad8611f8dfbbaea7,gpt-4.1,1607,250,1857
13fb0ded6af24613ad8611f8dfbbaea7,unknown,0,0,0
13fcc1354d59484f94748831a8f028b3,deepseek-chat,2103,889,2992
13fcc1354d59484f94748831a8f028b3,unknown,0,0,0
1401a7b9f03841c9846241e654ce5de0,ark/deepseek-v3,1853,747,2600
1401a7b9f03841c9846241e654ce5de0,unknown,0,0,0
140d79dc74d0473eb438e2067ec65d2c,deepseek-chat,561,221,782
140d79dc74d0473eb438e2067ec65d2c,unknown,0,0,0
141244d7f1dc4cecaa0a7bc59af3677a,deepseek-chat,1976,564,2540
141244d7f1dc4cecaa0a7bc59af3677a,unknown,0,0,0
1413541fd6dd4c538b11e1ca6a984a21,ark/deepseek-v3,6615,859,7474
1413541fd6dd4c538b11e1ca6a984a21,unknown,0,0,0
14167e797d30411bb21e19c16119ff6c,deepseek-chat,3309,1148,4457
14167e797d30411bb21e19c16119ff6c,unknown,0,0,0
1417d02cc57a4c819952a6064bf17125,ark/deepseek-v3,1455,213,1668
1417d02cc57a4c819952a6064bf17125,unknown,0,0,0
141970776fba4eec9a1111ac99dec685,deepseek-chat,932,230,1162
141970776fba4eec9a1111ac99dec685,gpt-4.1,672,208,880
141970776fba4eec9a1111ac99dec685,unknown,0,0,0
141f194fdeec4469bc22e8daeae67fc6,ark/deepseek-v3,2226,1064,3290
141f194fdeec4469bc22e8daeae67fc6,unknown,0,0,0
141f455a43f54c2d8d1feecf41697f71,deepseek-chat,1391,1113,2504
141f455a43f54c2d8d1feecf41697f71,unknown,0,0,0
142b0109927148718a40e1959f5eb53a,deepseek-chat,670,346,1016
142b0109927148718a40e1959f5eb53a,unknown,0,0,0
1431155421fa4ce0982b0b97581791b4,ark/deepseek-v3-1,4900,1676,6576
1431155421fa4ce0982b0b97581791b4,unknown,0,0,0
143192d5f8e9477ca2c7dd788d5a61cf,ark/deepseek-v3,0,0,0
143192d5f8e9477ca2c7dd788d5a61cf,unknown,0,0,0
1432142a430d463ebe38f3df17f7bc90,deepseek-chat,670,381,1051
1432142a430d463ebe38f3df17f7bc90,unknown,0,0,0
14352833eee04a728af3eacb4d5d8535,deepseek-chat,670,312,982
14352833eee04a728af3eacb4d5d8535,unknown,0,0,0
143e0b40ee5e41eba6fe7adcf3da39ae,ark/deepseek-v3,2980,650,3630
143e0b40ee5e41eba6fe7adcf3da39ae,unknown,0,0,0
144231de5ed844a08abe15a90afef0b5,ark/deepseek-v3,467,96,563
144231de5ed844a08abe15a90afef0b5,unknown,0,0,0
1443cb98a9394f0798a9d42aa4d12047,ark/deepseek-v3,30024,6021,36045
1443cb98a9394f0798a9d42aa4d12047,unknown,0,0,0
1446bc91422c49909cee7c86f8d6b0eb,deepseek-chat,561,207,768
1446bc91422c49909cee7c86f8d6b0eb,unknown,0,0,0
144a8ee76c2f4ff5b75fe5933c593bbe,ark/deepseek-v3,5652,1284,6936
144a8ee76c2f4ff5b75fe5933c593bbe,unknown,0,0,0
144e81a62116465d95ef5094d8eec4f8,deepseek-chat,3616,1266,4882
144e81a62116465d95ef5094d8eec4f8,gpt-4.1,4275,877,5152
144e81a62116465d95ef5094d8eec4f8,unknown,0,0,0
144e880c804e4ac7837f2c2084edc465,deepseek-chat,1400,588,1988
144e880c804e4ac7837f2c2084edc465,unknown,0,0,0
14550efaa376495e8021c4e54d222855,ark/deepseek-v3,24812,4160,28972
14550efaa376495e8021c4e54d222855,unknown,0,0,0
14564d99bf714cdf873f49960358826a,ark/deepseek-v3,29979,5973,35952
14564d99bf714cdf873f49960358826a,unknown,0,0,0
1456aebb13ea4233a6f94ecdc003419a,ark/deepseek-v3,701,178,879
1456aebb13ea4233a6f94ecdc003419a,unknown,0,0,0
145acb0f410f4d6cb9d525c5b9e57efb,ark/deepseek-v3,2342,1092,3434
145acb0f410f4d6cb9d525c5b9e57efb,unknown,0,0,0
145ba0da88f94245a5d28c8a8b43d05c,ark/deepseek-v3,2905,1053,3958
145ba0da88f94245a5d28c8a8b43d05c,unknown,0,0,0
145cd7cd21194cb8baf4f73650aa75f5,ark/deepseek-v3,1218,815,2033
145cd7cd21194cb8baf4f73650aa75f5,unknown,0,0,0
145fd87223054b55b03f8756fdc51c0e,deepseek-chat,1471,1091,2562
145fd87223054b55b03f8756fdc51c0e,unknown,0,0,0
1463b01c583a41b7b8aa286795896206,ark/deepseek-v3,467,98,565
1463b01c583a41b7b8aa286795896206,unknown,0,0,0
14684b458094449cb171c1d2823cdae4,ark/deepseek-v3,1455,185,1640
14684b458094449cb171c1d2823cdae4,unknown,0,0,0
146a3c42fe01466f9965fb0bd9b99c20,ark/deepseek-v3,2089,1047,3136
146a3c42fe01466f9965fb0bd9b99c20,unknown,0,0,0
147190607d0f45559793a597ef67c23f,deepseek-chat,670,336,1006
147190607d0f45559793a597ef67c23f,unknown,0,0,0
1476c4c5a4c647d7995f6469d98bb82c,ark/deepseek-v3,3340,703,4043
1476c4c5a4c647d7995f6469d98bb82c,unknown,0,0,0
147b7644b1874253a141327dd5864da9,ark/deepseek-v3,467,93,560
147b7644b1874253a141327dd5864da9,unknown,0,0,0
147daa648ed2499080e7d86914a67169,deepseek-chat,1053,379,1432
147daa648ed2499080e7d86914a67169,gpt-4.1,2359,323,2682
147daa648ed2499080e7d86914a67169,unknown,0,0,0
1483d05cab1f438aaed510b5f70c3177,ark/deepseek-v3,3145,296,3441
1483d05cab1f438aaed510b5f70c3177,unknown,0,0,0
1484a83aa2b74523956c00742ddfb028,ark/deepseek-v3,467,97,564
1484a83aa2b74523956c00742ddfb028,unknown,0,0,0
148ef9b50d2d493799835e7e363580a3,ark/deepseek-v3,6128,1768,7896
148ef9b50d2d493799835e7e363580a3,gpt-4.1,639,20,659
148ef9b50d2d493799835e7e363580a3,unknown,0,0,0
14956acfcdbb4e48b6a497f07b803cfd,deepseek-chat,561,207,768
14956acfcdbb4e48b6a497f07b803cfd,unknown,0,0,0
14971044bbe44b90a2b8a6faea389855,ark/deepseek-v3,1455,189,1644
14971044bbe44b90a2b8a6faea389855,unknown,0,0,0
149d730a2ce548ecb7d1a229375084a2,ark/deepseek-v3,2681,560,3241
149d730a2ce548ecb7d1a229375084a2,unknown,0,0,0
14a1db0b068b4fe1b66e4b3e593c0fe5,ark/deepseek-v3,467,91,558
14a1db0b068b4fe1b66e4b3e593c0fe5,unknown,0,0,0
14a8f1a2494a45529a6f2339d3c57e4b,ark/deepseek-v3,1455,188,1643
14a8f1a2494a45529a6f2339d3c57e4b,unknown,0,0,0
14bdbdd38f1f494f9489ee21cacd891a,ark/deepseek-v3,701,175,876
14bdbdd38f1f494f9489ee21cacd891a,unknown,0,0,0
14c4ca4c3d704229add201cc8c034da5,ark/deepseek-v3,701,197,898
14c4ca4c3d704229add201cc8c034da5,unknown,0,0,0
14c8df4326ef466b99cab419976a217b,deepseek-chat,6728,1668,8396
14c8df4326ef466b99cab419976a217b,unknown,0,0,0
14d1ff282a78474ba94acb63cbfc7a14,ark/deepseek-v3-1,11802,1479,13281
14d1ff282a78474ba94acb63cbfc7a14,unknown,0,0,0
14d242a3725e4b34aafc372c69933121,deepseek-chat,1369,432,1801
14d242a3725e4b34aafc372c69933121,unknown,0,0,0
14d3dba1173748b8a33062eb61ac8817,deepseek-chat,896,471,1367
14d3dba1173748b8a33062eb61ac8817,unknown,0,0,0
14d4db9a4ca0489886c64b1e94030670,deepseek-chat,671,384,1055
14d4db9a4ca0489886c64b1e94030670,unknown,0,0,0
14db69cad4d0472fb96235abec3753b9,unknown,0,0,0
14e2ebadb2734b35b86e71eeee410181,deepseek-chat,2209,987,3196
14e2ebadb2734b35b86e71eeee410181,unknown,0,0,0
14e675dcd9d24d3197d00dafce9d20ac,ark/deepseek-v3-1,2759,939,3698
14e675dcd9d24d3197d00dafce9d20ac,unknown,0,0,0
14e7450c59f34a72bf10e76981eb7e43,ark/deepseek-v3,3143,294,3437
14e7450c59f34a72bf10e76981eb7e43,unknown,0,0,0
14eb0c808765432fac8c3920a06a358b,deepseek-chat,561,207,768
14eb0c808765432fac8c3920a06a358b,unknown,0,0,0
14ee0bd117ff4f0d9a0a5a981a782e32,ark/kimi-k2,3236,1337,4573
14ee0bd117ff4f0d9a0a5a981a782e32,gpt-4.1,3171,584,3755
14ee0bd117ff4f0d9a0a5a981a782e32,unknown,0,0,0
14f45bc48b9541fd8ec44b074d3425bd,ark/deepseek-v3,6931,1508,8439
14f45bc48b9541fd8ec44b074d3425bd,unknown,0,0,0
14f89223f9c04811a349ee777f7ea44e,deepseek-chat,742,297,1039
14f89223f9c04811a349ee777f7ea44e,unknown,0,0,0
14f91b6583be490f9867074f66579342,ark/deepseek-v3,467,96,563
14f91b6583be490f9867074f66579342,unknown,0,0,0
14fd5e4f494e4ff280779ce581b50102,ark/deepseek-v3,1091,271,1362
14fd5e4f494e4ff280779ce581b50102,unknown,0,0,0
14fe1e75e25b4cbb905ebf8eb62df8ec,ark/deepseek-v3,701,201,902
14fe1e75e25b4cbb905ebf8eb62df8ec,unknown,0,0,0
14fe7052a7bf4ee981ebab283276905d,deepseek-chat,0,0,0
14fe7052a7bf4ee981ebab283276905d,unknown,0,0,0
150b9b99748042f0867d19aba8f6f68e,ark/deepseek-v3,467,93,560
150b9b99748042f0867d19aba8f6f68e,unknown,0,0,0
150bfd78494b493ca23d009da723897b,ark/deepseek-v3,584,154,738
150bfd78494b493ca23d009da723897b,unknown,0,0,0
150c9aaa958747d1acb95871c4e1af53,ark/deepseek-v3,467,99,566
150c9aaa958747d1acb95871c4e1af53,unknown,0,0,0
1512bb31d5a645398e9e7b03b3306f99,ark/deepseek-v3,2268,1411,3679
1512bb31d5a645398e9e7b03b3306f99,unknown,0,0,0
15182519ea944126aaa1361850759954,deepseek-chat,1387,631,2018
15182519ea944126aaa1361850759954,unknown,0,0,0
1519237fecb54f4f980b922030b48fab,ark/deepseek-v3,2161,419,2580
1519237fecb54f4f980b922030b48fab,unknown,0,0,0
15201857b935480892f0cdd12cfe0d31,deepseek-chat,2200,676,2876
15201857b935480892f0cdd12cfe0d31,unknown,0,0,0
15201f4cb3e6445f820a1174ee6fb4ab,ark/deepseek-v3,1455,203,1658
15201f4cb3e6445f820a1174ee6fb4ab,unknown,0,0,0
15210892dd694e64a61cb465e9e9b5b2,deepseek-chat,2248,955,3203
15210892dd694e64a61cb465e9e9b5b2,unknown,0,0,0
1521bc9e083c47cb93d33009fb7ce976,ark/deepseek-v3,3143,333,3476
1521bc9e083c47cb93d33009fb7ce976,deepseek-chat,5081,112,5193
1521bc9e083c47cb93d33009fb7ce976,unknown,0,0,0
152341e20f7f492a800856de8318f03c,ark/deepseek-v3-1,2361,1019,3380
152341e20f7f492a800856de8318f03c,unknown,0,0,0
15279279685a4079a16e547eff4b2883,deepseek-chat,2264,971,3235
15279279685a4079a16e547eff4b2883,unknown,0,0,0
1527ed43e671409eac302a5bcfa37e8e,ark/deepseek-v3,1455,206,1661
1527ed43e671409eac302a5bcfa37e8e,unknown,0,0,0
1529dad325f94b40a05d4986194e445f,deepseek-chat,4072,1325,5397
1529dad325f94b40a05d4986194e445f,unknown,0,0,0
152f6e64d723458f933970d64700e828,unknown,0,0,0
1532caffc8b54193901e1dabf0d58571,ark/deepseek-v3,1089,270,1359
1532caffc8b54193901e1dabf0d58571,unknown,0,0,0
15391f46479648bf982b07097a305bb2,deepseek-chat,671,478,1149
15391f46479648bf982b07097a305bb2,unknown,0,0,0
153afacaa3854e16849fdd59984139af,deepseek-chat,2158,1347,3505
153afacaa3854e16849fdd59984139af,unknown,0,0,0
1540222443714c63911bd9ea3a31730e,deepseek-chat,2085,916,3001
1540222443714c63911bd9ea3a31730e,unknown,0,0,0
154391fb4d9d42179ab8ed60797792d5,deepseek-chat,3430,1175,4605
154391fb4d9d42179ab8ed60797792d5,gpt-4.1,4915,924,5839
154391fb4d9d42179ab8ed60797792d5,unknown,0,0,0
15467bac66a649029aeb892c5ea8683b,ark/deepseek-v3,2233,1146,3379
15467bac66a649029aeb892c5ea8683b,unknown,0,0,0
1547793495a0497a8682ab4f1bb2f51f,deepseek-chat,2610,1279,3889
1547793495a0497a8682ab4f1bb2f51f,unknown,0,0,0
154a8d4ce0df47acbf7929ce7ac78a64,ark/deepseek-v3,5509,1258,6767
154a8d4ce0df47acbf7929ce7ac78a64,unknown,0,0,0
154a973444c9439698b30d3a8bf05113,deepseek-chat,671,381,1052
154a973444c9439698b30d3a8bf05113,unknown,0,0,0
15628faa713243ec92fc9116b41a11e0,ark/deepseek-v3-1,2719,420,3139
15628faa713243ec92fc9116b41a11e0,unknown,0,0,0
1563480b39ba4dbe921e88735016e9e1,deepseek-chat,671,433,1104
1563480b39ba4dbe921e88735016e9e1,unknown,0,0,0
15634f5ca8cf4b459307b6afe8d7020a,ark/deepseek-v3,467,108,575
15634f5ca8cf4b459307b6afe8d7020a,unknown,0,0,0
1563aab364ef4bd5a4a76470a9147a1e,deepseek-chat,561,228,789
1563aab364ef4bd5a4a76470a9147a1e,unknown,0,0,0
15647a90230b4e11a32f7a0c96a389ad,deepseek-chat,2073,808,2881
15647a90230b4e11a32f7a0c96a389ad,unknown,0,0,0
15713f5884b04250b46d9601eac3e900,ark/deepseek-v3-1,1405,634,2039
15713f5884b04250b46d9601eac3e900,unknown,0,0,0
157223d5cc5a455694bb015d9c798d31,deepseek-chat,671,423,1094
157223d5cc5a455694bb015d9c798d31,unknown,0,0,0
15831efa55294104853d4c4851bc62c6,ark/deepseek-v3,11553,2109,13662
15831efa55294104853d4c4851bc62c6,unknown,0,0,0
158761f4b4e24f52a32caf979b0c61fd,deepseek-chat,0,0,0
158761f4b4e24f52a32caf979b0c61fd,unknown,0,0,0
1589194126f64223a7369b0ad182d084,ark/kimi-k2,1069,607,1676
1589194126f64223a7369b0ad182d084,unknown,0,0,0
158b881afca1482e8840c3e5d3b6b30f,unknown,0,0,0
158ee02553224a36a065089b5f3ca5f5,ark/deepseek-v3,2622,1327,3949
158ee02553224a36a065089b5f3ca5f5,unknown,0,0,0
1591d1848e954d1abc117cc6f820a409,ark/deepseek-v3,467,98,565
1591d1848e954d1abc117cc6f820a409,unknown,0,0,0
1599d311f0bd4cf980ebe3761ec19383,deepseek-chat,0,0,0
1599d311f0bd4cf980ebe3761ec19383,unknown,0,0,0
159f2df69ae54d21bc6c31fe8d008599,ark/deepseek-v3,39083,6000,45083
159f2df69ae54d21bc6c31fe8d008599,unknown,0,0,0
159ffd8bc9ae4283917b08673121ee5d,ark/deepseek-v3,1251,242,1493
159ffd8bc9ae4283917b08673121ee5d,unknown,0,0,0
15a05a6ea2784105880acdfb94afd94f,ark/deepseek-v3,1509,688,2197
15a05a6ea2784105880acdfb94afd94f,unknown,0,0,0
15afce16f6e047808bb160b8691b2e0e,ark/deepseek-v3-1,1329,816,2145
15afce16f6e047808bb160b8691b2e0e,unknown,0,0,0
15b2407040654aad837140e12c06ff60,deepseek-chat,2067,714,2781
15b2407040654aad837140e12c06ff60,unknown,0,0,0
15b33fb99e9a4e869e4d1ba615e0b382,deepseek-chat,670,338,1008
15b33fb99e9a4e869e4d1ba615e0b382,unknown,0,0,0
15bba35f98074d4e971824acb444be28,ark/deepseek-v3,701,176,877
15bba35f98074d4e971824acb444be28,unknown,0,0,0
15bc7561894a43988d4a09a56cd36d28,ark/deepseek-v3,487,152,639
15bc7561894a43988d4a09a56cd36d28,unknown,0,0,0
15bf5ad1ba1c49dfa65e65704eed8e37,ark/deepseek-v3-1,1116,467,1583
15bf5ad1ba1c49dfa65e65704eed8e37,unknown,0,0,0
15c626654940491e8a80cbb59d9c750e,deepseek-chat,4259,1530,5789
15c626654940491e8a80cbb59d9c750e,gpt-4.1,3359,848,4207
15c626654940491e8a80cbb59d9c750e,unknown,0,0,0
15cc0f2bd9f944c4ba564e978ae9465f,ark/deepseek-v3,6607,717,7324
15cc0f2bd9f944c4ba564e978ae9465f,unknown,0,0,0
15d302bf0e5744e6866e46973052bd2b,ark/deepseek-v3,1837,355,2192
15d302bf0e5744e6866e46973052bd2b,unknown,0,0,0
15da5955fe3746108cc8695d98406845,deepseek-chat,1055,430,1485
15da5955fe3746108cc8695d98406845,gpt-4.1,943,28,971
15da5955fe3746108cc8695d98406845,unknown,0,0,0
15ddb7dfc8e249349ff4510c9bc9f200,deepseek-chat,561,207,768
15ddb7dfc8e249349ff4510c9bc9f200,unknown,0,0,0
15de1313bf77472d8bbc585fc0475c28,ark/deepseek-v3,0,0,0
15de1313bf77472d8bbc585fc0475c28,unknown,0,0,0
15dedd3eb2d94ee7a5db9e41df5a8354,ark/deepseek-v3,467,101,568
15dedd3eb2d94ee7a5db9e41df5a8354,unknown,0,0,0
15e0f5b893234094bc1d1e9f8abc2f78,ark/deepseek-v3,467,97,564
15e0f5b893234094bc1d1e9f8abc2f78,unknown,0,0,0
15e1db5017fa42fabb4c0098bd67532a,deepseek-chat,4159,382,4541
15e1db5017fa42fabb4c0098bd67532a,unknown,0,0,0
15e9219a17b0414882f792a8c7c63574,ark/deepseek-v3,6632,747,7379
15e9219a17b0414882f792a8c7c63574,unknown,0,0,0
15f713a4379a4df8b44308d2053a1786,ark/deepseek-v3,467,97,564
15f713a4379a4df8b44308d2053a1786,unknown,0,0,0
15fef517e8424e4f81955cbabbb05045,ark/deepseek-v3,1455,190,1645
15fef517e8424e4f81955cbabbb05045,unknown,0,0,0
15ff1cf7809149f4ab300ecd70aacd77,ark/kimi-k2,1069,31,1100
15ff1cf7809149f4ab300ecd70aacd77,unknown,0,0,0
1605dac994c644899597f19069e2621a,deepseek-chat,646,330,976
1605dac994c644899597f19069e2621a,unknown,0,0,0
16095ca7fc624c18a05d452184120728,deepseek-chat,3154,614,3768
16095ca7fc624c18a05d452184120728,unknown,0,0,0
16147994c767492ebaaa7aededf63881,ark/deepseek-v3,2807,462,3269
16147994c767492ebaaa7aededf63881,unknown,0,0,0
16166ea6dd4f4762854798c2436c6c80,ark/deepseek-v3,701,177,878
16166ea6dd4f4762854798c2436c6c80,unknown,0,0,0
162305b351634152afb99962f4fd0f3f,deepseek-chat,671,406,1077
162305b351634152afb99962f4fd0f3f,unknown,0,0,0
1626043766cb4f579412c8e07d0fb756,ark/deepseek-v3,2091,431,2522
1626043766cb4f579412c8e07d0fb756,unknown,0,0,0
16271184da54481498da27b676e8c34e,ark/deepseek-v3,2063,1148,3211
16271184da54481498da27b676e8c34e,unknown,0,0,0
162ea6e3e03240dbb4ff030c5823d6e2,deepseek-chat,1045,428,1473
162ea6e3e03240dbb4ff030c5823d6e2,gpt-4.1,943,30,973
162ea6e3e03240dbb4ff030c5823d6e2,unknown,0,0,0
162f32bbb91b4bc1bda80d1bb1a0e27c,deepseek-chat,863,367,1230
162f32bbb91b4bc1bda80d1bb1a0e27c,unknown,0,0,0
162f994484ff4cb79829502d68100221,deepseek-chat,670,269,939
162f994484ff4cb79829502d68100221,unknown,0,0,0
1635f92c7a2a41d4a58c161f4e61f58e,ark/deepseek-v3,1837,359,2196
1635f92c7a2a41d4a58c161f4e61f58e,unknown,0,0,0
1637af243b934f3b8fe8a40b5c487578,ark/deepseek-v3,7596,1427,9023
1637af243b934f3b8fe8a40b5c487578,unknown,0,0,0
1648a0945ecb45129d3a855c537454de,ark/deepseek-v3,701,201,902
1648a0945ecb45129d3a855c537454de,unknown,0,0,0
1650510eef224114b64e5ea7cd48b921,unknown,0,0,0
1653976d22bb4c5facfcbed963c87abd,ark/deepseek-v3,1241,571,1812
1653976d22bb4c5facfcbed963c87abd,unknown,0,0,0
16562c58479b4cfe88a7d8f36b931155,unknown,0,0,0
1657c5a7169f4256be3f14bb785e92af,ark/deepseek-v3-1,1079,995,2074
1657c5a7169f4256be3f14bb785e92af,unknown,0,0,0
165d8e137447456aa3b62631d2d3ac20,deepseek-chat,2161,1104,3265
165d8e137447456aa3b62631d2d3ac20,unknown,0,0,0
16650b897ab84425b13c06aa2ef16690,ark/deepseek-v3,1065,351,1416
16650b897ab84425b13c06aa2ef16690,unknown,0,0,0
166553d042894f8c93e5bc7f73783ccd,ark/deepseek-v3,1065,357,1422
166553d042894f8c93e5bc7f73783ccd,unknown,0,0,0
16746d24b5234d39813ce12b6c5cb4cf,deepseek-chat,7609,818,8427
16746d24b5234d39813ce12b6c5cb4cf,unknown,0,0,0
167e6ebe09d2470491a2ba799528379a,ark/deepseek-v3,467,97,564
167e6ebe09d2470491a2ba799528379a,unknown,0,0,0
1681698294404c1291cfe57a892a7ac2,ark/deepseek-v3,3143,293,3436
1681698294404c1291cfe57a892a7ac2,unknown,0,0,0
168903ef25fe4555b949d9fc7f9f2e2b,deepseek-chat,901,335,1236
168903ef25fe4555b949d9fc7f9f2e2b,unknown,0,0,0
168ba57b386b48259ab43d9d77bebb24,deepseek-chat,1055,476,1531
168ba57b386b48259ab43d9d77bebb24,gpt-4.1,1902,131,2033
168ba57b386b48259ab43d9d77bebb24,unknown,0,0,0
168f89d6dcc949edb0f039f6758b1773,deepseek-chat,2186,949,3135
168f89d6dcc949edb0f039f6758b1773,unknown,0,0,0
169125eca12049b0b37c9faa9ceb3f8f,ark/deepseek-v3,1251,221,1472
169125eca12049b0b37c9faa9ceb3f8f,unknown,0,0,0
16944cbb96e6471bb9ff7b2595bec0b0,deepseek-chat,1466,1169,2635
16944cbb96e6471bb9ff7b2595bec0b0,unknown,0,0,0
1695243e6cec4c85a49a66ef290440e9,ark/deepseek-v3,467,91,558
1695243e6cec4c85a49a66ef290440e9,unknown,0,0,0
16972263861d4ed99c60f4377df6e002,ark/deepseek-v3,701,202,903
16972263861d4ed99c60f4377df6e002,unknown,0,0,0
1698e7c40d1c45f0b795f6b2c809b29a,deepseek-chat,3646,1528,5174
1698e7c40d1c45f0b795f6b2c809b29a,unknown,0,0,0
16a245958cce48059604871f7fa5caa6,ark/deepseek-v3,4541,1022,5563
16a245958cce48059604871f7fa5caa6,unknown,0,0,0
16a8799592cd4c4f9ed9d30d67f5e9ba,ark/deepseek-v3,467,97,564
16a8799592cd4c4f9ed9d30d67f5e9ba,unknown,0,0,0
16aeb98d849943c5a1b0de49326b14ba,ark/deepseek-v3,467,82,549
16aeb98d849943c5a1b0de49326b14ba,unknown,0,0,0
16af512663b74b36b9197700d7759708,deepseek-chat,9505,1384,10889
16af512663b74b36b9197700d7759708,unknown,0,0,0
16b7a49218e04b0eac8d0d2745e81604,ark/deepseek-v3,467,103,570
16b7a49218e04b0eac8d0d2745e81604,unknown,0,0,0
16c487dd074847d8b99fe5148bb6c720,ark/deepseek-v3,5246,1604,6850
16c487dd074847d8b99fe5148bb6c720,gpt-4.1,640,21,661
16c487dd074847d8b99fe5148bb6c720,unknown,0,0,0
16c50eb92f03441cbe22b2a8f4af2b8d,ark/deepseek-v3-1,528,307,835
16c50eb92f03441cbe22b2a8f4af2b8d,unknown,0,0,0
16c65bb79d4147e8add5f25a5774d630,deepseek-chat,1056,409,1465
16c65bb79d4147e8add5f25a5774d630,gpt-4.1,1419,266,1685
16c65bb79d4147e8add5f25a5774d630,unknown,0,0,0
16cb541901134a6bb6e435da6f7e8010,ark/deepseek-v3,10974,2279,13253
16cb541901134a6bb6e435da6f7e8010,unknown,0,0,0
16dacff279c54900ac5cfff41197b1d9,deepseek-chat,905,300,1205
16dacff279c54900ac5cfff41197b1d9,unknown,0,0,0
16e15140027a41f3a089258b2af0778c,ark/deepseek-v3,701,173,874
16e15140027a41f3a089258b2af0778c,unknown,0,0,0
16e2490fb78f4df580bf0dcef4ecc1ec,ark/deepseek-v3,2319,1161,3480
16e2490fb78f4df580bf0dcef4ecc1ec,unknown,0,0,0
16e2aa39c4ad414fab571fa66384e1e2,ark/deepseek-v3,701,176,877
16e2aa39c4ad414fab571fa66384e1e2,unknown,0,0,0
16e884bc180940fabcca51c1ef915c72,ark/deepseek-v3,3143,305,3448
16e884bc180940fabcca51c1ef915c72,unknown,0,0,0
16eb889988154b2a81ad254dd2e63341,ark/deepseek-v3,1251,215,1466
16eb889988154b2a81ad254dd2e63341,unknown,0,0,0
16ed3c6f86f445bead26803f02b209e1,deepseek-chat,2240,567,2807
16ed3c6f86f445bead26803f02b209e1,unknown,0,0,0
16f2541554084c5580d561c1db53958b,deepseek-chat,1443,1128,2571
16f2541554084c5580d561c1db53958b,unknown,0,0,0
16f2ad36ab3d4684aea77076baa14366,deepseek-chat,561,207,768
16f2ad36ab3d4684aea77076baa14366,unknown,0,0,0
16fbcabc99ca41ee80044ca8f335c9ed,deepseek-chat,671,401,1072
16fbcabc99ca41ee80044ca8f335c9ed,unknown,0,0,0
1706b430866940949be50e5866b9eccf,ark/deepseek-v3,1061,333,1394
1706b430866940949be50e5866b9eccf,unknown,0,0,0
17196e47778d4343b4d956e135c8f681,ark/deepseek-v3,1555,452,2007
17196e47778d4343b4d956e135c8f681,unknown,0,0,0
171a9790ea81412c993dc9a84a37f630,ark/deepseek-v3,465,96,561
171a9790ea81412c993dc9a84a37f630,unknown,0,0,0
172797e452fa4fcd9e4c82b265a361c2,deepseek-chat,781,384,1165
172797e452fa4fcd9e4c82b265a361c2,unknown,0,0,0
172991af0add4cc2950086a7b3bca828,ark/deepseek-v3-1,1893,1044,2937
172991af0add4cc2950086a7b3bca828,gpt-4.1,1063,29,1092
172991af0add4cc2950086a7b3bca828,unknown,0,0,0
172ace7a5722437bbb08f6937a29c3f9,ark/deepseek-v3,758,91,849
172ace7a5722437bbb08f6937a29c3f9,unknown,0,0,0
172f6529bb1042c2a5c4cbae3206ff51,deepseek-chat,670,317,987
172f6529bb1042c2a5c4cbae3206ff51,unknown,0,0,0
173763a5aa1c48928b76f96cd37f984b,ark/deepseek-v3,2397,500,2897
173763a5aa1c48928b76f96cd37f984b,unknown,0,0,0
1739ec9c95c047f482fd2ed5c023f0d6,deepseek-chat,670,288,958
1739ec9c95c047f482fd2ed5c023f0d6,unknown,0,0,0
173c4298919c4f1d8757f38335bc6d26,ark/deepseek-v3,467,94,561
173c4298919c4f1d8757f38335bc6d26,unknown,0,0,0
17424aff2b1b46a0a90dd3d3d19e8f8c,ark/deepseek-v3-1,1893,962,2855
17424aff2b1b46a0a90dd3d3d19e8f8c,gpt-4.1,1064,22,1086
17424aff2b1b46a0a90dd3d3d19e8f8c,unknown,0,0,0
1744729c88aa4e89b41d65d68f5f9607,ark/deepseek-v3,465,88,553
1744729c88aa4e89b41d65d68f5f9607,unknown,0,0,0
17487919d5ca4bd6ad1d1a5ddf0182b8,ark/deepseek-v3,1701,529,2230
17487919d5ca4bd6ad1d1a5ddf0182b8,unknown,0,0,0
174fe9601915437aa4815a9c300f127b,ark/deepseek-v3,2399,465,2864
174fe9601915437aa4815a9c300f127b,unknown,0,0,0
17500bdbee3d4defaeb291a40a3fd2ef,deepseek-chat,600,282,882
17500bdbee3d4defaeb291a40a3fd2ef,unknown,0,0,0
1756fa1f19c840d7ab5e44cb2d4c3343,ark/deepseek-v3,5109,751,5860
1756fa1f19c840d7ab5e44cb2d4c3343,unknown,0,0,0
175c768271f54412af9b36d11b8ddea5,ark/deepseek-v3-1,3867,1346,5213
175c768271f54412af9b36d11b8ddea5,unknown,0,0,0
175feb3a24a2424d947b5e8e58083892,ark/deepseek-v3,2167,596,2763
175feb3a24a2424d947b5e8e58083892,unknown,0,0,0
1766db2b4d8c43aca19f83135ffab832,deepseek-chat,0,0,0
1766db2b4d8c43aca19f83135ffab832,unknown,0,0,0
17684f2c369f4060bf9c26c22e2ca3df,deepseek-chat,854,440,1294
17684f2c369f4060bf9c26c22e2ca3df,unknown,0,0,0
176eda4f4c444bd49d5aeaa05c5dd45e,ark/deepseek-v3,5344,742,6086
176eda4f4c444bd49d5aeaa05c5dd45e,unknown,0,0,0
1770a09eb6934053aa0e3824cce7c327,ark/deepseek-v3,24810,5235,30045
1770a09eb6934053aa0e3824cce7c327,unknown,0,0,0
177715a739624d91b090eece4bc879a6,ark/deepseek-v3-1,1405,768,2173
177715a739624d91b090eece4bc879a6,unknown,0,0,0
17771e6ba0ce4f30b995ff1480d18589,ark/deepseek-v3,758,109,867
17771e6ba0ce4f30b995ff1480d18589,unknown,0,0,0
177fbb6e9c0645749f4778ba17ae1dbd,ark/deepseek-v3,701,177,878
177fbb6e9c0645749f4778ba17ae1dbd,unknown,0,0,0
1782a75f52b4423399951f1ffa12867e,deepseek-chat,1424,414,1838
1782a75f52b4423399951f1ffa12867e,unknown,0,0,0
178ed30f02c0440ba1b88b4b78c958e0,ark/deepseek-v3,1091,344,1435
178ed30f02c0440ba1b88b4b78c958e0,unknown,0,0,0
179b8f9e44c546c4aeda7e2bedbca362,deepseek-chat,670,328,998
179b8f9e44c546c4aeda7e2bedbca362,unknown,0,0,0
179d576df8984ca28313ea5cf7ee611e,deepseek-chat,0,0,0
179d576df8984ca28313ea5cf7ee611e,unknown,0,0,0
179e76c420d043b7b7f8f0c29aa5d0f6,ark/deepseek-v3,1089,338,1427
179e76c420d043b7b7f8f0c29aa5d0f6,unknown,0,0,0
17a98291f9b8427e84a1e33c4d00847a,ark/deepseek-v3-1,1094,454,1548
17a98291f9b8427e84a1e33c4d00847a,unknown,0,0,0
17aa41f782554ce6a6b8ee4f7de858fe,ark/deepseek-v3,467,97,564
17aa41f782554ce6a6b8ee4f7de858fe,unknown,0,0,0
17aec60a510a43e189b90fd2a310098d,ark/deepseek-v3,3143,302,3445
17aec60a510a43e189b90fd2a310098d,unknown,0,0,0
17b5050ba7dc4539a9739d9db121f958,ark/deepseek-v3,1455,218,1673
17b5050ba7dc4539a9739d9db121f958,unknown,0,0,0
17bfb686baab4b0b922588ae0ff1858a,ark/deepseek-v3-1,1669,140,1809
17bfb686baab4b0b922588ae0ff1858a,unknown,0,0,0
17c1b105736e4e09be774dffd0ef28a3,ark/deepseek-v3-1,528,231,759
17c1b105736e4e09be774dffd0ef28a3,unknown,0,0,0
17c857532f26483d998a10cd265c4339,deepseek-chat,9491,1962,11453
17c857532f26483d998a10cd265c4339,unknown,0,0,0
17c87a61c5054fb4bee3a75d4e2589e8,ark/deepseek-v3,2399,390,2789
17c87a61c5054fb4bee3a75d4e2589e8,unknown,0,0,0
17cd098b99544d1f86a2bc05f75fae0d,ark/deepseek-v3,1089,286,1375
17cd098b99544d1f86a2bc05f75fae0d,unknown,0,0,0
17d188f4f2b54298800d51046c5d4b5e,deepseek-chat,2842,933,3775
17d188f4f2b54298800d51046c5d4b5e,unknown,0,0,0
17d254b3304844c5984a99e030870982,ark/deepseek-v3,1537,835,2372
17d254b3304844c5984a99e030870982,deepseek-chat,6836,420,7256
17d254b3304844c5984a99e030870982,unknown,0,0,0
17dd06b1ba6e40ed9ad8beeb70ceb8e7,ark/deepseek-v3,615,272,887
17dd06b1ba6e40ed9ad8beeb70ceb8e7,unknown,0,0,0
17e0e1d5b7fd473da7ecc9c9d85a391f,ark/deepseek-v3,465,98,563
17e0e1d5b7fd473da7ecc9c9d85a391f,unknown,0,0,0
17e1ba51c417465cad9aed9421431ebc,deepseek-chat,1312,309,1621
17e1ba51c417465cad9aed9421431ebc,gpt-4.1,3744,663,4407
17e1ba51c417465cad9aed9421431ebc,unknown,0,0,0
17e1f81da72848c09cb0314cb57d7e33,ark/deepseek-v3,0,0,0
17e1f81da72848c09cb0314cb57d7e33,unknown,0,0,0
17edd70a2d37410d864df4d4065477b1,ark/deepseek-v3,467,91,558
17edd70a2d37410d864df4d4065477b1,unknown,0,0,0
17f242296115492d96abc09123b70bc0,deepseek-chat,670,375,1045
17f242296115492d96abc09123b70bc0,unknown,0,0,0
17ffa6c584314dc9b04a13c8a4fc4be3,ark/deepseek-v3,1064,351,1415
17ffa6c584314dc9b04a13c8a4fc4be3,unknown,0,0,0
1804337f5b1c420f9fbca6edfe94ead3,ark/deepseek-v3,701,174,875
1804337f5b1c420f9fbca6edfe94ead3,unknown,0,0,0
18069d4da843446a8d76ed0f9d1e9353,ark/deepseek-v3,13449,2575,16024
18069d4da843446a8d76ed0f9d1e9353,unknown,0,0,0
18099e454b5f4381a82c41ed5d5b44b5,deepseek-chat,31,660,691
18099e454b5f4381a82c41ed5d5b44b5,unknown,0,0,0
180a7cacd7c14dbb86b730291205234c,ark/deepseek-v3,465,101,566
180a7cacd7c14dbb86b730291205234c,unknown,0,0,0
180f9fdb85fb476abdb36229794633eb,deepseek-chat,755,275,1030
180f9fdb85fb476abdb36229794633eb,unknown,0,0,0
181686b5f0d14fcea0c63a007ab87ceb,ark/deepseek-v3-1,3976,1798,5774
181686b5f0d14fcea0c63a007ab87ceb,unknown,0,0,0
18189d1ed4e34ee19d6eaba4a7826823,ark/deepseek-v3-1,1846,905,2751
18189d1ed4e34ee19d6eaba4a7826823,unknown,0,0,0
181d16db213a4822bdbb1cb5a546c9c5,ark/deepseek-v3,1455,202,1657
181d16db213a4822bdbb1cb5a546c9c5,unknown,0,0,0
181e7fb85c904a43a354887f06c41ba3,ark/deepseek-v3,701,201,902
181e7fb85c904a43a354887f06c41ba3,unknown,0,0,0
181f25f6a62c4d50a521c40dfc78212f,ark/deepseek-v3,1837,327,2164
181f25f6a62c4d50a521c40dfc78212f,unknown,0,0,0
18201f6694074157a0317899e3a34faf,ark/deepseek-v3,0,0,0
18201f6694074157a0317899e3a34faf,unknown,0,0,0
1829b30db54040af9664d5db3085154a,ark/deepseek-v3,467,101,568
1829b30db54040af9664d5db3085154a,unknown,0,0,0
182fac17e7ae48ea8e6335082cfbc43d,ark/deepseek-v3-1,0,0,0
182fac17e7ae48ea8e6335082cfbc43d,unknown,0,0,0
18380ff03d4f4f02aaf91699548d8ca1,deepseek-chat,1542,337,1879
18380ff03d4f4f02aaf91699548d8ca1,unknown,0,0,0
184380ceea7140a89db4f27928189ab2,deepseek-chat,780,262,1042
184380ceea7140a89db4f27928189ab2,unknown,0,0,0
184ab82918994e1495de7db1737690b1,ark/deepseek-v3,1088,273,1361
184ab82918994e1495de7db1737690b1,unknown,0,0,0
184ad2a2ede3401db4add37a1e7c9ffe,ark/deepseek-v3,0,0,0
184ad2a2ede3401db4add37a1e7c9ffe,unknown,0,0,0
184c814efa614900902d5c6895a46685,ark/deepseek-v3,627,246,873
184c814efa614900902d5c6895a46685,unknown,0,0,0
18505e6897a94bc98630af879a360733,deepseek-chat,1055,530,1585
18505e6897a94bc98630af879a360733,gpt-4.1,944,28,972
18505e6897a94bc98630af879a360733,unknown,0,0,0
18528ba1c5eb4a6298fffc279a0edb5b,deepseek-chat,6322,445,6767
18528ba1c5eb4a6298fffc279a0edb5b,unknown,0,0,0
1856af2bb4484dd68423950188ce399b,unknown,0,0,0
18639b17bb0d4d83bcda428d1b4bb8cb,ark/deepseek-v3,1567,836,2403
18639b17bb0d4d83bcda428d1b4bb8cb,unknown,0,0,0
1866cefb88304e6e9d3bb5249fd26344,ark/deepseek-v3-1,2673,1113,3786
1866cefb88304e6e9d3bb5249fd26344,unknown,0,0,0
1867e9f3032e462aab9683ad903c5e3d,deepseek-chat,1043,404,1447
1867e9f3032e462aab9683ad903c5e3d,gpt-4.1,942,28,970
1867e9f3032e462aab9683ad903c5e3d,unknown,0,0,0
186869e2965a4c73a3bb4aa775a07c83,ark/deepseek-v3,715,281,996
186869e2965a4c73a3bb4aa775a07c83,deepseek-chat,20789,2272,23061
186869e2965a4c73a3bb4aa775a07c83,unknown,0,0,0
1869577be4194aca8b7561809a3afae8,ark/deepseek-v3,2427,1355,3782
1869577be4194aca8b7561809a3afae8,unknown,0,0,0
187db47bf3ec4687bc29d0444a5c86cf,ark/deepseek-v3,1131,287,1418
187db47bf3ec4687bc29d0444a5c86cf,unknown,0,0,0
18827a074ef742a0bed81e98a8fc0e52,ark/deepseek-v3,1455,186,1641
18827a074ef742a0bed81e98a8fc0e52,unknown,0,0,0
18838ca317f242ff8202e5fbc86cce11,deepseek-chat,2568,907,3475
18838ca317f242ff8202e5fbc86cce11,unknown,0,0,0
188e703e838e4bb59d56807c7dd9106f,ark/deepseek-v3,4464,406,4870
188e703e838e4bb59d56807c7dd9106f,unknown,0,0,0
18948e670bf842c2a5114c195d71740b,deepseek-chat,1641,274,1915
18948e670bf842c2a5114c195d71740b,unknown,0,0,0
189b7ed95d134c5785ef9fab0ebbc69c,deepseek-chat,774,250,1024
189b7ed95d134c5785ef9fab0ebbc69c,unknown,0,0,0
189d338411a243408db033904f5a2ce8,ark/deepseek-v3,3489,1469,4958
189d338411a243408db033904f5a2ce8,unknown,0,0,0
18a2fcaad665410f83db872859db9d6d,ark/deepseek-v3,1089,310,1399
18a2fcaad665410f83db872859db9d6d,unknown,0,0,0
18ac1a04724d4e12b35eb5e2190f5a1b,ark/deepseek-v3,2308,433,2741
18ac1a04724d4e12b35eb5e2190f5a1b,unknown,0,0,0
18ac91f388e748c1bdcaf8c8dc6da5c0,deepseek-chat,561,207,768
18ac91f388e748c1bdcaf8c8dc6da5c0,unknown,0,0,0
18b1b74bf0e8460dbf09ce9445cc0851,deepseek-chat,1376,626,2002
18b1b74bf0e8460dbf09ce9445cc0851,unknown,0,0,0
18b785cc8a714789992483115dfc0cec,ark/deepseek-v3-1,979,354,1333
18b785cc8a714789992483115dfc0cec,unknown,0,0,0
18bc7e074e5a4b5aaaadb3e86fd43864,ark/deepseek-v3,1517,785,2302
18bc7e074e5a4b5aaaadb3e86fd43864,unknown,0,0,0
18bcf30f42b74b55a9e6aa364aeeded9,ark/deepseek-v3,2181,1286,3467
18bcf30f42b74b55a9e6aa364aeeded9,unknown,0,0,0
18bf8847ab304ce3ac0310586a6bb47c,ark/deepseek-v3,629,360,989
18bf8847ab304ce3ac0310586a6bb47c,unknown,0,0,0
18bfd1e1b0fb4d71bf2b4063bf2b01e3,ark/deepseek-v3-1,528,269,797
18bfd1e1b0fb4d71bf2b4063bf2b01e3,unknown,0,0,0
18c04c390af54ff8b39a0b111054c251,unknown,0,0,0
18c2c1a82950453a95c50ee416715233,ark/deepseek-v3,701,195,896
18c2c1a82950453a95c50ee416715233,unknown,0,0,0
18c9928dcb8f40ddab409260cebaaaed,ark/deepseek-v3,465,94,559
18c9928dcb8f40ddab409260cebaaaed,unknown,0,0,0
18ca01746ce54173b79577af9149ce7a,deepseek-chat,2133,1559,3692
18ca01746ce54173b79577af9149ce7a,unknown,0,0,0
18ca8eab66134073ad481f8f86b56d12,ark/deepseek-v3,1088,399,1487
18ca8eab66134073ad481f8f86b56d12,unknown,0,0,0
18cc6d740cd74f01b104e823cbb908a0,deepseek-chat,561,207,768
18cc6d740cd74f01b104e823cbb908a0,unknown,0,0,0
18d90d7e8fff4999b0237e93d170a63e,ark/deepseek-v3,2814,1449,4263
18d90d7e8fff4999b0237e93d170a63e,unknown,0,0,0
18d98be0b9fc4466b0367f64804a56d5,deepseek-chat,1358,553,1911
18d98be0b9fc4466b0367f64804a56d5,unknown,0,0,0
18def1e94bef4ad28d69c4cf6c71e83a,deepseek-chat,0,0,0
18def1e94bef4ad28d69c4cf6c71e83a,unknown,0,0,0
18eec08ea7d24289af6cb724b4063d5c,ark/deepseek-v3-1,1892,1019,2911
18eec08ea7d24289af6cb724b4063d5c,gpt-4.1,1063,29,1092
18eec08ea7d24289af6cb724b4063d5c,unknown,0,0,0
18f0a2187eaa489e8d4285a4005ea55f,ark/deepseek-v3,6094,1181,7275
18f0a2187eaa489e8d4285a4005ea55f,unknown,0,0,0
18f568eb14404d8ebdc4f42891ae58ba,ark/deepseek-v3,2528,1237,3765
18f568eb14404d8ebdc4f42891ae58ba,unknown,0,0,0
18f8aee109af459b9feba9c384b68d83,ark/deepseek-v3,687,125,812
18f8aee109af459b9feba9c384b68d83,unknown,0,0,0
18fd11833c0348fa93bd9bf2e1f5920c,ark/deepseek-v3,1842,870,2712
18fd11833c0348fa93bd9bf2e1f5920c,unknown,0,0,0
19033c715ec94337adcebdedafc65104,deepseek-chat,1635,259,1894
19033c715ec94337adcebdedafc65104,unknown,0,0,0
1906745a117640fda666bfcefd4854ea,ark/deepseek-v3,467,122,589
1906745a117640fda666bfcefd4854ea,unknown,0,0,0
190fcb78956a428ead102dda22e8ea14,ark/deepseek-v3,14045,2573,16618
190fcb78956a428ead102dda22e8ea14,unknown,0,0,0
1916c625068e4c26be27d73ecc86116d,ark/deepseek-v3,2853,1765,4618
1916c625068e4c26be27d73ecc86116d,deepseek-chat,13916,627,14543
1916c625068e4c26be27d73ecc86116d,unknown,0,0,0
1924db53efc0445a8317c66f56288ec4,ark/deepseek-v3,701,175,876
1924db53efc0445a8317c66f56288ec4,unknown,0,0,0
1925161e513c47669a7d659cd65ff55b,deepseek-chat,3687,1341,5028
1925161e513c47669a7d659cd65ff55b,unknown,0,0,0
1927d9b340184df7929b01086e994111,ark/deepseek-v3,30624,5907,36531
1927d9b340184df7929b01086e994111,unknown,0,0,0
1929b9f0d3544c1ab1c0087f09e0e4c6,ark/deepseek-v3,113,1245,1358
1929b9f0d3544c1ab1c0087f09e0e4c6,unknown,0,0,0
192ae2277d5c4e369ade8d8368263dac,ark/deepseek-v3,6045,1940,7985
192ae2277d5c4e369ade8d8368263dac,gpt-4.1,692,55,747
192ae2277d5c4e369ade8d8368263dac,unknown,0,0,0
192c98fa90434231b7fecc3d06fed3d5,ark/deepseek-v3,6607,780,7387
192c98fa90434231b7fecc3d06fed3d5,unknown,0,0,0
193063f9d3f9482d921e828acd2a6d6f,deepseek-chat,2798,1293,4091
193063f9d3f9482d921e828acd2a6d6f,unknown,0,0,0
193360ff2687428ebe2fb3e790b51a32,ark/deepseek-v3,6219,1899,8118
193360ff2687428ebe2fb3e790b51a32,gpt-4.1,703,71,774
193360ff2687428ebe2fb3e790b51a32,unknown,0,0,0
1933838b3d15423cb6a08752024aa99c,deepseek-chat,0,0,0
1933838b3d15423cb6a08752024aa99c,unknown,0,0,0
1935972772844626aaca6d7df7c6af00,ark/deepseek-v3,1489,789,2278
1935972772844626aaca6d7df7c6af00,unknown,0,0,0
193935c4c7dc4957bbbedee3c68192f5,ark/deepseek-v3,2686,1159,3845
193935c4c7dc4957bbbedee3c68192f5,unknown,0,0,0
19449b63e5b84f14abf81c8cd630c5f4,deepseek-chat,0,0,0
19449b63e5b84f14abf81c8cd630c5f4,unknown,0,0,0
1948d1ea7d1740d68f0d49f4871e36e0,deepseek-chat,1171,306,1477
1948d1ea7d1740d68f0d49f4871e36e0,unknown,0,0,0
194ce9a0c1264306a034f00d8f2441b9,ark/deepseek-v3-1,1405,830,2235
194ce9a0c1264306a034f00d8f2441b9,unknown,0,0,0
194e7384fc234a23810ab1c64dcf861c,ark/deepseek-v3,465,92,557
194e7384fc234a23810ab1c64dcf861c,unknown,0,0,0
196141b19107472db2209f29fde7af68,ark/deepseek-v3,1432,701,2133
196141b19107472db2209f29fde7af68,unknown,0,0,0
196a201c15e04a299553e7332208f89a,ark/deepseek-v3,6547,491,7038
196a201c15e04a299553e7332208f89a,deepseek-chat,2829,165,2994
196a201c15e04a299553e7332208f89a,unknown,0,0,0
1970e3ba14d84dbc86b81c47496e8658,deepseek-chat,0,0,0
1970e3ba14d84dbc86b81c47496e8658,unknown,0,0,0
197380577f654f2a80db84d4f5ce6467,deepseek-chat,670,309,979
197380577f654f2a80db84d4f5ce6467,unknown,0,0,0
1974714fe4d64153a842b0d10eab57fc,ark/deepseek-v3,4185,1954,6139
1974714fe4d64153a842b0d10eab57fc,unknown,0,0,0
197abc552e1943549e16664f2eb00475,ark/deepseek-v3,1217,492,1709
197abc552e1943549e16664f2eb00475,unknown,0,0,0
197b1d5c8a214cb6ac6b8aae31497018,ark/deepseek-v3,2863,500,3363
197b1d5c8a214cb6ac6b8aae31497018,unknown,0,0,0
197bbb557d564b0eba12fc49853b9edf,ark/deepseek-v3,1251,223,1474
197bbb557d564b0eba12fc49853b9edf,unknown,0,0,0
197bc33b6e9a47b88e20cb41164d1261,ark/deepseek-v3-1,1126,136,1262
197bc33b6e9a47b88e20cb41164d1261,unknown,0,0,0
197e3538126c476093b0a6dc1873777a,ark/deepseek-v3,1257,663,1920
197e3538126c476093b0a6dc1873777a,unknown,0,0,0
1981a631c8174c07a0cfc826ca32fabe,ark/deepseek-v3,6336,1331,7667
1981a631c8174c07a0cfc826ca32fabe,unknown,0,0,0
1984fbc1e8874ad79b191b0918cf9ed9,ark/deepseek-v3,624,210,834
1984fbc1e8874ad79b191b0918cf9ed9,unknown,0,0,0
1988fbb0a2ba40ddbe6bb4374725a83d,ark/deepseek-v3,467,113,580
1988fbb0a2ba40ddbe6bb4374725a83d,unknown,0,0,0
199122de3bf948ef94700ff390899e87,ark/deepseek-v3,14016,2757,16773
199122de3bf948ef94700ff390899e87,deepseek-chat,7645,68,7713
199122de3bf948ef94700ff390899e87,unknown,0,0,0
199837d91cac4fc2be69c93467f556d7,deepseek-chat,1569,363,1932
199837d91cac4fc2be69c93467f556d7,unknown,0,0,0
19a04ef17b284ff6b2ffe6eee1924a40,ark/deepseek-v3,701,175,876
19a04ef17b284ff6b2ffe6eee1924a40,unknown,0,0,0
19a3e5f66c1244c8b799524f176f9efb,unknown,0,0,0
19a9eadaad574592824ede2543d2faa9,deepseek-chat,1362,541,1903
19a9eadaad574592824ede2543d2faa9,unknown,0,0,0
19aab5ca22484e28a858047a7f0b88ea,ark/deepseek-v3,2939,589,3528
19aab5ca22484e28a858047a7f0b88ea,unknown,0,0,0
19ad79366c1d4edabc131801a8e2ab13,ark/deepseek-v3,1944,385,2329
19ad79366c1d4edabc131801a8e2ab13,deepseek-chat,5695,165,5860
19ad79366c1d4edabc131801a8e2ab13,unknown,0,0,0
19bbafebccbe43e7ba84200d57069e33,deepseek-chat,892,350,1242
19bbafebccbe43e7ba84200d57069e33,unknown,0,0,0
19bf0ca1c10a4952a0ed70ee9967568a,ark/deepseek-v3,701,175,876
19bf0ca1c10a4952a0ed70ee9967568a,unknown,0,0,0
19cdaf78eb8d4f20abb2dbda35e5f203,deepseek-chat,671,351,1022
19cdaf78eb8d4f20abb2dbda35e5f203,unknown,0,0,0
19cf2482ffe847a1ad195aaae3d6889a,ark/deepseek-v3,467,90,557
19cf2482ffe847a1ad195aaae3d6889a,unknown,0,0,0
19d2cc65db9947bf93bb4a6ce0854420,ark/deepseek-v3,1455,214,1669
19d2cc65db9947bf93bb4a6ce0854420,unknown,0,0,0
19d5727cc06a4d97809086a34a0d117c,ark/deepseek-v3,5950,661,6611
19d5727cc06a4d97809086a34a0d117c,unknown,0,0,0
19df8f41e56f4305bdf252f6eff2d0bb,ark/deepseek-v3,2397,444,2841
19df8f41e56f4305bdf252f6eff2d0bb,unknown,0,0,0
19eb72e2d9e242289293149a24fce721,unknown,0,0,0
19f52866158647f48a60dc538ed6ae9e,ark/deepseek-v3,30159,6004,36163
19f52866158647f48a60dc538ed6ae9e,deepseek-chat,6400,288,6688
19f52866158647f48a60dc538ed6ae9e,unknown,0,0,0
19f56883181c4b67912adba7bd4ebf80,ark/deepseek-v3,1491,821,2312
19f56883181c4b67912adba7bd4ebf80,unknown,0,0,0
19f86b1ccc044c28b8408be51f94f315,deepseek-chat,1448,629,2077
19f86b1ccc044c28b8408be51f94f315,unknown,0,0,0
19fe22c7dabb423b88581dab6114b374,unknown,0,0,0
19ff9991326a4700bc19aa6e2fad3347,ark/deepseek-v3,652,228,880
19ff9991326a4700bc19aa6e2fad3347,unknown,0,0,0
1a0578f5b8b848bbacd9a2517fb0ba38,ark/deepseek-v3,4505,340,4845
1a0578f5b8b848bbacd9a2517fb0ba38,unknown,0,0,0
1a0b0e076f224c25aee80f8dcb2a62e0,deepseek-chat,3250,1313,4563
1a0b0e076f224c25aee80f8dcb2a62e0,gpt-4.1,3357,894,4251
1a0b0e076f224c25aee80f8dcb2a62e0,unknown,0,0,0
1a0e65a28d8d4049a86ee034e8a42003,deepseek-chat,561,207,768
1a0e65a28d8d4049a86ee034e8a42003,unknown,0,0,0
1a12661efc294b53bd9c822f8cd4c0b9,ark/deepseek-v3,1088,291,1379
1a12661efc294b53bd9c822f8cd4c0b9,unknown,0,0,0
1a1286a6ba2b4c339797e2f073e45129,deepseek-chat,670,316,986
1a1286a6ba2b4c339797e2f073e45129,unknown,0,0,0
1a16a796a1c3435f96b114b53ab468de,ark/deepseek-v3,467,117,584
1a16a796a1c3435f96b114b53ab468de,unknown,0,0,0
1a16f55575e74df1a044f227b7d76c92,ark/deepseek-v3,5877,633,6510
1a16f55575e74df1a044f227b7d76c92,unknown,0,0,0
1a1c810e680b47208753984f041810c8,deepseek-chat,0,0,0
1a1c810e680b47208753984f041810c8,unknown,0,0,0
1a22ef37138145cf9f7ae5e90b2a5c6b,ark/deepseek-v3,2664,449,3113
1a22ef37138145cf9f7ae5e90b2a5c6b,unknown,0,0,0
1a386eab54a1438a969fe53e407dd827,ark/deepseek-v3,5858,1190,7048
1a386eab54a1438a969fe53e407dd827,unknown,0,0,0
1a3908b2018d4a07a00c4f744dac2d55,ark/deepseek-v3,4062,672,4734
1a3908b2018d4a07a00c4f744dac2d55,unknown,0,0,0
1a3fede3e1a34073830d5d52fa2d2b0b,deepseek-chat,658,321,979
1a3fede3e1a34073830d5d52fa2d2b0b,unknown,0,0,0
1a44c2e3aef34b34983c4b4e513d3d5c,deepseek-chat,905,602,1507
1a44c2e3aef34b34983c4b4e513d3d5c,unknown,0,0,0
1a45d0e79e3a4c3f87c1ba18838ea095,ark/deepseek-v3,8677,1782,10459
1a45d0e79e3a4c3f87c1ba18838ea095,unknown,0,0,0
1a48bed034864c4fba81da8d771a9957,ark/deepseek-v3,5849,657,6506
1a48bed034864c4fba81da8d771a9957,unknown,0,0,0
1a4a5db01c7c4117b059f4d1d9f5bda9,ark/deepseek-v3,2328,1334,3662
1a4a5db01c7c4117b059f4d1d9f5bda9,unknown,0,0,0
1a516490062e4ed7aa243c488021aaee,ark/deepseek-v3,4226,2282,6508
1a516490062e4ed7aa243c488021aaee,unknown,0,0,0
1a52ce5f48804eebab7e7630ede85176,ark/deepseek-v3,701,176,877
1a52ce5f48804eebab7e7630ede85176,unknown,0,0,0
1a53b7aa3ce144998dd72f249d0801dd,ark/deepseek-v3,467,92,559
1a53b7aa3ce144998dd72f249d0801dd,unknown,0,0,0
1a5b4573c5554730990c8861cb0cc2b5,ark/deepseek-v3-1,5495,565,6060
1a5b4573c5554730990c8861cb0cc2b5,unknown,0,0,0
1a5c3c6cb526438e8d2f7f8665da8dc4,ark/deepseek-v3,1091,283,1374
1a5c3c6cb526438e8d2f7f8665da8dc4,unknown,0,0,0
1a601b0dbeb24125819efd65f96bdcba,deepseek-chat,750,518,1268
1a601b0dbeb24125819efd65f96bdcba,unknown,0,0,0
1a668c063e804d798082d91cf7663dfb,ark/deepseek-v3,1176,461,1637
1a668c063e804d798082d91cf7663dfb,unknown,0,0,0
1a752fe944684f4d94f5f2b193f55303,ark/deepseek-v3,700,403,1103
1a752fe944684f4d94f5f2b193f55303,ark/deepseek-v3-1,0,0,0
1a752fe944684f4d94f5f2b193f55303,deepseek-chat,28033,2381,30414
1a752fe944684f4d94f5f2b193f55303,unknown,0,0,0
1a76c3216db64da9bbc1f7b6e0ce6954,ark/deepseek-v3,4475,2160,6635
1a76c3216db64da9bbc1f7b6e0ce6954,unknown,0,0,0
1a79633e1d4240c7a02bd785e7f86ce4,ark/deepseek-v3,701,186,887
1a79633e1d4240c7a02bd785e7f86ce4,unknown,0,0,0
1a7ac5af2e7e4edcb3f1796278e2f893,ark/deepseek-v3,5103,766,5869
1a7ac5af2e7e4edcb3f1796278e2f893,unknown,0,0,0
1a819a6c755245adad92a747691e151f,deepseek-chat,2158,1352,3510
1a819a6c755245adad92a747691e151f,unknown,0,0,0
1a820d73281543868832e99d9d19da24,ark/deepseek-v3,0,0,0
1a820d73281543868832e99d9d19da24,unknown,0,0,0
1a90e350d6aa4b25ba6711650cc6b425,deepseek-chat,1531,1017,2548
1a90e350d6aa4b25ba6711650cc6b425,gpt-4.1,2211,408,2619
1a90e350d6aa4b25ba6711650cc6b425,unknown,0,0,0
1a93e36ac1d6454ea9dd8386fdd1b6a0,ark/deepseek-v3,32805,5727,38532
1a93e36ac1d6454ea9dd8386fdd1b6a0,unknown,0,0,0
1a93f7a5afae4d06960371165a4d1b6a,unknown,0,0,0
1aa0fdf2464a4d3f9cf662a0a48826f0,ark/deepseek-v3,4585,2422,7007
1aa0fdf2464a4d3f9cf662a0a48826f0,unknown,0,0,0
1aa5863853e3498e848c73703be20147,ark/deepseek-v3,457,70,527
1aa5863853e3498e848c73703be20147,unknown,0,0,0
1aa5e1f9d9634d009114c87af0e27dd8,ark/deepseek-v3,1061,320,1381
1aa5e1f9d9634d009114c87af0e27dd8,unknown,0,0,0
1aa97f9d17974883a3ee29c91ff43a47,ark/deepseek-v3-1,3946,1779,5725
1aa97f9d17974883a3ee29c91ff43a47,unknown,0,0,0
1aac0ff95b404e0697cefa3eef677e07,deepseek-chat,2912,1165,4077
1aac0ff95b404e0697cefa3eef677e07,unknown,0,0,0
1aae9d0f74554009ba5c8fa22b0bbcb8,deepseek-chat,962,467,1429
1aae9d0f74554009ba5c8fa22b0bbcb8,unknown,0,0,0
1ab08421a93a4880bdb510616d218ce2,deepseek-chat,2862,979,3841
1ab08421a93a4880bdb510616d218ce2,unknown,0,0,0
1ab5cedc09cf42a4a553742e1e32a1b6,deepseek-chat,800,404,1204
1ab5cedc09cf42a4a553742e1e32a1b6,unknown,0,0,0
1ac90dbd170e47d19fd5e66a1d9e8c9b,deepseek-chat,721,262,983
1ac90dbd170e47d19fd5e66a1d9e8c9b,unknown,0,0,0
1ace9ba7e873425f961c6a48ad9c37c6,ark/deepseek-v3,0,0,0
1ace9ba7e873425f961c6a48ad9c37c6,unknown,0,0,0
1ad25cc2d20c43cda6ef9bd73d2e50c6,deepseek-chat,671,357,1028
1ad25cc2d20c43cda6ef9bd73d2e50c6,unknown,0,0,0
1ad8358d7bdb4ccd8ff6e02a35f358f1,deepseek-chat,561,207,768
1ad8358d7bdb4ccd8ff6e02a35f358f1,unknown,0,0,0
1ad86e0ed92e4bf2ab72c98530967d06,ark/deepseek-v3,701,175,876
1ad86e0ed92e4bf2ab72c98530967d06,unknown,0,0,0
1adc1bbf1d2b45f6a88dbeffc35140b8,ark/deepseek-v3,4176,1464,5640
1adc1bbf1d2b45f6a88dbeffc35140b8,unknown,0,0,0
1addf6f962a04541affeee437bffb6ca,ark/deepseek-v3,1065,295,1360
1addf6f962a04541affeee437bffb6ca,unknown,0,0,0
1ae3e1c1ef604a67b109817ac8d0e170,deepseek-chat,4829,473,5302
1ae3e1c1ef604a67b109817ac8d0e170,unknown,0,0,0
1ae6f7d6c7ac43db9b3064517528e82f,ark/deepseek-v3,701,178,879
1ae6f7d6c7ac43db9b3064517528e82f,unknown,0,0,0
1aedc51eb7264074852108663559548d,deepseek-chat,561,207,768
1aedc51eb7264074852108663559548d,unknown,0,0,0
1af385f914a4484aab8c7673444dbfa2,ark/deepseek-v3,3143,325,3468
1af385f914a4484aab8c7673444dbfa2,unknown,0,0,0
1af5bfa3342540e6a627f035ecb5aeaf,ark/deepseek-v3,11477,1761,13238
1af5bfa3342540e6a627f035ecb5aeaf,unknown,0,0,0
1af91cefe7474b44adfc3115b2ed0f7e,deepseek-chat,671,426,1097
1af91cefe7474b44adfc3115b2ed0f7e,unknown,0,0,0
1afc2dc97773420384230712797bc67f,ark/deepseek-v3,1476,844,2320
1afc2dc97773420384230712797bc67f,unknown,0,0,0
1affbdda5a3e49e7a8f48cefee4c6743,deepseek-chat,670,336,1006
1affbdda5a3e49e7a8f48cefee4c6743,unknown,0,0,0
1b03024a966d4c1a91b651f84c4c59e4,ark/deepseek-v3-1,1405,1003,2408
1b03024a966d4c1a91b651f84c4c59e4,unknown,0,0,0
1b048d84ef414aa19889ac14b37ede12,deepseek-chat,561,207,768
1b048d84ef414aa19889ac14b37ede12,unknown,0,0,0
1b08ddffa7d54ffc930ddcafb4b6c93f,ark/deepseek-v3,2322,1638,3960
1b08ddffa7d54ffc930ddcafb4b6c93f,unknown,0,0,0
1b0bb80b8a89409cbaf8300e85b8028e,ark/deepseek-v3,2311,331,2642
1b0bb80b8a89409cbaf8300e85b8028e,unknown,0,0,0
1b108db7a7a9464bae896c976c68f89f,ark/deepseek-v3,644,269,913
1b108db7a7a9464bae896c976c68f89f,unknown,0,0,0
1b108f97e47543179e91a4d1647eaf25,ark/deepseek-v3,6641,1301,7942
1b108f97e47543179e91a4d1647eaf25,unknown,0,0,0
1b135746fd044f4497301e21d67434bf,deepseek-chat,2116,394,2510
1b135746fd044f4497301e21d67434bf,unknown,0,0,0
1b1454a3cfc948d8b7abf0bd21d56a43,ark/deepseek-v3,467,93,560
1b1454a3cfc948d8b7abf0bd21d56a43,unknown,0,0,0
1b17c94b8e4d40eb8eaf8d88b0ff604b,ark/deepseek-v3,1842,826,2668
1b17c94b8e4d40eb8eaf8d88b0ff604b,unknown,0,0,0
1b18a6103b374c1b83d269aa3d47331e,deepseek-chat,600,262,862
1b18a6103b374c1b83d269aa3d47331e,unknown,0,0,0
1b1b7181e8404859ac89829bd88dcbe5,ark/deepseek-v3,9157,2344,11501
1b1b7181e8404859ac89829bd88dcbe5,unknown,0,0,0
1b1cd1643a5544858e87ce3557a3ed86,ark/deepseek-v3,610,262,872
1b1cd1643a5544858e87ce3557a3ed86,unknown,0,0,0
1b2a98b579054c40b864287f96016669,ark/deepseek-v3-1,4679,2780,7459
1b2a98b579054c40b864287f96016669,gpt-4.1,5300,1018,6318
1b2a98b579054c40b864287f96016669,unknown,0,0,0
1b300f06de2c4b9ab199b7e263493a47,ark/deepseek-v3,709,224,933
1b300f06de2c4b9ab199b7e263493a47,unknown,0,0,0
1b383f4f1b5b4efe8341b854095a4fe2,ark/deepseek-v3,2116,1037,3153
1b383f4f1b5b4efe8341b854095a4fe2,unknown,0,0,0
1b3ad892ff884cd8a836d3ee9c563c4c,ark/deepseek-v3,0,0,0
1b3ad892ff884cd8a836d3ee9c563c4c,unknown,0,0,0
1b43145f67904402b7a0bfcc830fea95,ark/deepseek-v3,1455,208,1663
1b43145f67904402b7a0bfcc830fea95,unknown,0,0,0
1b4456630f8844809541e853e4055827,ark/deepseek-v3,4032,689,4721
1b4456630f8844809541e853e4055827,unknown,0,0,0
1b44e6943ee2472abb70a97d2542e886,ark/deepseek-v3,701,176,877
1b44e6943ee2472abb70a97d2542e886,unknown,0,0,0
1b479955adc642fa822be3ad4ac69b4f,deepseek-chat,2752,1361,4113
1b479955adc642fa822be3ad4ac69b4f,unknown,0,0,0
1b48c73a97764aec91c3dbf3c4dd538b,deepseek-chat,989,393,1382
1b48c73a97764aec91c3dbf3c4dd538b,unknown,0,0,0
1b4f6eea645f47519ac4bea0a332d569,ark/deepseek-v3,758,98,856
1b4f6eea645f47519ac4bea0a332d569,unknown,0,0,0
1b51ea44b1ef4494b4dc9ad63f24c3d3,deepseek-chat,561,207,768
1b51ea44b1ef4494b4dc9ad63f24c3d3,unknown,0,0,0
1b54fbd755794e5fb7ca325cdc9aa6ce,ark/deepseek-v3,3171,1115,4286
1b54fbd755794e5fb7ca325cdc9aa6ce,unknown,0,0,0
1b5b9558e7064e8bad5a8284078ed753,deepseek-chat,1192,327,1519
1b5b9558e7064e8bad5a8284078ed753,unknown,0,0,0
1b5f5f9204a54000ac9b019ceb986a6c,ark/deepseek-v3-1,919,413,1332
1b5f5f9204a54000ac9b019ceb986a6c,unknown,0,0,0
1b603cfbdf45444db1dc452f51310973,ark/deepseek-v3,13457,2655,16112
1b603cfbdf45444db1dc452f51310973,deepseek-chat,126347,7790,134137
1b603cfbdf45444db1dc452f51310973,unknown,0,0,0
1b6095d07c3f46618020ffc0440daeed,deepseek-chat,0,0,0
1b6095d07c3f46618020ffc0440daeed,unknown,0,0,0
1b68f807465c4761900debdef196eee7,ark/deepseek-v3,0,0,0
1b68f807465c4761900debdef196eee7,unknown,0,0,0
1b6d0a2e8e0141c59c9cf6852dcd7947,deepseek-chat,751,392,1143
1b6d0a2e8e0141c59c9cf6852dcd7947,unknown,0,0,0
1b7b86ef4f914e21bfa44a02b8e444eb,ark/deepseek-v3,1251,236,1487
1b7b86ef4f914e21bfa44a02b8e444eb,unknown,0,0,0
1b801de3fd4d43448450e736e521ed7e,deepseek-chat,2270,943,3213
1b801de3fd4d43448450e736e521ed7e,unknown,0,0,0
1b807735413446de9dbf00c07c2b1ddd,ark/deepseek-v3,465,101,566
1b807735413446de9dbf00c07c2b1ddd,unknown,0,0,0
1b82ccedc7af40afb307fdd89b794e31,deepseek-chat,951,518,1469
1b82ccedc7af40afb307fdd89b794e31,unknown,0,0,0
1b8328d8fd2b4c3488126bd9a162c2ac,deepseek-chat,0,0,0
1b8328d8fd2b4c3488126bd9a162c2ac,unknown,0,0,0
1b899c9d5d754df5aaf29e8ac8d99090,ark/deepseek-v3-1,1329,882,2211
1b899c9d5d754df5aaf29e8ac8d99090,unknown,0,0,0
1b8eea9790284b2288b286986e980220,ark/deepseek-v3-1,1405,801,2206
1b8eea9790284b2288b286986e980220,unknown,0,0,0
1b9a879667ff4720bc35c1c89dae5313,ark/deepseek-v3,2345,1330,3675
1b9a879667ff4720bc35c1c89dae5313,unknown,0,0,0
1b9d4c5800f34b42857e72dd068f4d71,ark/deepseek-v3,1251,216,1467
1b9d4c5800f34b42857e72dd068f4d71,unknown,0,0,0
1ba0b616b1114c468448db0ede09536a,deepseek-chat,1458,564,2022
1ba0b616b1114c468448db0ede09536a,unknown,0,0,0
1ba4c0005c974643adff97c986f0623a,unknown,0,0,0
1ba75b6196194e8092fd0247a792bebc,ark/deepseek-v3-1,2781,1043,3824
1ba75b6196194e8092fd0247a792bebc,unknown,0,0,0
1ba9c09614c44f6fab5b9a8763e2409d,deepseek-chat,3330,1213,4543
1ba9c09614c44f6fab5b9a8763e2409d,gpt-4.1,3366,867,4233
1ba9c09614c44f6fab5b9a8763e2409d,unknown,0,0,0
1bb1cef4629b43a5bb3f8fd4eba1641b,ark/deepseek-v3,1235,453,1688
1bb1cef4629b43a5bb3f8fd4eba1641b,unknown,0,0,0
1bb1e0a1a8fe46d9b4f239416ef74776,ark/deepseek-v3,8022,1404,9426
1bb1e0a1a8fe46d9b4f239416ef74776,unknown,0,0,0
1bb57ff10b9b4544acc32ad3730cecec,deepseek-chat,561,221,782
1bb57ff10b9b4544acc32ad3730cecec,unknown,0,0,0
1bb5de98e61c4659a676261ee6f51d57,ark/deepseek-v3,5319,838,6157
1bb5de98e61c4659a676261ee6f51d57,unknown,0,0,0
1bb6791332384ba0aab5d26c71334f03,ark/deepseek-v3,3990,2267,6257
1bb6791332384ba0aab5d26c71334f03,unknown,0,0,0
1bb99216ead24bbdb6ecb76e01f3363c,ark/deepseek-v3,467,89,556
1bb99216ead24bbdb6ecb76e01f3363c,unknown,0,0,0
1bba4efb1b02476db9783cf06d9d0e85,ark/deepseek-v3,467,85,552
1bba4efb1b02476db9783cf06d9d0e85,unknown,0,0,0
1bc16d44ee2f4bd9b0614737404bfc68,ark/deepseek-v3,1450,722,2172
1bc16d44ee2f4bd9b0614737404bfc68,unknown,0,0,0
1bcad0118e154c91a5f7ac1ed0a22cec,ark/deepseek-v3,1455,216,1671
1bcad0118e154c91a5f7ac1ed0a22cec,unknown,0,0,0
1bd00cc4bc7d48a1bb307ce7badeec41,deepseek-chat,1304,271,1575
1bd00cc4bc7d48a1bb307ce7badeec41,gpt-4.1,1606,219,1825
1bd00cc4bc7d48a1bb307ce7badeec41,unknown,0,0,0
1bd04bc545a846beb492d65d79ca1118,deepseek-chat,739,320,1059
1bd04bc545a846beb492d65d79ca1118,unknown,0,0,0
1bdbb8c4156a4e2ebe421c1bb5910e46,ark/deepseek-v3,467,96,563
1bdbb8c4156a4e2ebe421c1bb5910e46,unknown,0,0,0
1be31add2bd04381955baa6c884f5d09,deepseek-chat,561,207,768
1be31add2bd04381955baa6c884f5d09,unknown,0,0,0
1be61c3cd14d4af78c7bbc9711d56ca2,ark/deepseek-v3,6607,751,7358
1be61c3cd14d4af78c7bbc9711d56ca2,unknown,0,0,0
1befd7a80f904a31a435a3544e04286c,deepseek-chat,2610,1231,3841
1befd7a80f904a31a435a3544e04286c,unknown,0,0,0
1bf0a21c3b034ca490d8cb8e2dbf2d81,ark/deepseek-v3,701,176,877
1bf0a21c3b034ca490d8cb8e2dbf2d81,unknown,0,0,0
1bf11564961f4ee69da1b3ec45813251,ark/deepseek-v3,833,107,940
1bf11564961f4ee69da1b3ec45813251,unknown,0,0,0
1bf716c900684d06a804d4391fa2ebc2,ark/deepseek-v3-1,4024,1369,5393
1bf716c900684d06a804d4391fa2ebc2,unknown,0,0,0
1c077e8ebeac4384b326ac5924d592cf,deepseek-chat,561,207,768
1c077e8ebeac4384b326ac5924d592cf,unknown,0,0,0
1c0996d91340436ebcaf7412435f0bd3,deepseek-chat,1854,297,2151
1c0996d91340436ebcaf7412435f0bd3,unknown,0,0,0
1c09f9f4b5044c709a797ac56ff84b46,deepseek-chat,670,366,1036
1c09f9f4b5044c709a797ac56ff84b46,unknown,0,0,0
1c0a52eab9214d46a5598cc83141b2c3,deepseek-chat,2718,791,3509
1c0a52eab9214d46a5598cc83141b2c3,unknown,0,0,0
1c1d2e8cf0d541aea7604ce91bf95893,ark/deepseek-v3,4380,1460,5840
1c1d2e8cf0d541aea7604ce91bf95893,unknown,0,0,0
1c1e2e1b09a248e39056721a046bd989,ark/deepseek-v3-1,0,0,0
1c1e2e1b09a248e39056721a046bd989,unknown,0,0,0
1c264d262b90415cb4f6292b419f1ca6,ark/deepseek-v3-1,4685,1840,6525
1c264d262b90415cb4f6292b419f1ca6,unknown,0,0,0
1c3d92fb5af64681a6200c82e178b2b3,deepseek-chat,561,227,788
1c3d92fb5af64681a6200c82e178b2b3,unknown,0,0,0
1c43a1573cd0488e9b1775355876e99e,ark/deepseek-v3,3144,341,3485
1c43a1573cd0488e9b1775355876e99e,unknown,0,0,0
1c43cbb9af1b415ea8eebd89c5b57bb5,deepseek-chat,1534,1001,2535
1c43cbb9af1b415ea8eebd89c5b57bb5,gpt-4.1,2214,383,2597
1c43cbb9af1b415ea8eebd89c5b57bb5,unknown,0,0,0
1c456a41679d4cc39e014fde48e3ac55,ark/deepseek-v3,2358,519,2877
1c456a41679d4cc39e014fde48e3ac55,unknown,0,0,0
1c49c226021248b4ad7d7bc373957cec,ark/deepseek-v3,1726,461,2187
1c49c226021248b4ad7d7bc373957cec,unknown,0,0,0
1c54b62d8a424ec7baa03b6e417a2638,ark/deepseek-v3,701,176,877
1c54b62d8a424ec7baa03b6e417a2638,unknown,0,0,0
1c5f5a3501df42bc84015c60e5ef1f0f,ark/deepseek-v3,1837,329,2166
1c5f5a3501df42bc84015c60e5ef1f0f,unknown,0,0,0
1c5f5a96b732414594c45f84484f5a9b,ark/deepseek-v3,730,69,799
1c5f5a96b732414594c45f84484f5a9b,unknown,0,0,0
1c77fe73d61042c4aa47a8747a55d773,ark/deepseek-v3,1247,703,1950
1c77fe73d61042c4aa47a8747a55d773,unknown,0,0,0
1c8038430e7948d396f651c7eb332259,ark/deepseek-v3,1425,901,2326
1c8038430e7948d396f651c7eb332259,unknown,0,0,0
1c89606985e744709f11ab0077f1317e,ark/deepseek-v3,1455,179,1634
1c89606985e744709f11ab0077f1317e,unknown,0,0,0
1c8dcdbead5b40d2b66a5a4e0fb4cdca,ark/deepseek-v3,615,327,942
1c8dcdbead5b40d2b66a5a4e0fb4cdca,unknown,0,0,0
1c9c9a690e354c66ad6c47ffcdf97c36,ark/deepseek-v3,1455,228,1683
1c9c9a690e354c66ad6c47ffcdf97c36,unknown,0,0,0
1ca196da41ca48a3a278bc4cbdce0bb8,ark/deepseek-v3,467,94,561
1ca196da41ca48a3a278bc4cbdce0bb8,unknown,0,0,0
1ca1a1be18034e3689a65278c711dea4,ark/deepseek-v3-1,1405,739,2144
1ca1a1be18034e3689a65278c711dea4,unknown,0,0,0
1cac5ec4975644e9b9c2b430b4bd6675,ark/deepseek-v3,1455,236,1691
1cac5ec4975644e9b9c2b430b4bd6675,unknown,0,0,0
1cb714f9bf9343128937ee00ce33a4df,deepseek-chat,742,406,1148
1cb714f9bf9343128937ee00ce33a4df,unknown,0,0,0
1cba02b78007432fba80948e887a21fd,deepseek-chat,670,367,1037
1cba02b78007432fba80948e887a21fd,unknown,0,0,0
1cba8dc58c4549928ae0b911f630b929,ark/deepseek-v3,4032,722,4754
1cba8dc58c4549928ae0b911f630b929,unknown,0,0,0
1cbf74bd598a431ea93d10145526f7db,ark/deepseek-v3,3385,1709,5094
1cbf74bd598a431ea93d10145526f7db,deepseek-chat,6680,34,6714
1cbf74bd598a431ea93d10145526f7db,unknown,0,0,0
1cc51cd78fd84093b317c69b78dd16b8,ark/deepseek-v3,1165,307,1472
1cc51cd78fd84093b317c69b78dd16b8,deepseek-chat,13061,579,13640
1cc51cd78fd84093b317c69b78dd16b8,unknown,0,0,0
1ccb7d37156b46feb43c374369a609b4,ark/deepseek-v3,1943,1004,2947
1ccb7d37156b46feb43c374369a609b4,unknown,0,0,0
1ccb85622a37445eb384ced920895a2b,ark/deepseek-v3-1,1717,922,2639
1ccb85622a37445eb384ced920895a2b,unknown,0,0,0
1cce20da32114c73a4ce770990e00f37,deepseek-chat,7935,983,8918
1cce20da32114c73a4ce770990e00f37,gpt-4.1,1257,114,1371
1cce20da32114c73a4ce770990e00f37,unknown,0,0,0
1ccec513152b489abde885b11e971d19,deepseek-chat,3307,1320,4627
1ccec513152b489abde885b11e971d19,gpt-4.1,3390,851,4241
1ccec513152b489abde885b11e971d19,unknown,0,0,0
1ccfb7d15a6143e7bad19194cb3daddb,ark/deepseek-v3,467,83,550
1ccfb7d15a6143e7bad19194cb3daddb,unknown,0,0,0
1cd31be515754100a47575ea279a6741,deepseek-chat,859,378,1237
1cd31be515754100a47575ea279a6741,unknown,0,0,0
1cd4a976e491410292cd3a94d84efef4,deepseek-chat,3657,1321,4978
1cd4a976e491410292cd3a94d84efef4,unknown,0,0,0
1cd754324b144c599fd7a4fd0a12bce8,ark/deepseek-v3-1,5044,2368,7412
1cd754324b144c599fd7a4fd0a12bce8,gpt-4.1,3808,906,4714
1cd754324b144c599fd7a4fd0a12bce8,unknown,0,0,0
1cdbc547ae70498a805b54ff5b7a510b,deepseek-chat,4274,1347,5621
1cdbc547ae70498a805b54ff5b7a510b,gpt-4.1,4178,970,5148
1cdbc547ae70498a805b54ff5b7a510b,unknown,0,0,0
1ce56eeac5cd42b3ae6281ed5aee00ce,deepseek-chat,1509,1198,2707
1ce56eeac5cd42b3ae6281ed5aee00ce,unknown,0,0,0
1ce7f0df708d4de4a54a169829536f6f,ark/deepseek-v3,5875,1836,7711
1ce7f0df708d4de4a54a169829536f6f,gpt-4.1,640,20,660
1ce7f0df708d4de4a54a169829536f6f,unknown,0,0,0
1ce8da2aefdc4b4393fccff4c701608d,ark/deepseek-v3,629,388,1017
1ce8da2aefdc4b4393fccff4c701608d,unknown,0,0,0
1ced7189aba24664b91a301ba9e1d616,ark/deepseek-v3,5728,1267,6995
1ced7189aba24664b91a301ba9e1d616,unknown,0,0,0
1ceef9844c274127af9c10cc2b3895cb,ark/deepseek-v3-1,3255,1438,4693
1ceef9844c274127af9c10cc2b3895cb,unknown,0,0,0
1cef257ae7d047069de506cec38230da,deepseek-chat,1431,1075,2506
1cef257ae7d047069de506cec38230da,unknown,0,0,0
1cf1742b189b4e58b5288736deb5f4cf,deepseek-chat,969,376,1345
1cf1742b189b4e58b5288736deb5f4cf,unknown,0,0,0
1d000fde090446b599149df06cdad257,deepseek-chat,738,241,979
1d000fde090446b599149df06cdad257,unknown,0,0,0
1d0bda28472d477f86862daaa67f6b03,deepseek-chat,670,341,1011
1d0bda28472d477f86862daaa67f6b03,unknown,0,0,0
1d0c2ad7bda34940883a31a4c4e87260,ark/deepseek-v3-1,5064,2218,7282
1d0c2ad7bda34940883a31a4c4e87260,gpt-4.1,3815,1163,4978
1d0c2ad7bda34940883a31a4c4e87260,unknown,0,0,0
1d13c620a03846d1969f6b4c63b75596,ark/deepseek-v3,1392,279,1671
1d13c620a03846d1969f6b4c63b75596,unknown,0,0,0
1d168f9deff24b9ea6d3641a97674fb5,ark/deepseek-v3,6903,1133,8036
1d168f9deff24b9ea6d3641a97674fb5,unknown,0,0,0
1d2178cdbc9c47519963eebba71a0d6e,ark/deepseek-v3,467,86,553
1d2178cdbc9c47519963eebba71a0d6e,unknown,0,0,0
1d24f4f71dd74638b97fb9a2445d2ba9,ark/deepseek-v3,6431,903,7334
1d24f4f71dd74638b97fb9a2445d2ba9,deepseek-chat,4709,254,4963
1d24f4f71dd74638b97fb9a2445d2ba9,unknown,0,0,0
1d2e192692a44b42b7f6d1d0f198618d,ark/deepseek-v3,1463,794,2257
1d2e192692a44b42b7f6d1d0f198618d,unknown,0,0,0
1d2f15518ef742148c98fae25db4d028,deepseek-chat,2612,1088,3700
1d2f15518ef742148c98fae25db4d028,unknown,0,0,0
1d302bf055d54460afe4a506359ee578,deepseek-chat,802,300,1102
1d302bf055d54460afe4a506359ee578,unknown,0,0,0
1d3034ea881a4f0fa1b3bcaade770fbf,ark/deepseek-v3,701,183,884
1d3034ea881a4f0fa1b3bcaade770fbf,unknown,0,0,0
1d34c75220a54a9ca53e4fab20789518,ark/deepseek-v3,14045,2546,16591
1d34c75220a54a9ca53e4fab20789518,unknown,0,0,0
1d3a00b4c2154fb8a77b9745b7366633,ark/deepseek-v3,0,0,0
1d3a00b4c2154fb8a77b9745b7366633,unknown,0,0,0
1d3a52ea85aa4e74a203230bc330be48,ark/deepseek-v3,1509,547,2056
1d3a52ea85aa4e74a203230bc330be48,unknown,0,0,0
1d416c2d310b42719a8fc3e199ab194d,ark/deepseek-v3,1089,318,1407
1d416c2d310b42719a8fc3e199ab194d,unknown,0,0,0
1d43ada571ee423d95fcfb750e833301,ark/deepseek-v3-1,3080,1017,4097
1d43ada571ee423d95fcfb750e833301,unknown,0,0,0
1d44d644e63048dfa494762ff83c47d2,ark/deepseek-v3-1,839,794,1633
1d44d644e63048dfa494762ff83c47d2,unknown,0,0,0
1d45e13db3704e37838dee53b545d589,deepseek-chat,1488,545,2033
1d45e13db3704e37838dee53b545d589,unknown,0,0,0
1d4a11aa735a4b21af065fc0a8cb36bf,ark/deepseek-v3,2205,1039,3244
1d4a11aa735a4b21af065fc0a8cb36bf,unknown,0,0,0
1d4e0d6e062143e084557b9d861085c9,deepseek-chat,3255,1098,4353
1d4e0d6e062143e084557b9d861085c9,unknown,0,0,0
1d4f20570651469c9e0d54ad91d1af25,ark/deepseek-v3,5975,726,6701
1d4f20570651469c9e0d54ad91d1af25,unknown,0,0,0
1d53c21846eb406681bf841595d8f421,ark/deepseek-v3,701,182,883
1d53c21846eb406681bf841595d8f421,unknown,0,0,0
1d551a079f2b4890b4582d557638f457,ark/deepseek-v3,6257,1239,7496
1d551a079f2b4890b4582d557638f457,unknown,0,0,0
1d56cd81ae86471899b500e78a5bd840,ark/deepseek-v3,15500,3185,18685
1d56cd81ae86471899b500e78a5bd840,unknown,0,0,0
1d5934207f2a45a8a8b7349aeff600ff,ark/deepseek-v3,14043,2853,16896
1d5934207f2a45a8a8b7349aeff600ff,deepseek-chat,4948,72,5020
1d5934207f2a45a8a8b7349aeff600ff,unknown,0,0,0
1d5d0216554d4fbb9f971b546743ca5b,deepseek-chat,670,339,1009
1d5d0216554d4fbb9f971b546743ca5b,unknown,0,0,0
1d7b1202930e49e0916054a6d453d739,ark/deepseek-v3,467,86,553
1d7b1202930e49e0916054a6d453d739,unknown,0,0,0
1d82774c2f1444239fef5002aea052f8,deepseek-chat,1162,740,1902
1d82774c2f1444239fef5002aea052f8,unknown,0,0,0
1d83ed05e59944d8b5f52188192f1b76,ark/deepseek-v3,465,90,555
1d83ed05e59944d8b5f52188192f1b76,unknown,0,0,0
1d84009e33e947ab9c87023c9ab2ddfa,ark/deepseek-v3,1185,309,1494
1d84009e33e947ab9c87023c9ab2ddfa,unknown,0,0,0
1d84c1b676444664bd5254de980cad11,ark/deepseek-v3,2307,404,2711
1d84c1b676444664bd5254de980cad11,unknown,0,0,0
1d89b61e39404977bc788e42a2c11bfe,ark/deepseek-v3,2358,1449,3807
1d89b61e39404977bc788e42a2c11bfe,unknown,0,0,0
1d8a7c3f9ad644b5b801af000a39263d,ark/deepseek-v3,1251,241,1492
1d8a7c3f9ad644b5b801af000a39263d,unknown,0,0,0
1d8a98b095f640d1a9760953fa1e45a9,deepseek-chat,960,288,1248
1d8a98b095f640d1a9760953fa1e45a9,unknown,0,0,0
1d8b6bae4c7547ebae7be1e3a33ce085,ark/deepseek-v3,3270,1548,4818
1d8b6bae4c7547ebae7be1e3a33ce085,unknown,0,0,0
1d8edb40058f471995689712f17f611f,ark/deepseek-v3,1251,215,1466
1d8edb40058f471995689712f17f611f,unknown,0,0,0
1d92c96d70a045be9ad0a86ad5f0b0fc,deepseek-chat,2838,1058,3896
1d92c96d70a045be9ad0a86ad5f0b0fc,unknown,0,0,0
1d94f2a1e0984019a46de14264eef04d,ark/deepseek-v3,5950,618,6568
1d94f2a1e0984019a46de14264eef04d,unknown,0,0,0
1d9bd62914324838b962d5dc30e6e6f1,ark/deepseek-v3-1,5099,2135,7234
1d9bd62914324838b962d5dc30e6e6f1,gpt-4.1,3859,1130,4989
1d9bd62914324838b962d5dc30e6e6f1,unknown,0,0,0
1da356b14b4d4224acc35cbaa3b2a7fb,deepseek-chat,0,0,0
1da356b14b4d4224acc35cbaa3b2a7fb,unknown,0,0,0
1da8d2ff9e1a49048fdf7ebfce950aef,ark/deepseek-v3,701,198,899
1da8d2ff9e1a49048fdf7ebfce950aef,unknown,0,0,0
1daad1c1d95748c889e66a61aff718dc,ark/deepseek-v3,701,175,876
1daad1c1d95748c889e66a61aff718dc,unknown,0,0,0
1dad363a87b44e6bb3ddd03e48f01de6,ark/deepseek-v3,2393,1386,3779
1dad363a87b44e6bb3ddd03e48f01de6,unknown,0,0,0
1db37119fcff4a2d9ecb4fd6dca251d2,ark/deepseek-v3,2930,461,3391
1db37119fcff4a2d9ecb4fd6dca251d2,unknown,0,0,0
1dbb44e8ff16462ab630a041c017e930,deepseek-chat,934,244,1178
1dbb44e8ff16462ab630a041c017e930,gpt-4.1,672,264,936
1dbb44e8ff16462ab630a041c017e930,unknown,0,0,0
1dc5e0b1e2604eb99687a8a6b9775ca7,deepseek-chat,2252,832,3084
1dc5e0b1e2604eb99687a8a6b9775ca7,unknown,0,0,0
1dcba4df32dd4c8580c36086d88c4201,unknown,0,0,0
1dd0451c60194961a28da2bbd10afda1,ark/deepseek-v3,6650,741,7391
1dd0451c60194961a28da2bbd10afda1,unknown,0,0,0
1dd082062d804d019f03f648881c476a,deepseek-chat,671,366,1037
1dd082062d804d019f03f648881c476a,unknown,0,0,0
1ddb0e46a08c46dea3ec8875754426dd,ark/deepseek-v3,1556,872,2428
1ddb0e46a08c46dea3ec8875754426dd,unknown,0,0,0
1de2a812b0974772b437617fb4bd0fe4,ark/deepseek-v3,701,199,900
1de2a812b0974772b437617fb4bd0fe4,unknown,0,0,0
1de7477fa58e44b88ffad59ac0532346,ark/deepseek-v3,467,92,559
1de7477fa58e44b88ffad59ac0532346,unknown,0,0,0
1de8201e5c9b4c24a0c5dab213f68485,deepseek-chat,2539,862,3401
1de8201e5c9b4c24a0c5dab213f68485,unknown,0,0,0
1dee2b65b06e4fdfaa3759e1f3810af6,ark/deepseek-v3,6641,797,7438
1dee2b65b06e4fdfaa3759e1f3810af6,unknown,0,0,0
1df0ec3fd7674abd91301670324c25fe,deepseek-chat,4972,759,5731
1df0ec3fd7674abd91301670324c25fe,unknown,0,0,0
1df5dc1edbf049818875d9feed5e8794,ark/deepseek-v3,2044,1131,3175
1df5dc1edbf049818875d9feed5e8794,unknown,0,0,0
1df8be2bdddc4c47b60771dff5a26add,ark/deepseek-v3,3985,1585,5570
1df8be2bdddc4c47b60771dff5a26add,unknown,0,0,0
1dfb2ca154c04465a3ba55579baebf4d,ark/deepseek-v3,1455,201,1656
1dfb2ca154c04465a3ba55579baebf4d,unknown,0,0,0
1e054ba4af844bedb9cf211ec0dbf31e,ark/deepseek-v3,467,92,559
1e054ba4af844bedb9cf211ec0dbf31e,unknown,0,0,0
1e05e0acd514403fa5e77926d5d01827,ark/deepseek-v3,2357,432,2789
1e05e0acd514403fa5e77926d5d01827,unknown,0,0,0
1e069637b7ab482fbe8b8d44d21f5fd8,ark/deepseek-v3,871,522,1393
1e069637b7ab482fbe8b8d44d21f5fd8,unknown,0,0,0
1e06bbb2aacb4fa095d97f01d9fe3c29,ark/deepseek-v3,3059,1711,4770
1e06bbb2aacb4fa095d97f01d9fe3c29,unknown,0,0,0
1e0fc977e04f4f708c303b7f762c29cf,deepseek-chat,1202,359,1561
1e0fc977e04f4f708c303b7f762c29cf,unknown,0,0,0
1e0fe902a2024268a11527f27cd189ef,deepseek-chat,1054,540,1594
1e0fe902a2024268a11527f27cd189ef,gpt-4.1,940,27,967
1e0fe902a2024268a11527f27cd189ef,unknown,0,0,0
1e176d8848424e22bc4aeea6fa583789,ark/deepseek-v3,1089,290,1379
1e176d8848424e22bc4aeea6fa583789,unknown,0,0,0
1e18d6721856424a9e5f820d4425dffa,ark/deepseek-v3,2312,344,2656
1e18d6721856424a9e5f820d4425dffa,unknown,0,0,0
1e1ee2bfedc84c49a273425a26f4dba2,deepseek-chat,463,93,556
1e1ee2bfedc84c49a273425a26f4dba2,unknown,0,0,0
1e2ad56c45884bd59248fe69facf69e5,ark/deepseek-v3,701,199,900
1e2ad56c45884bd59248fe69facf69e5,unknown,0,0,0
1e2c0e74355049bb9c02dda4b227a7eb,ark/deepseek-v3,995,240,1235
1e2c0e74355049bb9c02dda4b227a7eb,unknown,0,0,0
1e3307ea34f2461daeb1928a8095c2e1,ark/deepseek-v3,6729,1951,8680
1e3307ea34f2461daeb1928a8095c2e1,gpt-4.1,676,36,712
1e3307ea34f2461daeb1928a8095c2e1,unknown,0,0,0
1e3457ade2cf45cbb73893091995dd9b,deepseek-chat,904,405,1309
1e3457ade2cf45cbb73893091995dd9b,unknown,0,0,0
1e35eb78f5a1440ba82a13e628a8893f,ark/deepseek-v3,2318,674,2992
1e35eb78f5a1440ba82a13e628a8893f,unknown,0,0,0
1e3c75ca0dff4b0289e3dcb6ea307843,ark/deepseek-v3,32805,7034,39839
1e3c75ca0dff4b0289e3dcb6ea307843,unknown,0,0,0
1e4071b9d732480db526a689b0288811,deepseek-chat,972,299,1271
1e4071b9d732480db526a689b0288811,gpt-4.1,940,27,967
1e4071b9d732480db526a689b0288811,unknown,0,0,0
1e41f31379564356b8421dd3545310e5,ark/deepseek-v3,0,0,0
1e41f31379564356b8421dd3545310e5,unknown,0,0,0
1e45c728961443239a314bcb902c3a5c,ark/deepseek-v3-1,905,180,1085
1e45c728961443239a314bcb902c3a5c,unknown,0,0,0
1e4b82d722dd4d8e8810e057dcd794d2,ark/deepseek-v3,4688,1143,5831
1e4b82d722dd4d8e8810e057dcd794d2,unknown,0,0,0
1e58cc8a7d2f4e9988b63801bde78b0d,unknown,0,0,0
1e5abc0daadd4a98aceed26cde24f7b5,ark/deepseek-v3,3437,1325,4762
1e5abc0daadd4a98aceed26cde24f7b5,unknown,0,0,0
1e5f72be84174fc08f32eebaf578d13e,ark/deepseek-v3-1,1405,885,2290
1e5f72be84174fc08f32eebaf578d13e,unknown,0,0,0
1e60ce5e816644f28ee2d24f5234184b,ark/deepseek-v3,0,0,0
1e60ce5e816644f28ee2d24f5234184b,unknown,0,0,0
1e626cb0af544b7fba19f9d2d0dda6d4,ark/deepseek-v3,467,99,566
1e626cb0af544b7fba19f9d2d0dda6d4,unknown,0,0,0
1e6c8602e8784d1fadc3a903e3398c7d,deepseek-chat,671,481,1152
1e6c8602e8784d1fadc3a903e3398c7d,unknown,0,0,0
1e766d017eda4e44bb13945a9324dfa3,ark/deepseek-v3,33455,6900,40355
1e766d017eda4e44bb13945a9324dfa3,unknown,0,0,0
1e7bec99f53f48db801be53f5d3c33d0,ark/deepseek-v3,3079,567,3646
1e7bec99f53f48db801be53f5d3c33d0,deepseek-chat,14425,6144,20569
1e7bec99f53f48db801be53f5d3c33d0,unknown,0,0,0
1e84f00ce5a843ec9a8f088caddb78f7,ark/deepseek-v3,4675,1792,6467
1e84f00ce5a843ec9a8f088caddb78f7,unknown,0,0,0
1e8b7bb6b39d42ac9f20d0da8653194c,ark/deepseek-v3,467,97,564
1e8b7bb6b39d42ac9f20d0da8653194c,unknown,0,0,0
1e8dbd2b8b4b46ce8b68337d426d0db5,ark/deepseek-v3,701,198,899
1e8dbd2b8b4b46ce8b68337d426d0db5,unknown,0,0,0
1e92b0bbab4c4d0e939d363485f227a6,ark/deepseek-v3,32655,6000,38655
1e92b0bbab4c4d0e939d363485f227a6,unknown,0,0,0
1e9804d7a6ca4706b1b1dd63478e7a0e,deepseek-chat,792,382,1174
1e9804d7a6ca4706b1b1dd63478e7a0e,unknown,0,0,0
1e9f84ddc5ce49f6846fd826bb72c88f,ark/deepseek-v3,0,0,0
1e9f84ddc5ce49f6846fd826bb72c88f,unknown,0,0,0
1ea1a5c12da5454fb5b43752c9401c24,ark/deepseek-v3,701,161,862
1ea1a5c12da5454fb5b43752c9401c24,unknown,0,0,0
1ea20c7746654af399be7bf7ca8cb776,ark/deepseek-v3,13444,2458,15902
1ea20c7746654af399be7bf7ca8cb776,unknown,0,0,0
1ea3909450d14ca9a7a191a5d1c42a59,deepseek-chat,658,284,942
1ea3909450d14ca9a7a191a5d1c42a59,unknown,0,0,0
1ea4f2a792f94e6289d541874ce7efd7,ark/deepseek-v3,1509,764,2273
1ea4f2a792f94e6289d541874ce7efd7,unknown,0,0,0
1ea59d9c5f23412f8b7e9fd5ef3c8bcb,ark/deepseek-v3,0,0,0
1ea59d9c5f23412f8b7e9fd5ef3c8bcb,unknown,0,0,0
1ea9983e9aa84a2db675017201bc4075,ark/deepseek-v3,1455,201,1656
1ea9983e9aa84a2db675017201bc4075,unknown,0,0,0
1eab5d62f1f54768a6eb4e0564cc044b,unknown,0,0,0
1eac428d124e4cc49cddcd19345fc984,ark/deepseek-v3,701,202,903
1eac428d124e4cc49cddcd19345fc984,unknown,0,0,0
1eafa07e5bb2401ab0c8b0b66a7086ac,ark/deepseek-v3,1064,324,1388
1eafa07e5bb2401ab0c8b0b66a7086ac,unknown,0,0,0
1ed8fa72e39d4e94b6eaad277a84ba57,ark/deepseek-v3-1,1329,1073,2402
1ed8fa72e39d4e94b6eaad277a84ba57,unknown,0,0,0
1edc66d9c56848e59474f5736989cccf,ark/deepseek-v3,467,93,560
1edc66d9c56848e59474f5736989cccf,unknown,0,0,0
1ee7433796cb4b6b92a75a5581669084,deepseek-chat,670,376,1046
1ee7433796cb4b6b92a75a5581669084,unknown,0,0,0
1ef94d49498d4347afb6e94bb8f58435,deepseek-chat,698,208,906
1ef94d49498d4347afb6e94bb8f58435,unknown,0,0,0
1ef98dd84d134bff84548269118107e7,ark/deepseek-v3,1928,894,2822
1ef98dd84d134bff84548269118107e7,unknown,0,0,0
1efe8185b6a248d28655c31cccda74fc,unknown,0,0,0
1f003319cd0f45f197ba82459e26926a,ark/deepseek-v3-1,1405,857,2262
1f003319cd0f45f197ba82459e26926a,unknown,0,0,0
1f0e88f187bd44a9969350c00570dde1,deepseek-chat,2108,667,2775
1f0e88f187bd44a9969350c00570dde1,unknown,0,0,0
1f0f1618cf05483cba5e76e62f5f6eb5,ark/deepseek-v3,701,177,878
1f0f1618cf05483cba5e76e62f5f6eb5,unknown,0,0,0
1f12e8498ea24d7b8765faf273b34829,ark/deepseek-v3-1,1405,793,2198
1f12e8498ea24d7b8765faf273b34829,unknown,0,0,0
1f17eb16c7ab4633b6fac4bf4afd9f78,deepseek-chat,2184,749,2933
1f17eb16c7ab4633b6fac4bf4afd9f78,unknown,0,0,0
1f2493e51e2540188d1d9cbd2705ec9a,deepseek-chat,1486,610,2096
1f2493e51e2540188d1d9cbd2705ec9a,unknown,0,0,0
1f351189bfeb403f93aff5587fbcda75,ark/deepseek-v3,832,163,995
1f351189bfeb403f93aff5587fbcda75,unknown,0,0,0
1f3c58a9cbcf4cdb83aa35b15f723d25,ark/deepseek-v3,6000,1402,7402
1f3c58a9cbcf4cdb83aa35b15f723d25,unknown,0,0,0
1f3e6afcd4454320a974f22d38b45b47,ark/deepseek-v3,1455,209,1664
1f3e6afcd4454320a974f22d38b45b47,unknown,0,0,0
1f434e49ef8a4b37a2448ce504009ef5,unknown,0,0,0
1f4a1fe2ea4f43b194da5ebf3eed5f50,ark/deepseek-v3,1937,410,2347
1f4a1fe2ea4f43b194da5ebf3eed5f50,unknown,0,0,0
1f64218c594548c49575f9d3daef0fa8,ark/deepseek-v3-1,528,280,808
1f64218c594548c49575f9d3daef0fa8,unknown,0,0,0
1f71acb221b741b7aef38c24a3320912,ark/deepseek-v3,13444,2410,15854
1f71acb221b741b7aef38c24a3320912,unknown,0,0,0
1f71cc98e6d64424bef7689db6fcc68d,deepseek-chat,0,0,0
1f71cc98e6d64424bef7689db6fcc68d,unknown,0,0,0
1f71fad8f1414627afd823a57860e70f,ark/deepseek-v3,1061,333,1394
1f71fad8f1414627afd823a57860e70f,unknown,0,0,0
1f783db09c4346e4acf62f733eadfd95,ark/deepseek-v3,467,87,554
1f783db09c4346e4acf62f733eadfd95,unknown,0,0,0
1f78a8796d66487798299935780a757b,ark/deepseek-v3,467,94,561
1f78a8796d66487798299935780a757b,unknown,0,0,0
1f7d9703060d4da7a35209f6160194ad,deepseek-chat,670,344,1014
1f7d9703060d4da7a35209f6160194ad,unknown,0,0,0
1f7fb1a8be6c464ab6569fdb60bdc981,ark/deepseek-v3,701,178,879
1f7fb1a8be6c464ab6569fdb60bdc981,unknown,0,0,0
1f84878eea71488eb14fd3416b1efc62,deepseek-chat,3595,1401,4996
1f84878eea71488eb14fd3416b1efc62,gpt-4.1,4161,904,5065
1f84878eea71488eb14fd3416b1efc62,unknown,0,0,0
1f87762a616748dc9ff6752f0676afca,ark/deepseek-v3,1306,541,1847
1f87762a616748dc9ff6752f0676afca,unknown,0,0,0
1f87d7b2436e47798068921b91779d95,ark/deepseek-v3,1455,210,1665
1f87d7b2436e47798068921b91779d95,unknown,0,0,0
1f8801e0f7644f7d99a14c42f127ca40,ark/deepseek-v3,24121,4544,28665
1f8801e0f7644f7d99a14c42f127ca40,unknown,0,0,0
1f8c475b8ed347fb81f54b00c403ae95,ark/deepseek-v3,2397,467,2864
1f8c475b8ed347fb81f54b00c403ae95,unknown,0,0,0
1f9c909d05324ac9a4ab5f72ac10e2de,ark/deepseek-v3,1455,202,1657
1f9c909d05324ac9a4ab5f72ac10e2de,unknown,0,0,0
1fa1d0d847f44afea5b8a1db22608265,ark/deepseek-v3-1,528,290,818
1fa1d0d847f44afea5b8a1db22608265,unknown,0,0,0
1fa2ef6f6f494e34b0996582eac9d6b9,ark/deepseek-v3,3367,1210,4577
1fa2ef6f6f494e34b0996582eac9d6b9,unknown,0,0,0
1fa716fbf7814f0b9ff7db16a4b67863,deepseek-chat,2055,508,2563
1fa716fbf7814f0b9ff7db16a4b67863,unknown,0,0,0
1fae7e196f0f434cb8701500c69cf688,ark/deepseek-v3,701,179,880
1fae7e196f0f434cb8701500c69cf688,unknown,0,0,0
1fb812ff8b68435b8361b125f39a8e07,ark/deepseek-v3,0,0,0
1fb812ff8b68435b8361b125f39a8e07,unknown,0,0,0
1fca8ff94a244d1fb6c27417302503fb,ark/deepseek-v3,1455,188,1643
1fca8ff94a244d1fb6c27417302503fb,unknown,0,0,0
1fd07b25886340f0916da36c8f7ea9d4,ark/deepseek-v3,0,0,0
1fd07b25886340f0916da36c8f7ea9d4,unknown,0,0,0
1fdb81bec1ad43719ad5df14a5c613c4,ark/deepseek-v3,467,90,557
1fdb81bec1ad43719ad5df14a5c613c4,unknown,0,0,0
1fdc4c424ea54825b101738c8b601f51,ark/deepseek-v3,6645,1698,8343
1fdc4c424ea54825b101738c8b601f51,gpt-4.1,642,23,665
1fdc4c424ea54825b101738c8b601f51,unknown,0,0,0
1fe037193ace490f89f030b9e32b9f7c,ark/deepseek-v3,467,97,564
1fe037193ace490f89f030b9e32b9f7c,unknown,0,0,0
1fe10b1986a645b7847d9c96d156f9e6,ark/deepseek-v3-1,1749,834,2583
1fe10b1986a645b7847d9c96d156f9e6,deepseek-chat,6029,233,6262
1fe10b1986a645b7847d9c96d156f9e6,unknown,0,0,0
1fed783527c44bd8945ddc7f3789c469,deepseek-chat,671,358,1029
1fed783527c44bd8945ddc7f3789c469,unknown,0,0,0
1fedeb9257bb4fb7b9ca1ce182a3f3f0,deepseek-chat,2801,1056,3857
1fedeb9257bb4fb7b9ca1ce182a3f3f0,gpt-4.1,5097,1128,6225
1fedeb9257bb4fb7b9ca1ce182a3f3f0,unknown,0,0,0
1ff26338f1124e39b4d5af2945e99f2f,ark/deepseek-v3,2643,1461,4104
1ff26338f1124e39b4d5af2945e99f2f,unknown,0,0,0
1ff7691d7625495c88fe121cb9492a8e,deepseek-chat,11161,92,11253
1ff7691d7625495c88fe121cb9492a8e,unknown,0,0,0
1fff5c3d04bd4304855d73772479f677,ark/deepseek-v3,701,205,906
1fff5c3d04bd4304855d73772479f677,unknown,0,0,0
200500fdf8e3498d888e1c3f3425720a,ark/deepseek-v3,701,176,877
200500fdf8e3498d888e1c3f3425720a,unknown,0,0,0
200aae5f42204f3a96f65fe5f2ea699e,ark/deepseek-v3,113,1183,1296
200aae5f42204f3a96f65fe5f2ea699e,unknown,0,0,0
200ab38e334948538dc01704fea3441d,unknown,0,0,0
200c4e95480f49179213a26784e39632,deepseek-chat,561,207,768
200c4e95480f49179213a26784e39632,unknown,0,0,0
200ebeb2b1a44023b9ce48934fc5fee2,ark/deepseek-v3,0,0,0
200ebeb2b1a44023b9ce48934fc5fee2,unknown,0,0,0
201017667aa14cc6b63c0006b3440322,ark/deepseek-v3,701,198,899
201017667aa14cc6b63c0006b3440322,unknown,0,0,0
2010de6b660f4696855f9db960c5907a,ark/deepseek-v3,487,91,578
2010de6b660f4696855f9db960c5907a,unknown,0,0,0
2015637613524e52ab0f7ab38b7f44d6,ark/deepseek-v3,12018,1256,13274
2015637613524e52ab0f7ab38b7f44d6,unknown,0,0,0
202562e4a98d45f5a900f7e4dfe62f1a,ark/deepseek-v3,1455,184,1639
202562e4a98d45f5a900f7e4dfe62f1a,unknown,0,0,0
202593cb6e774694902ae3f3dfafbf07,ark/deepseek-v3,701,174,875
202593cb6e774694902ae3f3dfafbf07,unknown,0,0,0
202b64dc65f74fa4b9a4832c6734e799,ark/deepseek-v3,7270,1590,8860
202b64dc65f74fa4b9a4832c6734e799,unknown,0,0,0
205044409d9c4209bab894846191e314,ark/deepseek-v3,2376,1166,3542
205044409d9c4209bab894846191e314,unknown,0,0,0
2053b274de0c4418a2458e27343c0e62,deepseek-chat,671,389,1060
2053b274de0c4418a2458e27343c0e62,unknown,0,0,0
205a809099f84554acca19e8ab54ee72,ark/deepseek-v3,3079,747,3826
205a809099f84554acca19e8ab54ee72,unknown,0,0,0
205afeb6b8a34a23957387c8d53586c1,ark/deepseek-v3,38969,6323,45292
205afeb6b8a34a23957387c8d53586c1,unknown,0,0,0
2063104324e440499123777a71edc086,deepseek-chat,1387,342,1729
2063104324e440499123777a71edc086,unknown,0,0,0
2066156ef1bb4f2bb881d58df989fb45,ark/deepseek-v3-1,1405,980,2385
2066156ef1bb4f2bb881d58df989fb45,unknown,0,0,0
2070653016b8475caad25896a32cc14d,ark/deepseek-v3,1455,186,1641
2070653016b8475caad25896a32cc14d,unknown,0,0,0
20730dc63a96476d89c9b0eaf30b7be0,deepseek-chat,2099,1563,3662
20730dc63a96476d89c9b0eaf30b7be0,unknown,0,0,0
2076c21d4fec4daaa63b59623b500116,ark/deepseek-v3,4400,2535,6935
2076c21d4fec4daaa63b59623b500116,unknown,0,0,0
20772c2743fa46d88281d21b73c20e38,ark/deepseek-v3,1089,340,1429
20772c2743fa46d88281d21b73c20e38,unknown,0,0,0
208618f0309f4314a0f909be955c524d,ark/deepseek-v3,467,84,551
208618f0309f4314a0f909be955c524d,unknown,0,0,0
2098865c830c45e79febd83e85d42c0f,deepseek-chat,2256,1418,3674
2098865c830c45e79febd83e85d42c0f,unknown,0,0,0
20b3f8e0777b45218f0f9403bd60fc63,deepseek-chat,2747,1254,4001
20b3f8e0777b45218f0f9403bd60fc63,unknown,0,0,0
20b5bea39a40473e84643fdc845f87d8,ark/deepseek-v3,701,196,897
20b5bea39a40473e84643fdc845f87d8,unknown,0,0,0
20b7cb53df974d42b89fbb754a136a7b,deepseek-chat,1500,1101,2601
20b7cb53df974d42b89fbb754a136a7b,unknown,0,0,0
20bc166f76e14fe28df0e19d64da5dee,deepseek-chat,1053,650,1703
20bc166f76e14fe28df0e19d64da5dee,unknown,0,0,0
20bcf967066c4f40b7b866d036b8ceef,ark/deepseek-v3,701,180,881
20bcf967066c4f40b7b866d036b8ceef,unknown,0,0,0
20bf1ccfbf1845529180a37676294eac,ark/deepseek-v3,2399,455,2854
20bf1ccfbf1845529180a37676294eac,unknown,0,0,0
20c105c4565d4f8a8251f27f904096c2,ark/deepseek-v3,14886,3676,18562
20c105c4565d4f8a8251f27f904096c2,unknown,0,0,0
20c863d027524c73bde6bd7865249ef7,ark/deepseek-v3,6607,724,7331
20c863d027524c73bde6bd7865249ef7,unknown,0,0,0
20c9a0fdb8c84cacb21e10908558a444,deepseek-chat,2192,872,3064
20c9a0fdb8c84cacb21e10908558a444,unknown,0,0,0
20cd117e9fb24bcdaa4516ae1382f1bf,ark/deepseek-v3-1,3960,1610,5570
20cd117e9fb24bcdaa4516ae1382f1bf,unknown,0,0,0
20ce24a7488b446685af9194384b1a0e,deepseek-chat,884,518,1402
20ce24a7488b446685af9194384b1a0e,unknown,0,0,0
20d3507f91eb41f59311846ee9e2a62f,ark/deepseek-v3,1790,669,2459
20d3507f91eb41f59311846ee9e2a62f,unknown,0,0,0
20d50efa821447e39a8772b7120dc353,ark/deepseek-v3,5603,813,6416
20d50efa821447e39a8772b7120dc353,unknown,0,0,0
20d7c102e3f4485683ac16417c1bf7dd,gpt-4-0613,5502,3947,9449
20d7c102e3f4485683ac16417c1bf7dd,unknown,0,0,0
20da4b2dca114fa4a1559abb4b7da8a3,ark/deepseek-v3,5491,1126,6617
20da4b2dca114fa4a1559abb4b7da8a3,unknown,0,0,0
20dca3d06a98464393e6479dead3d2d9,ark/deepseek-v3,701,195,896
20dca3d06a98464393e6479dead3d2d9,unknown,0,0,0
20eaad29dab44287bbb0a2526ba1fc3c,deepseek-chat,2640,880,3520
20eaad29dab44287bbb0a2526ba1fc3c,unknown,0,0,0
20fc48eb7b954640a251162771dff679,ark/deepseek-v3,2102,1033,3135
20fc48eb7b954640a251162771dff679,unknown,0,0,0
21006986756f4a16807dbf7143c22c60,deepseek-chat,712,245,957
21006986756f4a16807dbf7143c22c60,unknown,0,0,0
210812f6a1404929b29734085be35fdc,ark/deepseek-v3,1060,337,1397
210812f6a1404929b29734085be35fdc,deepseek-chat,32794,627,33421
210812f6a1404929b29734085be35fdc,unknown,0,0,0
210939696ffa4f24a40e89793b85c436,ark/deepseek-v3,5651,1113,6764
210939696ffa4f24a40e89793b85c436,unknown,0,0,0
210dc99faca248599c900cd40c1db23e,ark/deepseek-v3,0,0,0
210dc99faca248599c900cd40c1db23e,unknown,0,0,0
210f6792ebe24974b0a02d15111d72d5,deepseek-chat,2848,1252,4100
210f6792ebe24974b0a02d15111d72d5,unknown,0,0,0
211060ad2151438bb29c55bbbb006d26,deepseek-chat,561,207,768
211060ad2151438bb29c55bbbb006d26,unknown,0,0,0
2110e676fb65424c918985eee1635578,ark/deepseek-v3,1707,381,2088
2110e676fb65424c918985eee1635578,unknown,0,0,0
211866a12c884764829ddc58d02575d5,deepseek-chat,2717,1014,3731
211866a12c884764829ddc58d02575d5,unknown,0,0,0
211afe7cad074f698a2ff6198ad930f3,ark/deepseek-v3,1088,321,1409
211afe7cad074f698a2ff6198ad930f3,unknown,0,0,0
212bc436765f4dc99b26966ed499ae65,ark/deepseek-v3,2612,299,2911
212bc436765f4dc99b26966ed499ae65,unknown,0,0,0
212e3a6161524766a6abd367cd049921,deepseek-chat,9400,1163,10563
212e3a6161524766a6abd367cd049921,unknown,0,0,0
213420075b234b559637d958459d68fa,deepseek-chat,671,379,1050
213420075b234b559637d958459d68fa,unknown,0,0,0
213d9b00b2e9447c99b53f85947396f8,deepseek-chat,905,471,1376
213d9b00b2e9447c99b53f85947396f8,unknown,0,0,0
214446dfa0324412a9c958ba6bd22d42,ark/deepseek-v3,1455,163,1618
214446dfa0324412a9c958ba6bd22d42,unknown,0,0,0
214e054b383c4ffc86006d8a21985263,deepseek-chat,958,438,1396
214e054b383c4ffc86006d8a21985263,unknown,0,0,0
215503d3814d448eb52c961240a34c38,ark/deepseek-v3,0,0,0
215503d3814d448eb52c961240a34c38,unknown,0,0,0
2159efdba8724f08b4fa73c36f358674,unknown,0,0,0
215fc0200e3e41b1832bfd479669e0fb,ark/deepseek-v3-1,2688,1030,3718
215fc0200e3e41b1832bfd479669e0fb,unknown,0,0,0
216667bee3a94c219353021f66c30625,ark/deepseek-v3,113,1062,1175
216667bee3a94c219353021f66c30625,unknown,0,0,0
216cb482e6784d6686a55c86c31c4352,ark/deepseek-v3,0,0,0
216cb482e6784d6686a55c86c31c4352,unknown,0,0,0
217113d666f74a7aa5918d9395228fbd,ark/deepseek-v3,4365,1094,5459
217113d666f74a7aa5918d9395228fbd,unknown,0,0,0
21753d80ebdd408f80f547add636f7da,deepseek-chat,671,428,1099
21753d80ebdd408f80f547add636f7da,unknown,0,0,0
2176a07f10714ecdbceb06b823333185,ark/deepseek-v3,701,209,910
2176a07f10714ecdbceb06b823333185,unknown,0,0,0
2177baf9b09f45779e1d3a3549e23e1a,deepseek-chat,812,228,1040
2177baf9b09f45779e1d3a3549e23e1a,unknown,0,0,0
217aa84dce6e407f9162b7d4f5eeda57,ark/deepseek-v3,701,211,912
217aa84dce6e407f9162b7d4f5eeda57,unknown,0,0,0
2182291b88b6477fb1a66db380db87a9,ark/deepseek-v3,5967,2043,8010
2182291b88b6477fb1a66db380db87a9,unknown,0,0,0
218b138895b94cb7be031c157db148d4,ark/deepseek-v3,1726,896,2622
218b138895b94cb7be031c157db148d4,unknown,0,0,0
218c7bf210b54ae29921bcbe8ab56bc5,ark/deepseek-v3,14032,2762,16794
218c7bf210b54ae29921bcbe8ab56bc5,unknown,0,0,0
219b4b481904400f97eca32d77e823f9,ark/deepseek-v3,695,79,774
219b4b481904400f97eca32d77e823f9,unknown,0,0,0
219d24e88b7c4d83bcc6948c4482178f,ark/deepseek-v3-1,0,0,0
219d24e88b7c4d83bcc6948c4482178f,unknown,0,0,0
219e0601cf1349aebc851358884ef1fc,deepseek-chat,561,207,768
219e0601cf1349aebc851358884ef1fc,unknown,0,0,0
219f15caead94d38b8c96e695d624947,ark/deepseek-v3,2400,491,2891
219f15caead94d38b8c96e695d624947,unknown,0,0,0
21a21d70026d4e1cad9611fbd0af53e9,ark/deepseek-v3,2397,1345,3742
21a21d70026d4e1cad9611fbd0af53e9,unknown,0,0,0
21a7817fd3494374b30abb3f8dbcf8d5,ark/deepseek-v3,1455,187,1642
21a7817fd3494374b30abb3f8dbcf8d5,unknown,0,0,0
21b82a28463b4d32a49f8d0e60a81c4d,ark/deepseek-v3,1991,687,2678
21b82a28463b4d32a49f8d0e60a81c4d,unknown,0,0,0
21c0abb0b2034a198903b97e55067093,deepseek-chat,774,403,1177
21c0abb0b2034a198903b97e55067093,unknown,0,0,0
21d2e4262e1542bb8b9e900f484a2e9f,ark/deepseek-v3,467,96,563
21d2e4262e1542bb8b9e900f484a2e9f,unknown,0,0,0
21dde3460e574ba698d6443612e0d629,ark/deepseek-v3,2324,1093,3417
21dde3460e574ba698d6443612e0d629,unknown,0,0,0
21dfc8c99aab4aaea9016201818dd43a,ark/deepseek-v3,1060,380,1440
21dfc8c99aab4aaea9016201818dd43a,unknown,0,0,0
21e68fd798c14302862d4e3cc5179c41,deepseek-chat,744,308,1052
21e68fd798c14302862d4e3cc5179c41,unknown,0,0,0
21e9efa432c0469c8cc405e10573654a,deepseek-chat,670,368,1038
21e9efa432c0469c8cc405e10573654a,unknown,0,0,0
21f66e46045f4c5dbb40ef63c37cde1b,deepseek-chat,561,206,767
21f66e46045f4c5dbb40ef63c37cde1b,unknown,0,0,0
21f97b1f61bc4d3dbd920cd784194702,ark/deepseek-v3,701,201,902
21f97b1f61bc4d3dbd920cd784194702,unknown,0,0,0
21fd77d0b587441a9f45eb181495d783,deepseek-chat,2103,1522,3625
21fd77d0b587441a9f45eb181495d783,unknown,0,0,0
21fdb4c2cad946038cd7963aaed9ea7e,deepseek-chat,1104,731,1835
21fdb4c2cad946038cd7963aaed9ea7e,gpt-4.1,1118,73,1191
21fdb4c2cad946038cd7963aaed9ea7e,unknown,0,0,0
2205ec096dd6472282cf57ecd4e197e1,deepseek-chat,561,221,782
2205ec096dd6472282cf57ecd4e197e1,unknown,0,0,0
22092b5df2404e7e96af86c9f31529d8,ark/deepseek-v3-1,1835,549,2384
22092b5df2404e7e96af86c9f31529d8,unknown,0,0,0
2209df9cb944430396286a1f7a45fffd,ark/deepseek-v3,0,0,0
2209df9cb944430396286a1f7a45fffd,unknown,0,0,0
220e3a0b827e4c349f5f2215a19e38d3,ark/deepseek-v3,701,201,902
220e3a0b827e4c349f5f2215a19e38d3,unknown,0,0,0
220e9b36a5e2495eb1b1d094a2adc542,deepseek-chat,736,279,1015
220e9b36a5e2495eb1b1d094a2adc542,unknown,0,0,0
2212b289f03744e5a8a7adacb81b345c,ark/deepseek-v3,701,176,877
2212b289f03744e5a8a7adacb81b345c,unknown,0,0,0
221468aed5c04e8f871028a271edadb7,deepseek-chat,671,454,1125
221468aed5c04e8f871028a271edadb7,unknown,0,0,0
221872d6f81d413495ac80ce97dec814,deepseek-chat,670,326,996
221872d6f81d413495ac80ce97dec814,unknown,0,0,0
221c026aae3e4140beed9215b204dd20,ark/deepseek-v3-1,1933,1107,3040
221c026aae3e4140beed9215b204dd20,unknown,0,0,0
221d41a26259473a85b030938ba787dd,deepseek-chat,1474,629,2103
221d41a26259473a85b030938ba787dd,unknown,0,0,0
222144e138e44e26af892c410ab4c95f,ark/deepseek-v3,701,195,896
222144e138e44e26af892c410ab4c95f,unknown,0,0,0
2224a79651cc40a3b5fd98b9f297739d,ark/deepseek-v3,9575,2505,12080
2224a79651cc40a3b5fd98b9f297739d,deepseek-chat,16951,667,17618
2224a79651cc40a3b5fd98b9f297739d,unknown,0,0,0
222ff5629ec34fdf821ffa9f45285636,ark/deepseek-v3,467,92,559
222ff5629ec34fdf821ffa9f45285636,unknown,0,0,0
22344b5f340e4e28a6707a16c3a3e9eb,deepseek-chat,0,0,0
22344b5f340e4e28a6707a16c3a3e9eb,unknown,0,0,0
2243586ba3a54637aad4357278842377,ark/deepseek-v3,1455,208,1663
2243586ba3a54637aad4357278842377,unknown,0,0,0
2244c1eb7e604dc09cf3ca7f6725fe2f,deepseek-chat,0,0,0
2244c1eb7e604dc09cf3ca7f6725fe2f,unknown,0,0,0
224ee9cdcd784e41b8f08a589aab71be,ark/deepseek-v3,1455,162,1617
224ee9cdcd784e41b8f08a589aab71be,unknown,0,0,0
2255cb9fa05b4a19887f9c524a166400,deepseek-chat,2144,472,2616
2255cb9fa05b4a19887f9c524a166400,unknown,0,0,0
22561cc14e0e4eec97242ad8b7caf5ea,deepseek-chat,943,354,1297
22561cc14e0e4eec97242ad8b7caf5ea,unknown,0,0,0
2256ce1163ad49a5985b191028387095,ark/deepseek-v3,5909,1362,7271
2256ce1163ad49a5985b191028387095,unknown,0,0,0
225b0136c9ba4161aba7ab60ccc77e35,deepseek-chat,0,0,0
225b0136c9ba4161aba7ab60ccc77e35,unknown,0,0,0
225e6469173840529fc1e55f0be82f8f,ark/deepseek-v3,5926,1257,7183
225e6469173840529fc1e55f0be82f8f,unknown,0,0,0
2262e471c0bb4312a71c53a229e79b82,ark/deepseek-v3,728,248,976
2262e471c0bb4312a71c53a229e79b82,unknown,0,0,0
226a4c63f1b24a9ab0d71d187fe0bad0,deepseek-chat,457,92,549
226a4c63f1b24a9ab0d71d187fe0bad0,unknown,0,0,0
2274518f977342cdb2ff469d6f8e6fdd,ark/deepseek-v3,6219,1962,8181
2274518f977342cdb2ff469d6f8e6fdd,gpt-4.1,651,31,682
2274518f977342cdb2ff469d6f8e6fdd,unknown,0,0,0
227d6dafb1e04056a0c407a2d9f25c79,ark/deepseek-v3,13444,2657,16101
227d6dafb1e04056a0c407a2d9f25c79,unknown,0,0,0
22845ca5df1a4fc788c752f484846aae,deepseek-chat,932,230,1162
22845ca5df1a4fc788c752f484846aae,gpt-4.1,953,0,953
22845ca5df1a4fc788c752f484846aae,unknown,0,0,0
22860524a24f461dadf1978c14adcfe5,ark/deepseek-v3,758,103,861
22860524a24f461dadf1978c14adcfe5,unknown,0,0,0
228e16c7e8a340fca41f25349e1d1617,deepseek-chat,1732,644,2376
228e16c7e8a340fca41f25349e1d1617,gpt-4.1,2970,508,3478
228e16c7e8a340fca41f25349e1d1617,unknown,0,0,0
229917ce21f6432293ca8305a94dbfb0,ark/deepseek-v3,467,94,561
229917ce21f6432293ca8305a94dbfb0,unknown,0,0,0
22a30c8e1d564cf2b4f00e2c25225091,ark/deepseek-v3,701,175,876
22a30c8e1d564cf2b4f00e2c25225091,unknown,0,0,0
22a5a02fb7e14b4fbffcd9b811fb6dfb,deepseek-chat,1388,548,1936
22a5a02fb7e14b4fbffcd9b811fb6dfb,unknown,0,0,0
22a914e414ab406098833159073d505e,unknown,0,0,0
22ac14f8f92a486a978bc3d8795d5da7,deepseek-chat,0,0,0
22ac14f8f92a486a978bc3d8795d5da7,unknown,0,0,0
22b95f4109934e398bb3230b1bf324ce,deepseek-chat,5,10,15
22b95f4109934e398bb3230b1bf324ce,unknown,0,0,0
22c69ef8e05746a6a48fa80749d37403,ark/deepseek-v3,1091,316,1407
22c69ef8e05746a6a48fa80749d37403,unknown,0,0,0
22cf035cf69745499696309ce954228d,ark/deepseek-v3,713,305,1018
22cf035cf69745499696309ce954228d,unknown,0,0,0
22d04021a8524cc1a94e353f1d9865a6,ark/deepseek-v3,6191,1358,7549
22d04021a8524cc1a94e353f1d9865a6,unknown,0,0,0
22d7d61e4ed04deb91371e6d876b2e08,deepseek-chat,561,207,768
22d7d61e4ed04deb91371e6d876b2e08,unknown,0,0,0
22e1476c8a7d4862a42f772e7aa8360d,ark/deepseek-v3,457,71,528
22e1476c8a7d4862a42f772e7aa8360d,unknown,0,0,0
22e43d1f5ded4dbdb464608f3d88e837,deepseek-chat,671,354,1025
22e43d1f5ded4dbdb464608f3d88e837,unknown,0,0,0
22e5b76bd0434c849ef523940722dbc8,ark/deepseek-v3-1,3940,1716,5656
22e5b76bd0434c849ef523940722dbc8,unknown,0,0,0
22e5d8f8cf7b47c18b4827b694fe52dd,ark/deepseek-v3,9404,2431,11835
22e5d8f8cf7b47c18b4827b694fe52dd,deepseek-chat,5397,174,5571
22e5d8f8cf7b47c18b4827b694fe52dd,unknown,0,0,0
22f7e7fe15ce4a4693f3c8cfd1129b94,ark/deepseek-v3,0,0,0
22f7e7fe15ce4a4693f3c8cfd1129b94,unknown,0,0,0
2300302dfedb47fca41972f3aa9cc9b1,deepseek-chat,670,351,1021
2300302dfedb47fca41972f3aa9cc9b1,unknown,0,0,0
2310008bb4da4a81b8e7c53d7de1076f,ark/deepseek-v3,2030,192,2222
2310008bb4da4a81b8e7c53d7de1076f,unknown,0,0,0
2311acba438242d18c1334c3bc893939,ark/deepseek-v3,880,3174,4054
2311acba438242d18c1334c3bc893939,unknown,0,0,0
2323704e0a7d4ca6aa31b2e7767efa36,deepseek-chat,4139,2536,6675
2323704e0a7d4ca6aa31b2e7767efa36,unknown,0,0,0
232a262880454f129477fd50696e14c1,ark/deepseek-v3,4775,916,5691
232a262880454f129477fd50696e14c1,unknown,0,0,0
232ccdbe138940778cbae2d227627dfc,ark/deepseek-v3,0,0,0
232ccdbe138940778cbae2d227627dfc,unknown,0,0,0
234257f6cb98471da5c40cf4ce985942,ark/deepseek-v3-1,2407,885,3292
234257f6cb98471da5c40cf4ce985942,deepseek-chat,6383,505,6888
234257f6cb98471da5c40cf4ce985942,gpt-4.1,3063,490,3553
234257f6cb98471da5c40cf4ce985942,unknown,0,0,0
2343c44b25ee426f9fe9cfa2177480b6,deepseek-chat,2249,881,3130
2343c44b25ee426f9fe9cfa2177480b6,unknown,0,0,0
2346fccf5dca417b9905d93a5dc4867d,ark/deepseek-v3,758,101,859
2346fccf5dca417b9905d93a5dc4867d,unknown,0,0,0
2347b636ade949a1acac29bc982a0e79,ark/deepseek-v3-1,1079,447,1526
2347b636ade949a1acac29bc982a0e79,unknown,0,0,0
2348270923554dd380ecad598622755a,deepseek-chat,2236,1400,3636
2348270923554dd380ecad598622755a,unknown,0,0,0
234a2ed13a2c4b64820843b8a7f682ed,ark/deepseek-v3,1064,293,1357
234a2ed13a2c4b64820843b8a7f682ed,deepseek-chat,6231,201,6432
234a2ed13a2c4b64820843b8a7f682ed,unknown,0,0,0
23556bc5379047d9ac7054a094054c06,ark/deepseek-v3,1232,578,1810
23556bc5379047d9ac7054a094054c06,unknown,0,0,0
2359f20f564e4b2e9b21902d58d8ab9f,ark/deepseek-v3,467,131,598
2359f20f564e4b2e9b21902d58d8ab9f,unknown,0,0,0
236886c5a11c4b29bf59c74044119b18,deepseek-chat,3230,1626,4856
236886c5a11c4b29bf59c74044119b18,gpt-4.1,3370,989,4359
236886c5a11c4b29bf59c74044119b18,unknown,0,0,0
236ae17c06d3459abb6cd2ee4b4ff592,ark/deepseek-v3,1046,2264,3310
236ae17c06d3459abb6cd2ee4b4ff592,unknown,0,0,0
236ec84bf35d4f1988a274d9e235ca72,ark/deepseek-v3,1455,187,1642
236ec84bf35d4f1988a274d9e235ca72,unknown,0,0,0
236fdc6e65a74bfc9ad07971631ad5f8,ark/deepseek-v3,6431,1039,7470
236fdc6e65a74bfc9ad07971631ad5f8,unknown,0,0,0
23718253f2074e9dbb1c9567558d4570,deepseek-chat,1395,392,1787
23718253f2074e9dbb1c9567558d4570,unknown,0,0,0
2380cda3628f48e8b09cadd488a77cc0,ark/deepseek-v3,3143,333,3476
2380cda3628f48e8b09cadd488a77cc0,ark/deepseek-v3-1,0,0,0
2380cda3628f48e8b09cadd488a77cc0,unknown,0,0,0
2380d81b6d134843a31ecc15b9a148cd,ark/deepseek-v3,354,2539,2893
2380d81b6d134843a31ecc15b9a148cd,unknown,0,0,0
2381085acd2f465dab26ed593c46cea6,deepseek-chat,1307,292,1599
2381085acd2f465dab26ed593c46cea6,gpt-4.1,1610,213,1823
2381085acd2f465dab26ed593c46cea6,unknown,0,0,0
23872036b6e449f5bd0a09d11973b969,ark/deepseek-v3,701,209,910
23872036b6e449f5bd0a09d11973b969,unknown,0,0,0
238b0b5ff0574f8b9382da42f25c6a6d,ark/deepseek-v3,2130,286,2416
238b0b5ff0574f8b9382da42f25c6a6d,unknown,0,0,0
238b212f456643ad82696a28084084cd,ark/deepseek-v3,1251,216,1467
238b212f456643ad82696a28084084cd,unknown,0,0,0
23927728b40c42ae88412fe1afca2096,deepseek-chat,671,443,1114
23927728b40c42ae88412fe1afca2096,unknown,0,0,0
2399158a33a847489e550145b8f98170,ark/deepseek-v3,6105,1736,7841
2399158a33a847489e550145b8f98170,gpt-4.1,664,47,711
2399158a33a847489e550145b8f98170,unknown,0,0,0
23a1fcb7fc6e4c6fbdffea91eee230cc,ark/deepseek-v3,758,118,876
23a1fcb7fc6e4c6fbdffea91eee230cc,unknown,0,0,0
23ab49374c5945c397443d814d3accf1,ark/deepseek-v3,4264,2142,6406
23ab49374c5945c397443d814d3accf1,unknown,0,0,0
23b0f3e04d844e1d8792dd496a1374eb,ark/deepseek-v3,6035,1847,7882
23b0f3e04d844e1d8792dd496a1374eb,gpt-4.1,642,21,663
23b0f3e04d844e1d8792dd496a1374eb,unknown,0,0,0
23b3a39b734f4feaadb4752f67518197,ark/deepseek-v3,1455,235,1690
23b3a39b734f4feaadb4752f67518197,deepseek-chat,0,0,0
23b3a39b734f4feaadb4752f67518197,unknown,0,0,0
23b5ade00182478d9265060eea9694ba,deepseek-chat,671,349,1020
23b5ade00182478d9265060eea9694ba,unknown,0,0,0
23b84e4d78424e3183e41b5a1ee30a3b,deepseek-chat,671,383,1054
23b84e4d78424e3183e41b5a1ee30a3b,unknown,0,0,0
23ba2d4892c3421f94343284c61830d4,ark/deepseek-v3,467,95,562
23ba2d4892c3421f94343284c61830d4,unknown,0,0,0
23ba746a0a1a41f88eb3a0080239bfa0,ark/deepseek-v3,1860,991,2851
23ba746a0a1a41f88eb3a0080239bfa0,unknown,0,0,0
23bd1574d3714b3f972ffe9759d8d616,ark/deepseek-v3,1455,222,1677
23bd1574d3714b3f972ffe9759d8d616,unknown,0,0,0
23c8b97e7e3f4791ae3d2879d147648e,deepseek-chat,561,207,768
23c8b97e7e3f4791ae3d2879d147648e,unknown,0,0,0
23cc54b413d54b3dba1e1f01b3935282,deepseek-chat,1215,481,1696
23cc54b413d54b3dba1e1f01b3935282,unknown,0,0,0
23d1b3a200904534b4807e547af992c1,deepseek-chat,816,404,1220
23d1b3a200904534b4807e547af992c1,unknown,0,0,0
23d49814eacd469bb2cea03351a90723,ark/deepseek-v3,1064,285,1349
23d49814eacd469bb2cea03351a90723,unknown,0,0,0
23e3c5b826cd4ed7b79b6c23b133570e,ark/deepseek-v3,758,102,860
23e3c5b826cd4ed7b79b6c23b133570e,unknown,0,0,0
23e50bc0b8b949219afeaf4f983037da,deepseek-chat,561,225,786
23e50bc0b8b949219afeaf4f983037da,unknown,0,0,0
23f0f3300b1b44299d40bb653bab256a,ark/deepseek-v3,9563,1345,10908
23f0f3300b1b44299d40bb653bab256a,unknown,0,0,0
23f14244968f4037ab47b58f17f6197a,deepseek-chat,1056,430,1486
23f14244968f4037ab47b58f17f6197a,unknown,0,0,0
23f3b33e5f9f42cf92afa90774f713cc,ark/deepseek-v3,0,0,0
23f3b33e5f9f42cf92afa90774f713cc,unknown,0,0,0
23fb381d4f3343edba24a8f1d98c457d,ark/deepseek-v3,701,176,877
23fb381d4f3343edba24a8f1d98c457d,unknown,0,0,0
240d0da741054217bb8cff5ac8a25088,deepseek-chat,6813,248,7061
240d0da741054217bb8cff5ac8a25088,unknown,0,0,0
2416a002a2cb488d8b667eef57972e9e,deepseek-chat,752,382,1134
2416a002a2cb488d8b667eef57972e9e,unknown,0,0,0
241b76de34f24ccd8c861c95a99a060e,ark/deepseek-v3,467,89,556
241b76de34f24ccd8c861c95a99a060e,unknown,0,0,0
242d0aab032940da90c99e4761602377,ark/deepseek-v3,1866,1092,2958
242d0aab032940da90c99e4761602377,unknown,0,0,0
242d33e73e6e4d6cb5bc601b5559950c,ark/deepseek-v3,6853,1462,8315
242d33e73e6e4d6cb5bc601b5559950c,unknown,0,0,0
242f2e0ef9914dc78a82b74191b5aa40,deepseek-chat,2632,1034,3666
242f2e0ef9914dc78a82b74191b5aa40,unknown,0,0,0
242f36cb77d044eda25ba9d583d1f086,ark/deepseek-v3,465,87,552
242f36cb77d044eda25ba9d583d1f086,unknown,0,0,0
2433a730a702450a8efd184e1216241b,ark/deepseek-v3,987,231,1218
2433a730a702450a8efd184e1216241b,unknown,0,0,0
24355241fd694a06a10a246d4ef7c934,ark/deepseek-v3,698,247,945
24355241fd694a06a10a246d4ef7c934,unknown,0,0,0
24373865ce274883bacc400a1b5045d5,ark/deepseek-v3,1200,639,1839
24373865ce274883bacc400a1b5045d5,unknown,0,0,0
2437c385c11344adab93464067ca1d00,ark/deepseek-v3,25424,4434,29858
2437c385c11344adab93464067ca1d00,unknown,0,0,0
2439933e14d94230b590df8685424000,deepseek-chat,670,309,979
2439933e14d94230b590df8685424000,unknown,0,0,0
243a8a116074413f9be91d48dd396618,deepseek-chat,1379,438,1817
243a8a116074413f9be91d48dd396618,unknown,0,0,0
243b792864f247948f88251e179be9ec,deepseek-chat,2727,874,3601
243b792864f247948f88251e179be9ec,unknown,0,0,0
2441d74be4fc47238dcc5b134a99de39,deepseek-chat,692,273,965
2441d74be4fc47238dcc5b134a99de39,unknown,0,0,0
2444f63c3f674ce4abdce7cdd893224a,ark/deepseek-v3,1455,204,1659
2444f63c3f674ce4abdce7cdd893224a,unknown,0,0,0
244a3646f8b74175ab5d6dc86d41c46e,ark/deepseek-v3,1502,783,2285
244a3646f8b74175ab5d6dc86d41c46e,unknown,0,0,0
2461b73871cd442c80dfeb3b1fe95f74,ark/deepseek-v3,4654,2425,7079
2461b73871cd442c80dfeb3b1fe95f74,unknown,0,0,0
246582dd3b1244ababb6be3ff5e9752e,ark/deepseek-v3,14830,3198,18028
246582dd3b1244ababb6be3ff5e9752e,unknown,0,0,0
246783ce06b747c1bf019786a011d140,deepseek-chat,1435,954,2389
246783ce06b747c1bf019786a011d140,unknown,0,0,0
246ac454ce344ec4ad2733c04bd8db7a,ark/deepseek-v3-1,1405,855,2260
246ac454ce344ec4ad2733c04bd8db7a,unknown,0,0,0
246e9ed083f74244b9d18d1a6d5fba0e,ark/deepseek-v3,1455,202,1657
246e9ed083f74244b9d18d1a6d5fba0e,unknown,0,0,0
24723d9471d4411fb8d5ce22443a89b6,ark/deepseek-v3,1182,650,1832
24723d9471d4411fb8d5ce22443a89b6,unknown,0,0,0
247539d4cb5e48238c6662267becb6f9,ark/deepseek-v3,987,274,1261
247539d4cb5e48238c6662267becb6f9,unknown,0,0,0
247fc870b8a449d7bedd648c01a92bb0,ark/deepseek-v3,3143,314,3457
247fc870b8a449d7bedd648c01a92bb0,unknown,0,0,0
2480300745ff467dbd1e5b296fd95f91,ark/deepseek-v3-1,5327,2634,7961
2480300745ff467dbd1e5b296fd95f91,gpt-4.1,4033,1053,5086
2480300745ff467dbd1e5b296fd95f91,unknown,0,0,0
2489b30835094a069f864ebfafae3140,ark/deepseek-v3,1172,634,1806
2489b30835094a069f864ebfafae3140,unknown,0,0,0
248df7e60f0f45628a4132f5a5cce57d,deepseek-chat,1384,422,1806
248df7e60f0f45628a4132f5a5cce57d,unknown,0,0,0
24909636a1aa4e83a945898eb196686a,ark/deepseek-v3,1455,202,1657
24909636a1aa4e83a945898eb196686a,unknown,0,0,0
24a0617deae04c43a568b94358f013ba,deepseek-chat,561,207,768
24a0617deae04c43a568b94358f013ba,unknown,0,0,0
24a063b33bb143d7a1b1d39252dea035,deepseek-chat,1055,454,1509
24a063b33bb143d7a1b1d39252dea035,gpt-4.1,942,29,971
24a063b33bb143d7a1b1d39252dea035,unknown,0,0,0
24adacc6524b4f1c9e27cbaf85d3830c,deepseek-chat,3181,1178,4359
24adacc6524b4f1c9e27cbaf85d3830c,unknown,0,0,0
24ae94c58a9647cd8feaacc647848515,deepseek-chat,0,0,0
24ae94c58a9647cd8feaacc647848515,unknown,0,0,0
24c34a7c1b9848459ebb2528c13dfdec,ark/deepseek-v3,467,85,552
24c34a7c1b9848459ebb2528c13dfdec,unknown,0,0,0
24d0c4026260492cba0ff588b98bf3e0,ark/deepseek-v3-1,5791,2617,8408
24d0c4026260492cba0ff588b98bf3e0,gpt-4.1,3827,1047,4874
24d0c4026260492cba0ff588b98bf3e0,unknown,0,0,0
24e6a4714afa4c35a9747f755c919120,deepseek-chat,2766,694,3460
24e6a4714afa4c35a9747f755c919120,unknown,0,0,0
24ec36e0f86b4086b5acb80107f83477,deepseek-chat,670,317,987
24ec36e0f86b4086b5acb80107f83477,unknown,0,0,0
24f2e1a3e6e14cf38d29e2673b6d02e2,deepseek-chat,913,393,1306
24f2e1a3e6e14cf38d29e2673b6d02e2,unknown,0,0,0
24f4f8f3024e4569a2647270c69fedfc,unknown,0,0,0
24f664b85e8c408d9ce29478799d489d,deepseek-chat,1180,238,1418
24f664b85e8c408d9ce29478799d489d,unknown,0,0,0
24fb6fe291ec4cb38ec593ae0c77dd13,ark/kimi-k2,1659,898,2557
24fb6fe291ec4cb38ec593ae0c77dd13,unknown,0,0,0
25010908fc2441579941d59dff318354,deepseek-chat,5074,993,6067
25010908fc2441579941d59dff318354,unknown,0,0,0
25113d53fe844ebeb12193e4e8d80131,deepseek-chat,2204,750,2954
25113d53fe844ebeb12193e4e8d80131,unknown,0,0,0
2512e834d80c41aba6c436430560570e,ark/deepseek-v3,465,89,554
2512e834d80c41aba6c436430560570e,unknown,0,0,0
251957d083a24dedbfcc8617e8f386cd,ark/deepseek-v3-1,3264,1374,4638
251957d083a24dedbfcc8617e8f386cd,gpt-4.1,3759,579,4338
251957d083a24dedbfcc8617e8f386cd,unknown,0,0,0
25207cdd5121499b8991a0fdc6941872,ark/deepseek-v3,0,0,0
25207cdd5121499b8991a0fdc6941872,unknown,0,0,0
2520bfee817448f0a1cbfeaee2d1c384,ark/deepseek-v3,467,94,561
2520bfee817448f0a1cbfeaee2d1c384,unknown,0,0,0
2527b0112335419f980f7199d40e3e4b,ark/deepseek-v3,603,335,938
2527b0112335419f980f7199d40e3e4b,unknown,0,0,0
252a8e425fba4c75b4cbc75c34d9b63a,unknown,0,0,0
252e739c52ca4245aabcf5c14af7fa3e,deepseek-chat,0,0,0
252e739c52ca4245aabcf5c14af7fa3e,unknown,0,0,0
253d1e88c3ac4797bf2e6034ffd4364d,ark/deepseek-v3,4062,810,4872
253d1e88c3ac4797bf2e6034ffd4364d,unknown,0,0,0
253e61f7002a49e9bcda6a1a6246399a,ark/deepseek-v3,701,178,879
253e61f7002a49e9bcda6a1a6246399a,unknown,0,0,0
2546e69aee234b1ba0a38babfc59d174,ark/deepseek-v3,0,0,0
2546e69aee234b1ba0a38babfc59d174,unknown,0,0,0
2552730084864bd7a5a5d631a7a2c93a,ark/deepseek-v3,8265,1165,9430
2552730084864bd7a5a5d631a7a2c93a,unknown,0,0,0
25567d9a6c7c4b33a11ae99d33a95bdb,ark/deepseek-v3,1156,571,1727
25567d9a6c7c4b33a11ae99d33a95bdb,unknown,0,0,0
255769a18d8f405c9aceeeff1d0a4e22,ark/deepseek-v3-1,1677,704,2381
255769a18d8f405c9aceeeff1d0a4e22,unknown,0,0,0
256317f3c5e546bea6de65ac046f71cd,deepseek-chat,1449,596,2045
256317f3c5e546bea6de65ac046f71cd,unknown,0,0,0
25673a6b991f4775961aef65b7d5e123,deepseek-chat,819,350,1169
25673a6b991f4775961aef65b7d5e123,unknown,0,0,0
25745b5b6adf41b789f89b28b5ef0edc,ark/deepseek-v3-1,1405,931,2336
25745b5b6adf41b789f89b28b5ef0edc,unknown,0,0,0
257e6a9f637c45249669c48d32592241,ark/deepseek-v3-1,4145,985,5130
257e6a9f637c45249669c48d32592241,unknown,0,0,0
2580ae071a56489eb7c99bfe76d18dfb,ark/deepseek-v3,6166,1890,8056
2580ae071a56489eb7c99bfe76d18dfb,gpt-4.1,648,26,674
2580ae071a56489eb7c99bfe76d18dfb,unknown,0,0,0
25830695f03b40f6a19ec3d8c29b0807,deepseek-chat,670,367,1037
25830695f03b40f6a19ec3d8c29b0807,unknown,0,0,0
25830ed1e71d42faacb2b17b3e1b1c59,ark/deepseek-v3,1089,287,1376
25830ed1e71d42faacb2b17b3e1b1c59,unknown,0,0,0
25869645b66144a986382deb38ca1011,deepseek-chat,658,320,978
25869645b66144a986382deb38ca1011,unknown,0,0,0
259e8fb6c6474c758138402bed1efbdc,deepseek-chat,561,228,789
259e8fb6c6474c758138402bed1efbdc,unknown,0,0,0
25a33cfa396b4fe795e5642a25c1d911,ark/deepseek-v3,701,198,899
25a33cfa396b4fe795e5642a25c1d911,unknown,0,0,0
25a60434f44940099daec2e093b3b535,deepseek-chat,561,207,768
25a60434f44940099daec2e093b3b535,unknown,0,0,0
25ab93f6dd704e5eaba65ee46dcc8703,ark/deepseek-v3,467,99,566
25ab93f6dd704e5eaba65ee46dcc8703,unknown,0,0,0
25ae84328f6a45c98eae700c2271520e,deepseek-chat,860,391,1251
25ae84328f6a45c98eae700c2271520e,unknown,0,0,0
25aedf75c8094d048eeb1c8a4b2f4d39,ark/deepseek-v3,0,0,0
25aedf75c8094d048eeb1c8a4b2f4d39,unknown,0,0,0
25b499cb59be48d1b6a39397d16b58c7,deepseek-chat,670,309,979
25b499cb59be48d1b6a39397d16b58c7,unknown,0,0,0
25b4e90767fe43bc992ae34ebc22d2a0,ark/deepseek-v3,11846,2086,13932
25b4e90767fe43bc992ae34ebc22d2a0,unknown,0,0,0
25b7d9895c564f519b13e31267c1a5f3,ark/deepseek-v3-1,1405,914,2319
25b7d9895c564f519b13e31267c1a5f3,unknown,0,0,0
25c2ce5893b04b0e988e49020bdb73d9,ark/deepseek-v3,467,97,564
25c2ce5893b04b0e988e49020bdb73d9,unknown,0,0,0
25c3537b8c16483fba8aa2f0cb8a64eb,deepseek-chat,912,467,1379
25c3537b8c16483fba8aa2f0cb8a64eb,unknown,0,0,0
25cc24cb6400482b96f34506b6d2bc6e,deepseek-chat,1042,413,1455
25cc24cb6400482b96f34506b6d2bc6e,gpt-4.1,1418,324,1742
25cc24cb6400482b96f34506b6d2bc6e,unknown,0,0,0
25d4b26192104c2b875e565c4ff5a65d,deepseek-chat,1133,358,1491
25d4b26192104c2b875e565c4ff5a65d,unknown,0,0,0
25d6c4c676754af7bffcc72693f1aafe,deepseek-chat,731,315,1046
25d6c4c676754af7bffcc72693f1aafe,unknown,0,0,0
25d847e94a2b4e8799c64566078f32d9,deepseek-chat,737,394,1131
25d847e94a2b4e8799c64566078f32d9,unknown,0,0,0
25dd0f4d875f4c0ab47561cc1747d6fa,unknown,0,0,0
25df9db85a114dfbae30021652f3d0b5,ark/deepseek-v3,2399,458,2857
25df9db85a114dfbae30021652f3d0b5,unknown,0,0,0
25e14c5c04c24cdc929d71cbc5604b8b,deepseek-chat,561,207,768
25e14c5c04c24cdc929d71cbc5604b8b,unknown,0,0,0
25e4f30df4a245ba86341535c1259eb1,ark/deepseek-v3,1089,288,1377
25e4f30df4a245ba86341535c1259eb1,unknown,0,0,0
25e7a7aa158548088088c3c3e3734c33,ark/deepseek-v3,4685,1606,6291
25e7a7aa158548088088c3c3e3734c33,unknown,0,0,0
25e961cd97904218926a23d05ab7eabb,deepseek-chat,0,0,0
25e961cd97904218926a23d05ab7eabb,unknown,0,0,0
25ed1e89df3d4fefa7fc4ece74f5d713,ark/deepseek-v3,467,97,564
25ed1e89df3d4fefa7fc4ece74f5d713,unknown,0,0,0
25f5b2b1d338402cabf854c2a6cf731d,deepseek-chat,718,303,1021
25f5b2b1d338402cabf854c2a6cf731d,unknown,0,0,0
25f75bc999314d67a1ddf81171361fb0,ark/deepseek-v3,5985,753,6738
25f75bc999314d67a1ddf81171361fb0,unknown,0,0,0
26006d165cdc46d8a020761dcf438964,deepseek-chat,670,330,1000
26006d165cdc46d8a020761dcf438964,unknown,0,0,0
26060aef44994304b89ea683475bf8f8,ark/deepseek-v3,467,91,558
26060aef44994304b89ea683475bf8f8,unknown,0,0,0
260927b39c7046bc846292793b7d098a,ark/deepseek-v3,0,0,0
260927b39c7046bc846292793b7d098a,unknown,0,0,0
260d9b12adb847cebb796bf9fd13dd0c,deepseek-chat,670,345,1015
260d9b12adb847cebb796bf9fd13dd0c,gpt-4.1,943,77,1020
260d9b12adb847cebb796bf9fd13dd0c,unknown,0,0,0
260f47d4f5494735a05615b92bc485d0,ark/deepseek-v3,467,97,564
260f47d4f5494735a05615b92bc485d0,unknown,0,0,0
2612d08760f247de836452b450e5f999,ark/deepseek-v3,467,91,558
2612d08760f247de836452b450e5f999,unknown,0,0,0
262130b036da419a925599248df64b14,ark/deepseek-v3,3076,426,3502
262130b036da419a925599248df64b14,unknown,0,0,0
263241ae794342a790f04111ec46d3f6,deepseek-chat,935,525,1460
263241ae794342a790f04111ec46d3f6,unknown,0,0,0
26345dd1b7b14fbf99cf9c26543743f2,ark/deepseek-v3-1,5100,2657,7757
26345dd1b7b14fbf99cf9c26543743f2,unknown,0,0,0
2635894346bf453695d9c6df9b9249a3,ark/deepseek-v3,1455,180,1635
2635894346bf453695d9c6df9b9249a3,unknown,0,0,0
2639d32362e641b297225349c3dc603a,deepseek-chat,956,447,1403
2639d32362e641b297225349c3dc603a,unknown,0,0,0
263b632582fa47c090fa6d0cb382b496,ark/kimi-k2,1069,762,1831
263b632582fa47c090fa6d0cb382b496,unknown,0,0,0
263f1fc23fc04eff9fbf083f50745fee,ark/deepseek-v3,1061,319,1380
263f1fc23fc04eff9fbf083f50745fee,unknown,0,0,0
26436f14cc7f458c90df020dc11af87d,deepseek-chat,2157,821,2978
26436f14cc7f458c90df020dc11af87d,unknown,0,0,0
2644277e02a6481585b46e846bc406f8,ark/deepseek-v3,465,103,568
2644277e02a6481585b46e846bc406f8,unknown,0,0,0
264847b0d6bc4591bcf0bc0708de29bd,ark/deepseek-v3,1509,810,2319
264847b0d6bc4591bcf0bc0708de29bd,unknown,0,0,0
2661a7c500bf4a48af91ba2654c26a9a,ark/deepseek-v3,28848,5474,34322
2661a7c500bf4a48af91ba2654c26a9a,unknown,0,0,0
26641e82d5ef4c87b47f4a2e7b27a4ec,ark/deepseek-v3,2310,375,2685
26641e82d5ef4c87b47f4a2e7b27a4ec,unknown,0,0,0
266e76347fbd465cb2265651e82d8f35,ark/deepseek-v3,467,95,562
266e76347fbd465cb2265651e82d8f35,unknown,0,0,0
2671a36ff5b142339475e1bd07e51b7a,ark/deepseek-v3,6048,1811,7859
2671a36ff5b142339475e1bd07e51b7a,gpt-4.1,651,30,681
2671a36ff5b142339475e1bd07e51b7a,unknown,0,0,0
2673ccd2447348a78d642cb240fdbfbb,deepseek-chat,1057,474,1531
2673ccd2447348a78d642cb240fdbfbb,gpt-4.1,947,34,981
2673ccd2447348a78d642cb240fdbfbb,unknown,0,0,0
2678c13fb79348c7816fc666f31fbadb,deepseek-chat,670,345,1015
2678c13fb79348c7816fc666f31fbadb,unknown,0,0,0
2679b335b3844ca682166f9b631d29cd,ark/deepseek-v3,1172,629,1801
2679b335b3844ca682166f9b631d29cd,unknown,0,0,0
267a6e5808f24d1abfda5d9d80549281,ark/deepseek-v3,4062,788,4850
267a6e5808f24d1abfda5d9d80549281,unknown,0,0,0
267c6e1dbd8041eaa41abc8c96117355,ark/deepseek-v3,5912,1327,7239
267c6e1dbd8041eaa41abc8c96117355,unknown,0,0,0
26868fb47c864eb18390952196fe7584,ark/deepseek-v3,1089,297,1386
26868fb47c864eb18390952196fe7584,unknown,0,0,0
26891a298295426c96e2e03214b7f0df,ark/deepseek-v3-1,1113,466,1579
26891a298295426c96e2e03214b7f0df,unknown,0,0,0
268d019d939f4794a6e411e5dcd6324c,ark/deepseek-v3,8231,875,9106
268d019d939f4794a6e411e5dcd6324c,unknown,0,0,0
268eecd723ca4cd988d68f116d9e6efd,deepseek-chat,2757,1129,3886
268eecd723ca4cd988d68f116d9e6efd,unknown,0,0,0
269242fa05854fe7811d7ad24528cee6,deepseek-chat,950,409,1359
269242fa05854fe7811d7ad24528cee6,unknown,0,0,0
2693d064dae14eb7b1b5e998994b0bcd,ark/deepseek-v3,758,131,889
2693d064dae14eb7b1b5e998994b0bcd,unknown,0,0,0
26942167b4304814b779a8fdda7024b2,ark/deepseek-v3,695,70,765
26942167b4304814b779a8fdda7024b2,unknown,0,0,0
2694bfff79844c529f3ccf74fd4005e0,ark/deepseek-v3,1315,611,1926
2694bfff79844c529f3ccf74fd4005e0,unknown,0,0,0
2697facd9aaf42b0bbf76c8394b6a6ea,deepseek-chat,1065,189,1254
2697facd9aaf42b0bbf76c8394b6a6ea,unknown,0,0,0
269db0f954f643698d973acc4debdaef,ark/deepseek-v3,4536,335,4871
269db0f954f643698d973acc4debdaef,unknown,0,0,0
269e96d1414b48159ded33e3dd56b577,ark/deepseek-v3,465,90,555
269e96d1414b48159ded33e3dd56b577,unknown,0,0,0
26aba455736e45a7b897e3a93a7daf6e,ark/deepseek-v3,701,175,876
26aba455736e45a7b897e3a93a7daf6e,unknown,0,0,0
26b3758bd891430895a042b408d98bd8,ark/deepseek-v3,1229,514,1743
26b3758bd891430895a042b408d98bd8,unknown,0,0,0
26b74237655645fe8c1e29febb7331b9,deepseek-chat,2109,889,2998
26b74237655645fe8c1e29febb7331b9,unknown,0,0,0
26bc2908c3204a3586507271b3ec9f83,deepseek-chat,3234,1440,4674
26bc2908c3204a3586507271b3ec9f83,gpt-4.1,3391,968,4359
26bc2908c3204a3586507271b3ec9f83,unknown,0,0,0
26c0a5cb20384c03a3b5a74ac2b2a643,ark/deepseek-v3,6185,1540,7725
26c0a5cb20384c03a3b5a74ac2b2a643,gpt-4.1,639,20,659
26c0a5cb20384c03a3b5a74ac2b2a643,unknown,0,0,0
26c745ac992f439cbcace1eddc58680b,deepseek-chat,561,206,767
26c745ac992f439cbcace1eddc58680b,unknown,0,0,0
26cbb3a29e224f12883f73c601d105a9,unknown,0,0,0
26cdebbf344548dd92418629c874ec33,ark/deepseek-v3,467,95,562
26cdebbf344548dd92418629c874ec33,unknown,0,0,0
26cdf7e189d84d6c95ac5c8fec9ae953,ark/deepseek-v3-1,528,250,778
26cdf7e189d84d6c95ac5c8fec9ae953,unknown,0,0,0
26cfa5d0043c456ea6e7e9142889d4b5,deepseek-chat,2597,710,3307
26cfa5d0043c456ea6e7e9142889d4b5,unknown,0,0,0
26d494445c34405c89f96b7d68c1d7bb,ark/deepseek-v3,7189,1213,8402
26d494445c34405c89f96b7d68c1d7bb,unknown,0,0,0
26d860e9c5634b168ca43258c686c83d,ark/deepseek-v3,467,107,574
26d860e9c5634b168ca43258c686c83d,unknown,0,0,0
26dd425a5db4474d99235bcdcc5ead61,unknown,0,0,0
26ddc3e8f5914139898d00e79ae7cdc9,deepseek-chat,2133,962,3095
26ddc3e8f5914139898d00e79ae7cdc9,unknown,0,0,0
26e37774a0f54d8e9ef9c501c0b1d03e,deepseek-chat,893,420,1313
26e37774a0f54d8e9ef9c501c0b1d03e,unknown,0,0,0
26e7f92c8e044fdcbb43615fea31464a,deepseek-chat,671,362,1033
26e7f92c8e044fdcbb43615fea31464a,unknown,0,0,0
26ec3ce486d14e13b205c9893d55d9f6,ark/deepseek-v3,5909,966,6875
26ec3ce486d14e13b205c9893d55d9f6,unknown,0,0,0
26f22ac4a1df4e6180be22d8a5ea1d96,ark/deepseek-v3,14030,2811,16841
26f22ac4a1df4e6180be22d8a5ea1d96,unknown,0,0,0
26f26cd0825b4070ade0e724a41e7433,ark/deepseek-v3,1088,371,1459
26f26cd0825b4070ade0e724a41e7433,unknown,0,0,0
26f562672361492b9fb3e90b44cd1118,ark/deepseek-v3,0,0,0
26f562672361492b9fb3e90b44cd1118,unknown,0,0,0
26f59c50a3ca4ac0bdb0b118ca8e3c50,deepseek-chat,746,507,1253
26f59c50a3ca4ac0bdb0b118ca8e3c50,unknown,0,0,0
26f77d061500482c9c33fa1c88d942d3,deepseek-chat,671,410,1081
26f77d061500482c9c33fa1c88d942d3,unknown,0,0,0
26fbb47b206d4665a343fad01d7923e9,deepseek-chat,671,357,1028
26fbb47b206d4665a343fad01d7923e9,unknown,0,0,0
26fe76524d3d49a8ab3e987b833a3d66,ark/deepseek-v3,1666,210,1876
26fe76524d3d49a8ab3e987b833a3d66,unknown,0,0,0
26feabb926bd41caacc7fed10274b045,ark/deepseek-v3,1455,175,1630
26feabb926bd41caacc7fed10274b045,unknown,0,0,0
27040201cb4f414bba0630c2bd6276d4,ark/deepseek-v3,467,99,566
27040201cb4f414bba0630c2bd6276d4,unknown,0,0,0
2708aed52d7b4036b8a20dad4e2045fc,ark/deepseek-v3,467,89,556
2708aed52d7b4036b8a20dad4e2045fc,unknown,0,0,0
2708da1a8d284015a9be031f11f7c6e2,ark/deepseek-v3,3653,960,4613
2708da1a8d284015a9be031f11f7c6e2,unknown,0,0,0
2714e679784e49cba0b80ccd0627c1d5,deepseek-chat,787,378,1165
2714e679784e49cba0b80ccd0627c1d5,unknown,0,0,0
271ff04667dc4c7d97cd30bcbba717ec,unknown,0,0,0
272244d2feb042b0a6f1fa957a09c16e,ark/deepseek-v3,6641,872,7513
272244d2feb042b0a6f1fa957a09c16e,unknown,0,0,0
2726b1db86c4409ea5a6a121e245f5dc,ark/kimi-k2,7981,649,8630
2726b1db86c4409ea5a6a121e245f5dc,unknown,0,0,0
272c246642b84df783c5bd9c112d96f3,ark/deepseek-v3,467,117,584
272c246642b84df783c5bd9c112d96f3,unknown,0,0,0
2735358cabc14be9af57a81ce35f7d6b,ark/deepseek-v3,467,89,556
2735358cabc14be9af57a81ce35f7d6b,unknown,0,0,0
27364bd2a3474a0a9a7b52ad8c8a619d,ark/deepseek-v3,677,177,854
27364bd2a3474a0a9a7b52ad8c8a619d,unknown,0,0,0
273859af88cc473d919d739499df407d,ark/deepseek-v3,1937,374,2311
273859af88cc473d919d739499df407d,unknown,0,0,0
2738cc8d3b3d4d128b3a23ae6f6fe9e1,deepseek-chat,730,207,937
2738cc8d3b3d4d128b3a23ae6f6fe9e1,unknown,0,0,0
273ba29d023e4f3baacbc22da742a209,ark/deepseek-v3,15982,2483,18465
273ba29d023e4f3baacbc22da742a209,unknown,0,0,0
273ed73392b04e8da72515ba921cd595,ark/deepseek-v3,467,97,564
273ed73392b04e8da72515ba921cd595,unknown,0,0,0
273f09b4a8314c94b2807921b051b695,ark/deepseek-v3,487,126,613
273f09b4a8314c94b2807921b051b695,unknown,0,0,0
2742b79a2dae431fb87cbf3a0c1bdc61,deepseek-chat,0,0,0
2742b79a2dae431fb87cbf3a0c1bdc61,unknown,0,0,0
2750c1e3f0154204968fedbd8c1621e3,deepseek-chat,658,368,1026
2750c1e3f0154204968fedbd8c1621e3,unknown,0,0,0
27528b8dfc1447eb821c687cbcc592fe,ark/deepseek-v3,701,176,877
27528b8dfc1447eb821c687cbcc592fe,unknown,0,0,0
27602f40ecb04b92b4fa242a7eed6d2e,ark/deepseek-v3,1455,192,1647
27602f40ecb04b92b4fa242a7eed6d2e,unknown,0,0,0
2762ec8d5a7b44fcb6625548009a27c9,ark/deepseek-v3,11486,2048,13534
2762ec8d5a7b44fcb6625548009a27c9,unknown,0,0,0
276bfaf0a389431bbfb539924a6c96dc,deepseek-chat,560,157,717
276bfaf0a389431bbfb539924a6c96dc,unknown,0,0,0
277672837fa64b179ba657e64f813255,ark/deepseek-v3,1088,322,1410
277672837fa64b179ba657e64f813255,deepseek-chat,5941,207,6148
277672837fa64b179ba657e64f813255,unknown,0,0,0
277af16f9fd747608278cf61916e5996,ark/deepseek-v3,1061,334,1395
277af16f9fd747608278cf61916e5996,unknown,0,0,0
277b4d14db3c4e6bbcd7d4f4f84c9224,deepseek-chat,3191,1389,4580
277b4d14db3c4e6bbcd7d4f4f84c9224,gpt-4.1,3897,976,4873
277b4d14db3c4e6bbcd7d4f4f84c9224,unknown,0,0,0
277c5b6b56af48cc98b6ca780512c350,ark/deepseek-v3,3298,591,3889
277c5b6b56af48cc98b6ca780512c350,unknown,0,0,0
277deff5afe54eb7bd271712cd76a609,unknown,0,0,0
277e7d28bd764520b1ba0e2d8acdf06c,ark/deepseek-v3,3146,324,3470
277e7d28bd764520b1ba0e2d8acdf06c,unknown,0,0,0
278478630bc84fa497cb645ea1493954,deepseek-chat,1170,740,1910
278478630bc84fa497cb645ea1493954,unknown,0,0,0
278f0f43b7e64ddfa7c4be708f07d57f,ark/deepseek-v3,2312,372,2684
278f0f43b7e64ddfa7c4be708f07d57f,unknown,0,0,0
27a4ea9483ac4632a5791391df7cd474,deepseek-chat,561,207,768
27a4ea9483ac4632a5791391df7cd474,unknown,0,0,0
27a81f8eeaa6477794b941feb8ffe0eb,ark/deepseek-v3,5577,510,6087
27a81f8eeaa6477794b941feb8ffe0eb,unknown,0,0,0
27ad295fa49e40438c20f2b469b52eb5,ark/deepseek-v3-1,2947,1329,4276
27ad295fa49e40438c20f2b469b52eb5,unknown,0,0,0
27cc9b9f382d48099ac0f354c4b787ff,ark/deepseek-v3,1089,317,1406
27cc9b9f382d48099ac0f354c4b787ff,unknown,0,0,0
27d058aaf5b74bda8308fb2dbab5a100,ark/deepseek-v3,457,95,552
27d058aaf5b74bda8308fb2dbab5a100,unknown,0,0,0
27d7617b1d404a4eb3392932333a09f5,ark/deepseek-v3,13247,2059,15306
27d7617b1d404a4eb3392932333a09f5,unknown,0,0,0
27d7b78d3c6a4b298dea83aa799ebf8b,deepseek-chat,870,490,1360
27d7b78d3c6a4b298dea83aa799ebf8b,unknown,0,0,0
27de50ff253b4cc5bd43fed2e290e140,deepseek-chat,670,311,981
27de50ff253b4cc5bd43fed2e290e140,unknown,0,0,0
27de8c46f1814586aae1c0210485bbd0,deepseek-chat,839,265,1104
27de8c46f1814586aae1c0210485bbd0,unknown,0,0,0
27df72fb189f445fa936e76e10f24893,ark/deepseek-v3,467,108,575
27df72fb189f445fa936e76e10f24893,unknown,0,0,0
27f015e0426d420a96a421a4c3fca9bc,ark/deepseek-v3,1455,216,1671
27f015e0426d420a96a421a4c3fca9bc,unknown,0,0,0
27f5a8c6f427408db37244549bee1b55,ark/deepseek-v3,701,192,893
27f5a8c6f427408db37244549bee1b55,unknown,0,0,0
27f5f2d3d42f4fab96b40171d41a72a9,ark/deepseek-v3-1,979,585,1564
27f5f2d3d42f4fab96b40171d41a72a9,unknown,0,0,0
27fc9bacfd0840c4bf80fc096305356e,ark/deepseek-v3-1,1405,953,2358
27fc9bacfd0840c4bf80fc096305356e,unknown,0,0,0
280134f42c254c12b522da85a4a1135f,ark/deepseek-v3,1455,205,1660
280134f42c254c12b522da85a4a1135f,unknown,0,0,0
2801c44b8e3a4403a7e6b04d632d2637,ark/deepseek-v3,1330,573,1903
2801c44b8e3a4403a7e6b04d632d2637,unknown,0,0,0
280a85943590453790446ddc9b5c910f,deepseek-chat,1351,403,1754
280a85943590453790446ddc9b5c910f,unknown,0,0,0
28113dff76d643f8852788ad657f7ba8,ark/deepseek-v3,3119,291,3410
28113dff76d643f8852788ad657f7ba8,unknown,0,0,0
2811ca40dc9b48748f9649ff734646dd,ark/deepseek-v3,14032,2872,16904
2811ca40dc9b48748f9649ff734646dd,unknown,0,0,0
2816a0ebc5534bbd969cc425f8790073,ark/deepseek-v3,5113,873,5986
2816a0ebc5534bbd969cc425f8790073,unknown,0,0,0
2818cbdd13e54ddc9d89ecb1251bd073,ark/deepseek-v3,467,95,562
2818cbdd13e54ddc9d89ecb1251bd073,unknown,0,0,0
281a4b578399408aabc0ab84a0a8d87a,ark/deepseek-v3,467,92,559
281a4b578399408aabc0ab84a0a8d87a,unknown,0,0,0
281bdfca259f43ed907072943cc050f0,ark/deepseek-v3,4564,2062,6626
281bdfca259f43ed907072943cc050f0,unknown,0,0,0
28234d1e16b64fa3a05802d39d939fb6,deepseek-chat,807,378,1185
28234d1e16b64fa3a05802d39d939fb6,unknown,0,0,0
2829274f95ed451494e783863fbc71c4,ark/deepseek-v3,465,92,557
2829274f95ed451494e783863fbc71c4,unknown,0,0,0
282a99c1680a43bb9be79aa4169866b4,deepseek-chat,0,0,0
282a99c1680a43bb9be79aa4169866b4,unknown,0,0,0
282ad6083c164ab3afbca7b880283cba,unknown,0,0,0
282bdbed46714d0c9f0e8840343431cb,ark/deepseek-v3,5920,1391,7311
282bdbed46714d0c9f0e8840343431cb,unknown,0,0,0
2836e42df30b4f008b732a4d246700b7,ark/deepseek-v3,694,264,958
2836e42df30b4f008b732a4d246700b7,unknown,0,0,0
283c7466ae6a4f82ae0fa83008a1792d,ark/deepseek-v3,5912,1229,7141
283c7466ae6a4f82ae0fa83008a1792d,unknown,0,0,0
283d7dde8a184bfb8a5ba75433c69a01,deepseek-chat,1363,321,1684
283d7dde8a184bfb8a5ba75433c69a01,unknown,0,0,0
2840ba1a8bd042d1abb82aa13162adbb,ark/deepseek-v3,695,79,774
2840ba1a8bd042d1abb82aa13162adbb,unknown,0,0,0
28462ce8c1a44fb58d0e72bf54fdd3da,deepseek-chat,561,207,768
28462ce8c1a44fb58d0e72bf54fdd3da,unknown,0,0,0
284bf948d4914318a24d2c99f4792489,deepseek-chat,591,281,872
284bf948d4914318a24d2c99f4792489,unknown,0,0,0
285962d5d7134b01b8bb21be427b2319,deepseek-chat,4,304,308
285962d5d7134b01b8bb21be427b2319,unknown,0,0,0
285b558c97bb470daa6e99273d9eca36,ark/deepseek-v3,2265,1432,3697
285b558c97bb470daa6e99273d9eca36,unknown,0,0,0
286250408224417db37893f7e272ed27,ark/deepseek-v3,467,94,561
286250408224417db37893f7e272ed27,unknown,0,0,0
286b30b748e34615b11fed618c6f041d,ark/deepseek-v3,5422,2469,7891
286b30b748e34615b11fed618c6f041d,unknown,0,0,0
286e95edc97842f5ae49b1c74a98e8af,ark/deepseek-v3,467,91,558
286e95edc97842f5ae49b1c74a98e8af,unknown,0,0,0
286f910d69f54c2b9fde747eec14045d,deepseek-chat,2823,1273,4096
286f910d69f54c2b9fde747eec14045d,unknown,0,0,0
2875bad03dbd4ea29834f296c46fbc2d,deepseek-chat,2109,1571,3680
2875bad03dbd4ea29834f296c46fbc2d,unknown,0,0,0
28771053cd0f466ba48b4c9e6dfab554,ark/deepseek-v3,467,96,563
28771053cd0f466ba48b4c9e6dfab554,unknown,0,0,0
2879a4717f114dcc8b0ae9afcf876ce1,ark/deepseek-v3-1,3976,1557,5533
2879a4717f114dcc8b0ae9afcf876ce1,unknown,0,0,0
287c4523698642fbb5b9f3160eab9836,ark/deepseek-v3,1089,290,1379
287c4523698642fbb5b9f3160eab9836,unknown,0,0,0
28822f4e01324826866189dc5f0e02a8,ark/deepseek-v3,467,96,563
28822f4e01324826866189dc5f0e02a8,unknown,0,0,0
288384a6558d4e4299d4c560d7baddc4,ark/deepseek-v3,0,0,0
288384a6558d4e4299d4c560d7baddc4,unknown,0,0,0
288409783c594976a43556f151446237,ark/deepseek-v3,701,196,897
288409783c594976a43556f151446237,unknown,0,0,0
28847a3c34114d8ba3d5d5a7ff5a014f,deepseek-chat,983,337,1320
28847a3c34114d8ba3d5d5a7ff5a014f,unknown,0,0,0
2885621f73844049bb42ad18ffb2448b,ark/deepseek-v3,0,0,0
2885621f73844049bb42ad18ffb2448b,unknown,0,0,0
288a47599a524707bfad48f36e1e8721,deepseek-chat,781,381,1162
288a47599a524707bfad48f36e1e8721,unknown,0,0,0
2894c9cba5a0433aa70ca7b434a4701b,ark/deepseek-v3,467,94,561
2894c9cba5a0433aa70ca7b434a4701b,unknown,0,0,0
28aceb856efe478cb39d51780247d5f4,ark/deepseek-v3,2264,1176,3440
28aceb856efe478cb39d51780247d5f4,unknown,0,0,0
28b0fc22e83c406890526b9bc30e74de,ark/deepseek-v3,4507,769,5276
28b0fc22e83c406890526b9bc30e74de,deepseek-chat,20221,580,20801
28b0fc22e83c406890526b9bc30e74de,unknown,0,0,0
28b837ca834947bba4736a379bc587e0,deepseek-chat,670,329,999
28b837ca834947bba4736a379bc587e0,unknown,0,0,0
28ba7a2357164a92b075d32ff89f8a95,ark/deepseek-v3,2007,1030,3037
28ba7a2357164a92b075d32ff89f8a95,unknown,0,0,0
28c6874ef5a84c1aa6c50f4b893b56b4,ark/deepseek-v3,1485,368,1853
28c6874ef5a84c1aa6c50f4b893b56b4,unknown,0,0,0
28cded64b1e742009d54da758012f8aa,ark/deepseek-v3,5959,739,6698
28cded64b1e742009d54da758012f8aa,unknown,0,0,0
28d1e2dd3e104e66b585d7cd37a8b62e,deepseek-chat,1074,346,1420
28d1e2dd3e104e66b585d7cd37a8b62e,unknown,0,0,0
28d9a82432924105b5447ba9107eaa4d,ark/deepseek-v3,10037,1951,11988
28d9a82432924105b5447ba9107eaa4d,unknown,0,0,0
28e3aafd40f64db1adc0aa883494ef9b,ark/deepseek-v3,1233,431,1664
28e3aafd40f64db1adc0aa883494ef9b,unknown,0,0,0
28e6fbebbb5b4f17921473ed3a44dfb2,deepseek-chat,942,327,1269
28e6fbebbb5b4f17921473ed3a44dfb2,unknown,0,0,0
28ef8fabcd3d4cdca2ea96c6302dcb0c,deepseek-chat,932,230,1162
28ef8fabcd3d4cdca2ea96c6302dcb0c,gpt-4.1,672,210,882
28ef8fabcd3d4cdca2ea96c6302dcb0c,unknown,0,0,0
28f32627accc4ab89ce65685ccacf9d0,ark/deepseek-v3,4211,1286,5497
28f32627accc4ab89ce65685ccacf9d0,unknown,0,0,0
290520dfe2f34c948cded36c212bd4fc,ark/deepseek-v3,1837,365,2202
290520dfe2f34c948cded36c212bd4fc,unknown,0,0,0
2907d5e25c684f67b2c998340a7ca029,ark/deepseek-v3,2317,1212,3529
2907d5e25c684f67b2c998340a7ca029,unknown,0,0,0
290fcba481854c76b29dd85cc97566d3,deepseek-chat,1340,651,1991
290fcba481854c76b29dd85cc97566d3,gpt-4.1,943,100,1043
290fcba481854c76b29dd85cc97566d3,unknown,0,0,0
291a104eba644a16888ca654c4155172,ark/deepseek-v3,467,95,562
291a104eba644a16888ca654c4155172,unknown,0,0,0
291b52cc486d4bb7ac4c608691bb56e5,ark/deepseek-v3,5065,1718,6783
291b52cc486d4bb7ac4c608691bb56e5,deepseek-chat,6642,240,6882
291b52cc486d4bb7ac4c608691bb56e5,gpt-4.1,1249,78,1327
291b52cc486d4bb7ac4c608691bb56e5,unknown,0,0,0
29249e50c8f049d997543801534ec242,ark/deepseek-v3,1455,245,1700
29249e50c8f049d997543801534ec242,unknown,0,0,0
2924fe2aea2340b68c0fee7c77403702,deepseek-chat,1557,437,1994
2924fe2aea2340b68c0fee7c77403702,unknown,0,0,0
292f59e12cfd47129c8b2a9fe78afc43,ark/deepseek-v3-1,1405,932,2337
292f59e12cfd47129c8b2a9fe78afc43,unknown,0,0,0
2932f25aff11488990b7aa2dabd19ed8,ark/deepseek-v3,0,0,0
2932f25aff11488990b7aa2dabd19ed8,unknown,0,0,0
293795c5cf264c45a3cd01ad57e1292e,ark/deepseek-v3,3454,1018,4472
293795c5cf264c45a3cd01ad57e1292e,deepseek-chat,27823,1085,28908
293795c5cf264c45a3cd01ad57e1292e,unknown,0,0,0
293cd7231245482b8ca801f94b680aa6,ark/deepseek-v3,701,200,901
293cd7231245482b8ca801f94b680aa6,unknown,0,0,0
2949ceb26d334121a724bbe2e651db84,deepseek-chat,671,370,1041
2949ceb26d334121a724bbe2e651db84,unknown,0,0,0
294a7cf892c14152943c165bc082c192,deepseek-chat,1053,349,1402
294a7cf892c14152943c165bc082c192,gpt-4.1,942,29,971
294a7cf892c14152943c165bc082c192,unknown,0,0,0
294e47501f814fb3a75326530372e68c,ark/deepseek-v3,765,144,909
294e47501f814fb3a75326530372e68c,unknown,0,0,0
2952a513f12b46bcbf9a52b612843ce1,ark/deepseek-v3,758,99,857
2952a513f12b46bcbf9a52b612843ce1,unknown,0,0,0
2958e42b9ade4c2a95a1d1df074b1e2c,unknown,0,0,0
295bfee130a8419bacbd6c5f8e3b1ba9,deepseek-chat,2430,833,3263
295bfee130a8419bacbd6c5f8e3b1ba9,unknown,0,0,0
295f5f0a14f847dda3f2e53f69734b32,ark/deepseek-v3,7041,1543,8584
295f5f0a14f847dda3f2e53f69734b32,unknown,0,0,0
29690a2d65794348aaf8e1bfcf8ed18a,ark/deepseek-v3,701,201,902
29690a2d65794348aaf8e1bfcf8ed18a,unknown,0,0,0
29691c79d2f64eeaa58bee6e87376ee9,deepseek-chat,762,344,1106
29691c79d2f64eeaa58bee6e87376ee9,unknown,0,0,0
297056e04feb4c8e87d71cd7d42ae443,ark/deepseek-v3,758,118,876
297056e04feb4c8e87d71cd7d42ae443,unknown,0,0,0
29734098d0744d26b41bc37db462d6a3,ark/deepseek-v3,2631,1184,3815
29734098d0744d26b41bc37db462d6a3,unknown,0,0,0
297493f641bc44f189588564b83128bf,deepseek-chat,671,361,1032
297493f641bc44f189588564b83128bf,unknown,0,0,0
2975d95922ea49dc837de670560e0334,ark/deepseek-v3,467,96,563
2975d95922ea49dc837de670560e0334,unknown,0,0,0
2978c1dcd3b34e14b23075f39888ae4b,ark/deepseek-v3,2352,239,2591
2978c1dcd3b34e14b23075f39888ae4b,unknown,0,0,0
297f22686a5f4a28ac8b28b06e8a0ef3,ark/deepseek-v3,1088,361,1449
297f22686a5f4a28ac8b28b06e8a0ef3,unknown,0,0,0
298526ee687344ce9458c6be53234622,ark/deepseek-v3,9250,1641,10891
298526ee687344ce9458c6be53234622,unknown,0,0,0
29859b80218244c3a966997af1dfde01,ark/deepseek-v3,6582,1671,8253
29859b80218244c3a966997af1dfde01,gpt-4.1,640,21,661
29859b80218244c3a966997af1dfde01,unknown,0,0,0
298dc2d246a64154b4da3bf6f3da6e7e,ark/deepseek-v3,467,128,595
298dc2d246a64154b4da3bf6f3da6e7e,unknown,0,0,0
298e1f390d594598810ff379e6855e2d,deepseek-chat,561,206,767
298e1f390d594598810ff379e6855e2d,unknown,0,0,0
2990b3b07176478bb00a4d26731a6a00,deepseek-chat,1467,1144,2611
2990b3b07176478bb00a4d26731a6a00,unknown,0,0,0
29b459aa0b1d442f8c6d421156ab93b2,ark/deepseek-v3,465,86,551
29b459aa0b1d442f8c6d421156ab93b2,unknown,0,0,0
29bb9299e5f840078acb0ae79b10ce18,deepseek-chat,2220,658,2878
29bb9299e5f840078acb0ae79b10ce18,unknown,0,0,0
29c7388611ac469f9b04a2ef79b6f281,unknown,0,0,0
29cb74edffb2451791652dbe058ab7cb,deepseek-chat,872,441,1313
29cb74edffb2451791652dbe058ab7cb,unknown,0,0,0
29ce538bc4a5487cbbc60f8fc16606ae,deepseek-chat,942,576,1518
29ce538bc4a5487cbbc60f8fc16606ae,unknown,0,0,0
29d23510056b4a34b08541b519611610,ark/deepseek-v3,12831,1922,14753
29d23510056b4a34b08541b519611610,unknown,0,0,0
29d527ff25fc4f26847cb0da3eddd97b,deepseek-chat,2687,983,3670
29d527ff25fc4f26847cb0da3eddd97b,unknown,0,0,0
29d9453e66fb4201899cc1088c9d04d6,unknown,0,0,0
29dc23503b4a4d12912066aac0a60173,ark/deepseek-v3,2333,1256,3589
29dc23503b4a4d12912066aac0a60173,unknown,0,0,0
29dcf7589c964a2da77e50506a88dcc6,ark/deepseek-v3,3136,625,3761
29dcf7589c964a2da77e50506a88dcc6,unknown,0,0,0
29de849333044a419d49760f08906d56,ark/deepseek-v3,1455,208,1663
29de849333044a419d49760f08906d56,unknown,0,0,0
29e3849119974c43b5040ae60dc35dae,deepseek-chat,920,462,1382
29e3849119974c43b5040ae60dc35dae,unknown,0,0,0
29e8d1551b8e4d11bdd65a3330a2d0c8,ark/deepseek-v3,706,152,858
29e8d1551b8e4d11bdd65a3330a2d0c8,unknown,0,0,0
29eb439999b24afd881eff36bc000b16,deepseek-chat,715,275,990
29eb439999b24afd881eff36bc000b16,unknown,0,0,0
29fc950d0d2141cdb027b2fc650b8dff,ark/deepseek-v3,701,179,880
29fc950d0d2141cdb027b2fc650b8dff,unknown,0,0,0
2a00b4a8f51b4df5bdfa9aac218640bf,ark/deepseek-v3,465,86,551
2a00b4a8f51b4df5bdfa9aac218640bf,unknown,0,0,0
2a01e7b3968c4f52ae143be0c3c962d5,deepseek-chat,658,337,995
2a01e7b3968c4f52ae143be0c3c962d5,unknown,0,0,0
2a045050fc7d4604a6e8da2ea6066c71,ark/deepseek-v3,7041,1450,8491
2a045050fc7d4604a6e8da2ea6066c71,unknown,0,0,0
2a0707961c374cb093c8e5d6b8129712,ark/deepseek-v3,701,200,901
2a0707961c374cb093c8e5d6b8129712,unknown,0,0,0
2a0760336b0146d8bdaddd80fb9fa723,ark/deepseek-v3,467,91,558
2a0760336b0146d8bdaddd80fb9fa723,unknown,0,0,0
2a0f9b714f0e4fcba0c7d8e87d380f9b,ark/deepseek-v3-1,1405,958,2363
2a0f9b714f0e4fcba0c7d8e87d380f9b,unknown,0,0,0
2a1322f1b97e426595eb2c2e639b2c45,deepseek-chat,670,275,945
2a1322f1b97e426595eb2c2e639b2c45,unknown,0,0,0
2a18de9b52b144279720871459eba4f1,ark/deepseek-v3-1,0,0,0
2a18de9b52b144279720871459eba4f1,unknown,0,0,0
2a1a6ff2665040c7840ecc5559913e08,deepseek-chat,2446,285,2731
2a1a6ff2665040c7840ecc5559913e08,unknown,0,0,0
2a1bf90b54ac4b078028bea2317e7fef,ark/deepseek-v3,1251,239,1490
2a1bf90b54ac4b078028bea2317e7fef,unknown,0,0,0
2a224a309639443995d02eec422ad79a,ark/deepseek-v3,3320,788,4108
2a224a309639443995d02eec422ad79a,unknown,0,0,0
2a2275bb67484008b62dcd3765621a13,ark/deepseek-v3,1455,206,1661
2a2275bb67484008b62dcd3765621a13,unknown,0,0,0
2a22da6bb7a341bf861ff01d1ce43b26,ark/deepseek-v3,1455,198,1653
2a22da6bb7a341bf861ff01d1ce43b26,unknown,0,0,0
2a27d72b5c944370956796dacc0bbf9c,ark/deepseek-v3,8022,1508,9530
2a27d72b5c944370956796dacc0bbf9c,deepseek-chat,15316,508,15824
2a27d72b5c944370956796dacc0bbf9c,unknown,0,0,0
2a32393cc39e4259b4a7515eedc3877d,deepseek-chat,670,324,994
2a32393cc39e4259b4a7515eedc3877d,unknown,0,0,0
2a36b3d461e345ff8fe7f34718e904f1,ark/deepseek-v3,1289,537,1826
2a36b3d461e345ff8fe7f34718e904f1,unknown,0,0,0
2a373009f7c0408c9b55266dcb4c116c,deepseek-chat,561,206,767
2a373009f7c0408c9b55266dcb4c116c,unknown,0,0,0
2a3d1e62683346ff838c212fc3a10b10,deepseek-chat,3513,1192,4705
2a3d1e62683346ff838c212fc3a10b10,unknown,0,0,0
2a3e0dce0ad1497caa325db05fbee148,deepseek-chat,1454,544,1998
2a3e0dce0ad1497caa325db05fbee148,unknown,0,0,0
2a4dda3d7be64c748976c12b31ad1205,deepseek-chat,671,389,1060
2a4dda3d7be64c748976c12b31ad1205,unknown,0,0,0
2a50da86a5f841fba7a424fae0e1d16e,ark/deepseek-v3,1251,219,1470
2a50da86a5f841fba7a424fae0e1d16e,deepseek-chat,5084,114,5198
2a50da86a5f841fba7a424fae0e1d16e,unknown,0,0,0
2a50e6ccaf7049e0b5ac202a9132e651,ark/deepseek-v3-1,4687,699,5386
2a50e6ccaf7049e0b5ac202a9132e651,unknown,0,0,0
2a5435a15c88478d8a69d0819d4de365,deepseek-chat,19,227,246
2a5435a15c88478d8a69d0819d4de365,unknown,0,0,0
2a583ffcd52347b5b424c6f46c7ce42a,ark/deepseek-v3-1,1405,880,2285
2a583ffcd52347b5b424c6f46c7ce42a,unknown,0,0,0
2a5ab07af70f4cf3b359dc6057b55938,deepseek-chat,3467,360,3827
2a5ab07af70f4cf3b359dc6057b55938,unknown,0,0,0
2a62b1b3452d4fda8996c5757f8d4f23,deepseek-chat,670,307,977
2a62b1b3452d4fda8996c5757f8d4f23,unknown,0,0,0
2a661006cabb4ece8fdcb2cd8492f371,deepseek-chat,824,534,1358
2a661006cabb4ece8fdcb2cd8492f371,unknown,0,0,0
2a6c5e79d2154ea99aa00b2869a0dded,deepseek-chat,19,142,161
2a6c5e79d2154ea99aa00b2869a0dded,unknown,0,0,0
2a6e0e6840d74bbe953cde4729c9a735,ark/deepseek-v3,2127,868,2995
2a6e0e6840d74bbe953cde4729c9a735,unknown,0,0,0
2a77dddfab75443092ad2a5b6e66b10f,ark/deepseek-v3,758,103,861
2a77dddfab75443092ad2a5b6e66b10f,unknown,0,0,0
2a79f73cfc214c349ec3dda76a822d2c,ark/deepseek-v3,14010,2720,16730
2a79f73cfc214c349ec3dda76a822d2c,unknown,0,0,0
2a7acace3e094ce59e4753c0604c728a,deepseek-chat,1461,1002,2463
2a7acace3e094ce59e4753c0604c728a,unknown,0,0,0
2a7fe97e2a9047009923b800c2039379,unknown,0,0,0
2a8049aaed284af185d35c5bc9184f8c,deepseek-chat,561,207,768
2a8049aaed284af185d35c5bc9184f8c,unknown,0,0,0
2a849c1d88044d68ab9b3f32668bfd4f,ark/deepseek-v3,467,109,576
2a849c1d88044d68ab9b3f32668bfd4f,unknown,0,0,0
2a894e16c6ba4c3d8aadeb5a879439a3,ark/deepseek-v3,0,0,0
2a894e16c6ba4c3d8aadeb5a879439a3,unknown,0,0,0
2a9215a041c143049e91bca989b7bad9,ark/deepseek-v3,5984,715,6699
2a9215a041c143049e91bca989b7bad9,unknown,0,0,0
2a9603d5db7b4dd18bb555922aea0555,ark/deepseek-v3,0,0,0
2a9603d5db7b4dd18bb555922aea0555,unknown,0,0,0
2a97eac1dea9433980c90a72fbf2cb40,deepseek-chat,2626,1058,3684
2a97eac1dea9433980c90a72fbf2cb40,unknown,0,0,0
2a9a4012e01a4e6184af92cb551f79a1,ark/deepseek-v3,1455,232,1687
2a9a4012e01a4e6184af92cb551f79a1,unknown,0,0,0
2a9c410e45cb453fb0151d3517252d49,deepseek-chat,1476,1122,2598
2a9c410e45cb453fb0151d3517252d49,unknown,0,0,0
2a9d2be2183d491286946927113a4914,deepseek-chat,2926,1498,4424
2a9d2be2183d491286946927113a4914,gpt-4.1,3319,943,4262
2a9d2be2183d491286946927113a4914,unknown,0,0,0
2a9d5a6256154823838b1e30f5ef783c,ark/deepseek-v3,616,259,875
2a9d5a6256154823838b1e30f5ef783c,unknown,0,0,0
2a9fb54774054b62af150b014c9dae15,ark/deepseek-v3,465,94,559
2a9fb54774054b62af150b014c9dae15,unknown,0,0,0
2aa44abca52c495bac75bfed7706cbfb,deepseek-chat,2594,876,3470
2aa44abca52c495bac75bfed7706cbfb,unknown,0,0,0
2abbfa8e21564703b8c76079d21a227d,deepseek-chat,0,0,0
2abbfa8e21564703b8c76079d21a227d,unknown,0,0,0
2acc95edac934eecaa836a9d84bdcccc,ark/deepseek-v3,1455,194,1649
2acc95edac934eecaa836a9d84bdcccc,unknown,0,0,0
2ad05d5f13f64eb29f12a5b93a8a6617,ark/deepseek-v3,1582,966,2548
2ad05d5f13f64eb29f12a5b93a8a6617,unknown,0,0,0
2ad2571e528a43b585ecbdc145b3a3af,ark/deepseek-v3,467,131,598
2ad2571e528a43b585ecbdc145b3a3af,unknown,0,0,0
2ad2f55591394894aeb1ae659ad1c851,deepseek-chat,1052,411,1463
2ad2f55591394894aeb1ae659ad1c851,gpt-4.1,1418,317,1735
2ad2f55591394894aeb1ae659ad1c851,unknown,0,0,0
2ae7672a89f842ab95f3204a8b48a280,deepseek-chat,13578,2133,15711
2ae7672a89f842ab95f3204a8b48a280,unknown,0,0,0
2ae897a068584b65a97176972cb0e347,ark/deepseek-v3,1455,211,1666
2ae897a068584b65a97176972cb0e347,unknown,0,0,0
2ae8c02747b54242ab8c1a557a73a249,deepseek-chat,670,356,1026
2ae8c02747b54242ab8c1a557a73a249,unknown,0,0,0
2aeae87f8b6f4e59b6743627f04a54af,ark/deepseek-v3-1,2762,1032,3794
2aeae87f8b6f4e59b6743627f04a54af,unknown,0,0,0
2aebbda493b54cde85a3491563b080d7,ark/deepseek-v3,7159,1220,8379
2aebbda493b54cde85a3491563b080d7,unknown,0,0,0
2aee099c488a4cc8a6bef7fe2be26095,ark/deepseek-v3,695,81,776
2aee099c488a4cc8a6bef7fe2be26095,unknown,0,0,0
2af899b35b4d4a7ba28ba94322cdcba3,deepseek-chat,671,455,1126
2af899b35b4d4a7ba28ba94322cdcba3,unknown,0,0,0
2af8c814b93c4b94afb2fac2c7567c5f,ark/deepseek-v3,0,0,0
2af8c814b93c4b94afb2fac2c7567c5f,unknown,0,0,0
2b018e167495430eb4ff659f31a7ae7c,ark/deepseek-v3,13825,2372,16197
2b018e167495430eb4ff659f31a7ae7c,unknown,0,0,0
2b099f7235644ba8a75ecb073ba22c05,ark/deepseek-v3,1837,342,2179
2b099f7235644ba8a75ecb073ba22c05,unknown,0,0,0
2b1f404cfa7f47068098eb294c435585,ark/deepseek-v3,467,89,556
2b1f404cfa7f47068098eb294c435585,unknown,0,0,0
2b1f6c16335e49878d761b6de04a3454,ark/deepseek-v3,0,0,0
2b1f6c16335e49878d761b6de04a3454,unknown,0,0,0
2b25dd78c671477895bdd2a0c1c23fa6,deepseek-chat,767,387,1154
2b25dd78c671477895bdd2a0c1c23fa6,unknown,0,0,0
2b27614e7bc849f6bd276773072aef60,deepseek-chat,977,514,1491
2b27614e7bc849f6bd276773072aef60,unknown,0,0,0
2b2789fe6ea24b5a994f63dcc634a11d,unknown,0,0,0
2b324338159a4b32a9a3ccf4d2ff13e0,ark/deepseek-v3,1335,677,2012
2b324338159a4b32a9a3ccf4d2ff13e0,unknown,0,0,0
2b344e328ab64fd3ad1600063db8f7fd,deepseek-chat,561,207,768
2b344e328ab64fd3ad1600063db8f7fd,unknown,0,0,0
2b350caa23c740528630b03b3a464877,ark/deepseek-v3,309,458,767
2b350caa23c740528630b03b3a464877,unknown,0,0,0
2b39fc3235c64bf585671787db3ed8fa,deepseek-chat,31881,4180,36061
2b39fc3235c64bf585671787db3ed8fa,unknown,0,0,0
2b3f3565a32449ae8cb292599d7b6be8,ark/deepseek-v3,1283,646,1929
2b3f3565a32449ae8cb292599d7b6be8,unknown,0,0,0
2b3fb61577ef4fc693343491718a6710,ark/deepseek-v3,467,85,552
2b3fb61577ef4fc693343491718a6710,unknown,0,0,0
2b404d6b7ef64b19892c48b31bac4a7e,deepseek-chat,3387,1485,4872
2b404d6b7ef64b19892c48b31bac4a7e,unknown,0,0,0
2b40a605dbf543f3a9bac5526b52b0ac,ark/kimi-k2,2430,637,3067
2b40a605dbf543f3a9bac5526b52b0ac,gpt-4.1,3148,534,3682
2b40a605dbf543f3a9bac5526b52b0ac,unknown,0,0,0
2b441eeda5f042d79e7cfb7c04f8a688,ark/deepseek-v3,0,0,0
2b441eeda5f042d79e7cfb7c04f8a688,unknown,0,0,0
2b4d21e8057a4aa59884b17a0f0a9762,ark/deepseek-v3,1251,219,1470
2b4d21e8057a4aa59884b17a0f0a9762,unknown,0,0,0
2b4e13a00b3e4c6fb6230dfd823d652f,deepseek-chat,561,207,768
2b4e13a00b3e4c6fb6230dfd823d652f,unknown,0,0,0
2b58191a03f947f6aaeba4fc387a4639,deepseek-chat,3399,1458,4857
2b58191a03f947f6aaeba4fc387a4639,unknown,0,0,0
2b6039e2def74eb4a5c1ba5e811099e6,ark/deepseek-v3,13444,2648,16092
2b6039e2def74eb4a5c1ba5e811099e6,unknown,0,0,0
2b6781f76a844f6db7d04e572f1e36af,deepseek-chat,1110,447,1557
2b6781f76a844f6db7d04e572f1e36af,unknown,0,0,0
2b6c812e1314473baed7d06fa27f7f1e,ark/deepseek-v3,6616,767,7383
2b6c812e1314473baed7d06fa27f7f1e,unknown,0,0,0
2b6ea208a75344999421a979148da1ca,deepseek-chat,6270,467,6737
2b6ea208a75344999421a979148da1ca,unknown,0,0,0
2b6eadd301b74fb29f0da3875bb14009,deepseek-chat,561,207,768
2b6eadd301b74fb29f0da3875bb14009,unknown,0,0,0
2b7586c7842d4317ac57dd1107add046,ark/deepseek-v3,1088,300,1388
2b7586c7842d4317ac57dd1107add046,unknown,0,0,0
2b787264a3a742b89fda6682a7d9716b,ark/deepseek-v3,3179,644,3823
2b787264a3a742b89fda6682a7d9716b,unknown,0,0,0
2b7ce1f076c541f5a2b45d3b14b107d9,ark/deepseek-v3,1026,284,1310
2b7ce1f076c541f5a2b45d3b14b107d9,unknown,0,0,0
2b7f4357f2c94a599936583f7a262b6d,ark/deepseek-v3,465,116,581
2b7f4357f2c94a599936583f7a262b6d,unknown,0,0,0
2b81c9a7c47d4483a17b3685ff9ab9a1,ark/deepseek-v3,1455,198,1653
2b81c9a7c47d4483a17b3685ff9ab9a1,unknown,0,0,0
2b827ec6e94c4e898c7a13c99b632f16,ark/deepseek-v3-1,1405,718,2123
2b827ec6e94c4e898c7a13c99b632f16,unknown,0,0,0
2b891c6866704407a6309c7a9d5148fb,ark/deepseek-v3,467,94,561
2b891c6866704407a6309c7a9d5148fb,unknown,0,0,0
2b8aec2edae245a386a61a599556bdc4,deepseek-chat,2604,1153,3757
2b8aec2edae245a386a61a599556bdc4,unknown,0,0,0
2b8b52262e744dd88a005c26475592d3,deepseek-chat,2632,1286,3918
2b8b52262e744dd88a005c26475592d3,unknown,0,0,0
2b8d6d9e848340c6ba8c62c33da52d26,ark/deepseek-v3-1,1405,745,2150
2b8d6d9e848340c6ba8c62c33da52d26,unknown,0,0,0
2b9832cfa2a2415280d72bf7dc3cc088,ark/deepseek-v3-1,1195,869,2064
2b9832cfa2a2415280d72bf7dc3cc088,unknown,0,0,0
2b984f27ff854c1cb629807822b1343e,deepseek-chat,670,312,982
2b984f27ff854c1cb629807822b1343e,unknown,0,0,0
2ba3e67f85a54405beeb7902a707bfa4,deepseek-chat,1444,635,2079
2ba3e67f85a54405beeb7902a707bfa4,unknown,0,0,0
2ba68d723cdc4e69b2ec78803528a9ab,deepseek-chat,561,207,768
2ba68d723cdc4e69b2ec78803528a9ab,unknown,0,0,0
2ba8fe2b39d3448cbe5232148e1f31d8,ark/deepseek-v3,1060,322,1382
2ba8fe2b39d3448cbe5232148e1f31d8,unknown,0,0,0
2baa6d8f574c44e396a6a2f852b28773,ark/deepseek-v3,1089,288,1377
2baa6d8f574c44e396a6a2f852b28773,ark/deepseek-v3-1,0,0,0
2baa6d8f574c44e396a6a2f852b28773,unknown,0,0,0
2baad46043d24664912843efc6b6d3d2,deepseek-chat,561,207,768
2baad46043d24664912843efc6b6d3d2,unknown,0,0,0
2bac0b83576341ffbb52266abe8193db,deepseek-chat,2786,1937,4723
2bac0b83576341ffbb52266abe8193db,unknown,0,0,0
2bacbefe055e46b4ac70576c46f40e40,ark/deepseek-v3,1251,216,1467
2bacbefe055e46b4ac70576c46f40e40,unknown,0,0,0
2bb3d4b8e5c44255957f8662700d94ea,ark/deepseek-v3,701,210,911
2bb3d4b8e5c44255957f8662700d94ea,unknown,0,0,0
2bb9e875439f464eaf4325f9d0fc61b4,deepseek-chat,2173,346,2519
2bb9e875439f464eaf4325f9d0fc61b4,unknown,0,0,0
2bbbb250a87f49daa0b6aef4b77744fb,deepseek-chat,1190,325,1515
2bbbb250a87f49daa0b6aef4b77744fb,unknown,0,0,0
2bc14deec59e454090540c581ecfcbc1,ark/deepseek-v3,1251,231,1482
2bc14deec59e454090540c581ecfcbc1,unknown,0,0,0
2bc84efaba7644f1b6e08e2061167af6,deepseek-chat,748,270,1018
2bc84efaba7644f1b6e08e2061167af6,unknown,0,0,0
2bc998c1f9484880a5d868b7cfc88cae,ark/deepseek-v3,4274,2335,6609
2bc998c1f9484880a5d868b7cfc88cae,unknown,0,0,0
2bd0bec744b9482d8c31be217f5e8196,ark/deepseek-v3,701,196,897
2bd0bec744b9482d8c31be217f5e8196,unknown,0,0,0
2bd0eea30f0c4832860a68e232c41639,ark/deepseek-v3-1,490,242,732
2bd0eea30f0c4832860a68e232c41639,unknown,0,0,0
2bd2c0424b914d78a0e0ded83812fdd0,deepseek-chat,1304,284,1588
2bd2c0424b914d78a0e0ded83812fdd0,gpt-4.1,1606,213,1819
2bd2c0424b914d78a0e0ded83812fdd0,unknown,0,0,0
2bd3a29b20734613a79bfac92ee7d2ba,ark/deepseek-v3,6062,1701,7763
2bd3a29b20734613a79bfac92ee7d2ba,gpt-4.1,649,26,675
2bd3a29b20734613a79bfac92ee7d2ba,unknown,0,0,0
2bd410c5264240658be157a216305ae7,unknown,0,0,0
2bd9589a93a7422197ac92fde7eab79a,ark/deepseek-v3,3603,662,4265
2bd9589a93a7422197ac92fde7eab79a,unknown,0,0,0
2bd99e15bafe41c2a6cb7172416b15f3,ark/deepseek-v3,0,0,0
2bd99e15bafe41c2a6cb7172416b15f3,unknown,0,0,0
2bed3880469049718b89956b8110b94a,deepseek-chat,1307,278,1585
2bed3880469049718b89956b8110b94a,gpt-4.1,2193,497,2690
2bed3880469049718b89956b8110b94a,unknown,0,0,0
2bed91aa481a4bb7b7a6b62aeccea5f2,gpt-4.1,898,624,1522
2bed91aa481a4bb7b7a6b62aeccea5f2,unknown,0,0,0
2bf54308aa8c4a8780f322265ca18d73,deepseek-chat,23500,3097,26597
2bf54308aa8c4a8780f322265ca18d73,unknown,0,0,0
2bfbb401d9c94203b494d82715e08e63,deepseek-chat,671,347,1018
2bfbb401d9c94203b494d82715e08e63,unknown,0,0,0
2c03cca077c64562b4b009a08c90eb53,ark/deepseek-v3-1,1405,1077,2482
2c03cca077c64562b4b009a08c90eb53,unknown,0,0,0
2c0671d1d9c54ca98bc788ce7dc391db,deepseek-chat,671,414,1085
2c0671d1d9c54ca98bc788ce7dc391db,unknown,0,0,0
2c0754a020a84399a9f93c9791e6b089,ark/deepseek-v3-1,789,376,1165
2c0754a020a84399a9f93c9791e6b089,unknown,0,0,0
2c095df8603447a08276d5514f1cd563,deepseek-chat,2188,796,2984
2c095df8603447a08276d5514f1cd563,unknown,0,0,0
2c0a2895bd8c471da01e24c7f6a86c00,deepseek-chat,1443,567,2010
2c0a2895bd8c471da01e24c7f6a86c00,unknown,0,0,0
2c11561015c044788869f0f00cab7c74,ark/deepseek-v3,0,0,0
2c11561015c044788869f0f00cab7c74,unknown,0,0,0
2c17ba99fa2c43a1b5e698bec823943c,ark/deepseek-v3,2349,701,3050
2c17ba99fa2c43a1b5e698bec823943c,unknown,0,0,0
2c1ad1008e084d3d8f26203be9e303ae,ark/deepseek-v3,1837,367,2204
2c1ad1008e084d3d8f26203be9e303ae,unknown,0,0,0
2c1d272c21d74529946bf6ff9a8f4c93,ark/deepseek-v3,3118,310,3428
2c1d272c21d74529946bf6ff9a8f4c93,unknown,0,0,0
2c200b3128aa499cbee1da414e2e3d9b,ark/deepseek-v3,275,290,565
2c200b3128aa499cbee1da414e2e3d9b,unknown,0,0,0
2c270c66e30043348f6a1cb4cc4151a5,deepseek-chat,2897,1307,4204
2c270c66e30043348f6a1cb4cc4151a5,unknown,0,0,0
2c2cf6e9850c4dfc999c41f116017870,ark/deepseek-v3,2366,473,2839
2c2cf6e9850c4dfc999c41f116017870,unknown,0,0,0
2c2d26ed0bf440d6861ea83065968175,ark/deepseek-v3,467,97,564
2c2d26ed0bf440d6861ea83065968175,unknown,0,0,0
2c391e8914d54c8d9bc866519af6674a,ark/deepseek-v3,1455,195,1650
2c391e8914d54c8d9bc866519af6674a,unknown,0,0,0
2c3e596dfcf84f0bb1e2864aa0c55ac5,ark/deepseek-v3,2642,1547,4189
2c3e596dfcf84f0bb1e2864aa0c55ac5,unknown,0,0,0
2c406c70fe434dbb88366bb54447529a,deepseek-chat,671,359,1030
2c406c70fe434dbb88366bb54447529a,unknown,0,0,0
2c4082d788c645e3b6f5466f75cd630f,ark/deepseek-v3,629,415,1044
2c4082d788c645e3b6f5466f75cd630f,unknown,0,0,0
2c41f556703e4e25b3234081f60ecfc3,ark/kimi-k2,927,366,1293
2c41f556703e4e25b3234081f60ecfc3,unknown,0,0,0
2c456d42d4ed4c79bf5297078f5a430b,ark/deepseek-v3,10363,1345,11708
2c456d42d4ed4c79bf5297078f5a430b,unknown,0,0,0
2c45cb0a43a44734b40d07994a9b05ba,ark/deepseek-v3,467,103,570
2c45cb0a43a44734b40d07994a9b05ba,unknown,0,0,0
2c47317aaf50402fa85d734ebfd507ad,ark/deepseek-v3,1455,210,1665
2c47317aaf50402fa85d734ebfd507ad,deepseek-chat,221,626,847
2c47317aaf50402fa85d734ebfd507ad,unknown,0,0,0
2c48ac3ad7cd467db7fbfc54bfda9f80,ark/deepseek-v3,467,95,562
2c48ac3ad7cd467db7fbfc54bfda9f80,unknown,0,0,0
2c5200ce6b61444a9bbd7bf82343900f,deepseek-chat,670,317,987
2c5200ce6b61444a9bbd7bf82343900f,unknown,0,0,0
2c557163b68242a6b2147dbbaf5e05ef,ark/deepseek-v3,1089,338,1427
2c557163b68242a6b2147dbbaf5e05ef,unknown,0,0,0
2c5ad96de73349b1850321ec9d26286e,ark/deepseek-v3-1,5196,2321,7517
2c5ad96de73349b1850321ec9d26286e,gpt-4.1,5017,1301,6318
2c5ad96de73349b1850321ec9d26286e,unknown,0,0,0
2c64e997089b4824ab9ad243afb8e4f3,ark/deepseek-v3-1,1825,715,2540
2c64e997089b4824ab9ad243afb8e4f3,unknown,0,0,0
2c68d71d6ed04ed09341f2774e6e6cde,deepseek-chat,1099,312,1411
2c68d71d6ed04ed09341f2774e6e6cde,unknown,0,0,0
2c6f86e5046f4a338643b9152911157b,ark/deepseek-v3,1251,228,1479
2c6f86e5046f4a338643b9152911157b,unknown,0,0,0
2c7042dc0b474cc0bb4e4e2d5707e62e,ark/deepseek-v3-1,3684,1828,5512
2c7042dc0b474cc0bb4e4e2d5707e62e,unknown,0,0,0
2c72b231740d4a59856fc155bee305c7,ark/deepseek-v3,467,97,564
2c72b231740d4a59856fc155bee305c7,unknown,0,0,0
2c79a5c8abae4fb68f2cc88fcf5bfe52,deepseek-chat,2222,971,3193
2c79a5c8abae4fb68f2cc88fcf5bfe52,unknown,0,0,0
2c7a1698b0734262adcf95835dcb31ca,ark/deepseek-v3,1837,355,2192
2c7a1698b0734262adcf95835dcb31ca,unknown,0,0,0
2c837312f8e04fb992d51847a94a2596,ark/deepseek-v3,13447,2628,16075
2c837312f8e04fb992d51847a94a2596,unknown,0,0,0
2c8878841b4d44f190e15428961d44cf,ark/deepseek-v3,1089,418,1507
2c8878841b4d44f190e15428961d44cf,unknown,0,0,0
2c8a9fa42b7e4292bf6e529f10ce5414,ark/deepseek-v3,2307,317,2624
2c8a9fa42b7e4292bf6e529f10ce5414,unknown,0,0,0
2c8cd860706d454999500acd5914f7ad,deepseek-chat,2264,844,3108
2c8cd860706d454999500acd5914f7ad,unknown,0,0,0
2c9068d1e8264857b50492a614e270e3,deepseek-chat,934,230,1164
2c9068d1e8264857b50492a614e270e3,gpt-4.1,672,268,940
2c9068d1e8264857b50492a614e270e3,unknown,0,0,0
2c95a1a5a20e4c3f9d4dbd2ab2362812,ark/deepseek-v3,1822,878,2700
2c95a1a5a20e4c3f9d4dbd2ab2362812,unknown,0,0,0
2c95f9af66a24485b2972d2918095b83,ark/deepseek-v3,701,199,900
2c95f9af66a24485b2972d2918095b83,unknown,0,0,0
2cb03adda3d941e1adb037ef108755d3,deepseek-chat,2234,894,3128
2cb03adda3d941e1adb037ef108755d3,unknown,0,0,0
2cb28ad8e56a41cea382fa0f13e19961,ark/deepseek-v3,9797,1993,11790
2cb28ad8e56a41cea382fa0f13e19961,unknown,0,0,0
2cb8c9a5dac84384ac8a8de778225def,ark/deepseek-v3,1455,196,1651
2cb8c9a5dac84384ac8a8de778225def,unknown,0,0,0
2cbb034d49c14143a937c46940e49e23,ark/deepseek-r1,1924,2801,4725
2cbb034d49c14143a937c46940e49e23,unknown,0,0,0
2cc1e5378c064472bc1958e86268d333,ark/deepseek-v3,1455,237,1692
2cc1e5378c064472bc1958e86268d333,unknown,0,0,0
2cc2282c587847d1938080909c1395f2,ark/deepseek-v3-1,5125,949,6074
2cc2282c587847d1938080909c1395f2,unknown,0,0,0
2cc92ddaac9f45a591ff7083c6ae145e,deepseek-chat,1305,303,1608
2cc92ddaac9f45a591ff7083c6ae145e,gpt-4.1,1612,241,1853
2cc92ddaac9f45a591ff7083c6ae145e,unknown,0,0,0
2cce5f3483224789ae5be50dda8c3662,ark/deepseek-v3,0,0,0
2cce5f3483224789ae5be50dda8c3662,unknown,0,0,0
2cd9a61bc6f24a088420c4539f00e5b3,deepseek-chat,2152,792,2944
2cd9a61bc6f24a088420c4539f00e5b3,gpt-4.1,2787,811,3598
2cd9a61bc6f24a088420c4539f00e5b3,unknown,0,0,0
2cd9f79ffcfe4abf941ed99bc3f6e470,ark/deepseek-v3,13444,2614,16058
2cd9f79ffcfe4abf941ed99bc3f6e470,unknown,0,0,0
2cdacc4a103f4bee8c0c455c0d886cfb,deepseek-chat,7593,2249,9842
2cdacc4a103f4bee8c0c455c0d886cfb,unknown,0,0,0
2cdd77ad91194780b2a26c186b4e88c5,deepseek-chat,1360,655,2015
2cdd77ad91194780b2a26c186b4e88c5,unknown,0,0,0
2cde1f0d16324711a854774130a64baf,ark/deepseek-v3-1,6438,874,7312
2cde1f0d16324711a854774130a64baf,unknown,0,0,0
2ce94f41ad4741239e28f3a800a1f064,deepseek-chat,670,286,956
2ce94f41ad4741239e28f3a800a1f064,unknown,0,0,0
2cee3d26b6d546dba4eba8a3dda0dcaf,ark/deepseek-v3,467,144,611
2cee3d26b6d546dba4eba8a3dda0dcaf,unknown,0,0,0
2cef02ddb7904262b18617528524fa70,ark/deepseek-v3,1455,177,1632
2cef02ddb7904262b18617528524fa70,unknown,0,0,0
2cf9f02670a149e791285d16006d030f,ark/deepseek-v3,3638,685,4323
2cf9f02670a149e791285d16006d030f,unknown,0,0,0
2cfd84c29ce541c1a804af45cea6f2fc,ark/deepseek-v3,0,0,0
2cfd84c29ce541c1a804af45cea6f2fc,unknown,0,0,0
2d0060c3a00445b0bf817b076ffce0dc,ark/deepseek-v3,8208,1439,9647
2d0060c3a00445b0bf817b076ffce0dc,unknown,0,0,0
2d023c64f4d14309bc72888685611467,deepseek-chat,8677,644,9321
2d023c64f4d14309bc72888685611467,unknown,0,0,0
2d067d63b32b4b19a78d359c6f490b85,ark/deepseek-v3,1027,290,1317
2d067d63b32b4b19a78d359c6f490b85,unknown,0,0,0
2d0751bb27214bfa8773e27f3bbdbef0,deepseek-chat,1054,547,1601
2d0751bb27214bfa8773e27f3bbdbef0,gpt-4.1,940,27,967
2d0751bb27214bfa8773e27f3bbdbef0,unknown,0,0,0
2d0d69e431d74bb48635be81b796824b,ark/deepseek-v3,701,180,881
2d0d69e431d74bb48635be81b796824b,unknown,0,0,0
2d1270a9dcda4cc9b245fa9456692b82,ark/deepseek-v3,701,200,901
2d1270a9dcda4cc9b245fa9456692b82,unknown,0,0,0
2d14a698b382491588633229a58d5969,ark/deepseek-v3,701,178,879
2d14a698b382491588633229a58d5969,unknown,0,0,0
2d16a72f51484f56acbaf456f75221a8,deepseek-chat,914,530,1444
2d16a72f51484f56acbaf456f75221a8,unknown,0,0,0
2d19e055341b44989c7e0b21df675259,unknown,0,0,0
2d1b9e85808341d8b15eac4580e2b798,deepseek-chat,125,941,1066
2d1b9e85808341d8b15eac4580e2b798,unknown,0,0,0
2d1f1e68080b41d18d27368f64378501,ark/deepseek-v3,1351,618,1969
2d1f1e68080b41d18d27368f64378501,unknown,0,0,0
2d238f2eca5b42469056b178cedbdd3b,ark/deepseek-v3,465,87,552
2d238f2eca5b42469056b178cedbdd3b,unknown,0,0,0
2d27f557823a49549f6a16d1c0afe3b1,deepseek-chat,2662,1043,3705
2d27f557823a49549f6a16d1c0afe3b1,unknown,0,0,0
2d282d0f610644b0a327cd24afcdecd2,deepseek-chat,934,248,1182
2d282d0f610644b0a327cd24afcdecd2,gpt-4.1,1626,391,2017
2d282d0f610644b0a327cd24afcdecd2,unknown,0,0,0
2d2c321367e64709b3cbe82f163c2e67,ark/deepseek-v3,6000,1340,7340
2d2c321367e64709b3cbe82f163c2e67,unknown,0,0,0
2d2f1575ba1743dabc54c27d04c2b480,deepseek-chat,44,1642,1686
2d2f1575ba1743dabc54c27d04c2b480,unknown,0,0,0
2d35445c2ed14801850f0e0400abaae7,ark/deepseek-v3,8832,1887,10719
2d35445c2ed14801850f0e0400abaae7,unknown,0,0,0
2d35e173bc044b11a5f6d98914d36361,ark/deepseek-v3-1,4860,254,5114
2d35e173bc044b11a5f6d98914d36361,unknown,0,0,0
2d3deb8eb4ef4d09b8673f7d99159107,deepseek-chat,859,369,1228
2d3deb8eb4ef4d09b8673f7d99159107,unknown,0,0,0
2d3e02defce7444c9bd7ff6c62a7db39,deepseek-chat,722,169,891
2d3e02defce7444c9bd7ff6c62a7db39,unknown,0,0,0
2d4770d85d2b43bd95cfae5f405726a6,ark/deepseek-v3,4582,693,5275
2d4770d85d2b43bd95cfae5f405726a6,deepseek-chat,698,1399,2097
2d4770d85d2b43bd95cfae5f405726a6,unknown,0,0,0
2d52efdbcffe4ef786709d03319b26c1,ark/deepseek-v3,701,196,897
2d52efdbcffe4ef786709d03319b26c1,unknown,0,0,0
2d534f3c2fee4afbaf6096a52fa93999,ark/deepseek-v3-1,1405,950,2355
2d534f3c2fee4afbaf6096a52fa93999,unknown,0,0,0
2d551ce284b247b0914e7d2039ec1dc1,unknown,0,0,0
2d593856d63749b1ad2384b7b9f10081,ark/deepseek-v3,467,88,555
2d593856d63749b1ad2384b7b9f10081,unknown,0,0,0
2d5b64091d174238b165992281ddda11,ark/deepseek-v3,465,94,559
2d5b64091d174238b165992281ddda11,unknown,0,0,0
2d62b7a3d9654581a3a1c5ac4aed723c,deepseek-chat,10,28,38
2d62b7a3d9654581a3a1c5ac4aed723c,unknown,0,0,0
2d6ae2a249c44dbfa38ab7ee1100dfe3,ark/deepseek-v3,2355,551,2906
2d6ae2a249c44dbfa38ab7ee1100dfe3,unknown,0,0,0
2d6e05b440574b7e8a18d165edefa451,ark/deepseek-v3-1,1082,445,1527
2d6e05b440574b7e8a18d165edefa451,unknown,0,0,0
2d6e5d55656240ffa6b6771b1973ef32,ark/deepseek-v3,467,104,571
2d6e5d55656240ffa6b6771b1973ef32,unknown,0,0,0
2d725e385be34e2c9accdf99e0315df8,deepseek-chat,956,294,1250
2d725e385be34e2c9accdf99e0315df8,unknown,0,0,0
2d77379508b140e599d3ed8790d00f2f,deepseek-chat,2154,868,3022
2d77379508b140e599d3ed8790d00f2f,unknown,0,0,0
2d9d2bcb71354473a231d21c3d014daf,ark/deepseek-v3,467,91,558
2d9d2bcb71354473a231d21c3d014daf,unknown,0,0,0
2da04ec1024a41ab8c9396f5fbc31caa,ark/deepseek-v3,1455,213,1668
2da04ec1024a41ab8c9396f5fbc31caa,unknown,0,0,0
2da79d88d2b440d8872782536ebfe9c3,deepseek-chat,1397,370,1767
2da79d88d2b440d8872782536ebfe9c3,unknown,0,0,0
2db07b69406645da927791b608a0f703,ark/deepseek-v3,467,93,560
2db07b69406645da927791b608a0f703,unknown,0,0,0
2db5f9bccd1f4543b3813e41c8f22f8c,deepseek-chat,670,336,1006
2db5f9bccd1f4543b3813e41c8f22f8c,unknown,0,0,0
2db7dffc4c5e42ac8a908b9d1256c217,deepseek-chat,561,207,768
2db7dffc4c5e42ac8a908b9d1256c217,unknown,0,0,0
2dc04c726f304aae81447b547837a238,ark/deepseek-v3,868,498,1366
2dc04c726f304aae81447b547837a238,unknown,0,0,0
2dc300c3ecb84ef19f41882851c2d36f,ark/deepseek-v3,8710,1045,9755
2dc300c3ecb84ef19f41882851c2d36f,unknown,0,0,0
2dc76872cab445098f3e26ecffc1da4b,ark/deepseek-v3,467,94,561
2dc76872cab445098f3e26ecffc1da4b,unknown,0,0,0
2dc980ad41a147529b0b571581efd8ec,ark/deepseek-v3,4745,867,5612
2dc980ad41a147529b0b571581efd8ec,unknown,0,0,0
2dcbf8bc7af94a1da012261659910ec8,ark/deepseek-v3,3143,276,3419
2dcbf8bc7af94a1da012261659910ec8,unknown,0,0,0
2dcfe1c3ba17454da9da63e42c507fcd,ark/deepseek-v3,1089,270,1359
2dcfe1c3ba17454da9da63e42c507fcd,unknown,0,0,0
2ddd6053fc104df4a726f434f13c99c7,ark/deepseek-v3,467,111,578
2ddd6053fc104df4a726f434f13c99c7,unknown,0,0,0
2de348bb0612485ba49e035ae08b76da,deepseek-chat,961,318,1279
2de348bb0612485ba49e035ae08b76da,unknown,0,0,0
2dec74b491754105b2616c4ed7300643,ark/deepseek-v3,1088,290,1378
2dec74b491754105b2616c4ed7300643,unknown,0,0,0
2dec9e4d42f047318cb29def8e272820,ark/deepseek-v3-1,1405,879,2284
2dec9e4d42f047318cb29def8e272820,gpt-4.1,1062,28,1090
2dec9e4d42f047318cb29def8e272820,unknown,0,0,0
2df3e8feb79e46af974a86d0303633d4,ark/deepseek-v3-1,2771,1163,3934
2df3e8feb79e46af974a86d0303633d4,unknown,0,0,0
2df8a61c0035447c877413e91ccedc89,deepseek-chat,2811,1149,3960
2df8a61c0035447c877413e91ccedc89,unknown,0,0,0
2e05a7daa9f847c88366e0069a612690,ark/deepseek-v3,701,175,876
2e05a7daa9f847c88366e0069a612690,unknown,0,0,0
2e075fc40b474062a036ded4a64f4019,deepseek-chat,561,207,768
2e075fc40b474062a036ded4a64f4019,unknown,0,0,0
2e08b380926f4a57ba6349b7e706177d,ark/deepseek-v3,6616,800,7416
2e08b380926f4a57ba6349b7e706177d,unknown,0,0,0
2e097dddce3b4640b72cfd10bd4efe48,ark/deepseek-v3,1497,226,1723
2e097dddce3b4640b72cfd10bd4efe48,unknown,0,0,0
2e0a2568173d46ab8c8622a405c8b688,deepseek-chat,561,207,768
2e0a2568173d46ab8c8622a405c8b688,unknown,0,0,0
2e0be94601fc4173a9b4fd6074112d12,deepseek-chat,561,207,768
2e0be94601fc4173a9b4fd6074112d12,unknown,0,0,0
2e0c2f5dd1ea4f72b9ed8170f2c80c5e,deepseek-chat,1492,493,1985
2e0c2f5dd1ea4f72b9ed8170f2c80c5e,unknown,0,0,0
2e1110b4a87748288a82463a55fb8e01,deepseek-chat,2152,1333,3485
2e1110b4a87748288a82463a55fb8e01,unknown,0,0,0
2e12c3e2367b45ab8f3c795b2fed246e,deepseek-chat,2880,185,3065
2e12c3e2367b45ab8f3c795b2fed246e,unknown,0,0,0
2e14be56352342ebb622e2cd6af912d5,ark/deepseek-v3,2419,1231,3650
2e14be56352342ebb622e2cd6af912d5,unknown,0,0,0
2e1b6118e2234b9db0893aad2f2315df,unknown,0,0,0
2e2298790d9245ac8b152fb8f6dbdc97,deepseek-chat,0,0,0
2e2298790d9245ac8b152fb8f6dbdc97,unknown,0,0,0
2e22fba979294bffa2783c3227237784,ark/deepseek-v3,2398,462,2860
2e22fba979294bffa2783c3227237784,unknown,0,0,0
2e2f415816424d47914e5bb7de59b47c,ark/deepseek-v3,2050,312,2362
2e2f415816424d47914e5bb7de59b47c,unknown,0,0,0
2e30dc57dd9f4855ade5cee7ae0aab14,ark/deepseek-v3,1455,205,1660
2e30dc57dd9f4855ade5cee7ae0aab14,unknown,0,0,0
2e326ca644da4ae4bc76d15f034a6378,ark/deepseek-v3,3076,442,3518
2e326ca644da4ae4bc76d15f034a6378,unknown,0,0,0
2e358fd0eb824ad6a4a3a687c78aedbb,deepseek-chat,561,207,768
2e358fd0eb824ad6a4a3a687c78aedbb,unknown,0,0,0
2e3627a31e274da296bf391bebd6d365,deepseek-chat,671,370,1041
2e3627a31e274da296bf391bebd6d365,unknown,0,0,0
2e3d909f213f46fc85695ba77f4e6abb,ark/deepseek-v3,2204,1180,3384
2e3d909f213f46fc85695ba77f4e6abb,unknown,0,0,0
2e3feaa0a13742aa894a28ca790a0fea,ark/deepseek-v3,2743,1441,4184
2e3feaa0a13742aa894a28ca790a0fea,unknown,0,0,0
2e4632b714ee4618848c208844b14020,deepseek-chat,2097,1540,3637
2e4632b714ee4618848c208844b14020,unknown,0,0,0
2e48f919e0d842e5bb3470fcc43e7c39,deepseek-chat,7561,2039,9600
2e48f919e0d842e5bb3470fcc43e7c39,unknown,0,0,0
2e4c2f32151445d89094958dd6d0de8b,ark/deepseek-v3,465,106,571
2e4c2f32151445d89094958dd6d0de8b,unknown,0,0,0
2e4c3c5e04074f2c97eb8a7970d98456,unknown,0,0,0
2e540ee741324a768ff1e54a87415498,deepseek-chat,0,0,0
2e540ee741324a768ff1e54a87415498,unknown,0,0,0
2e547fd677964a908e78f5a9542818a6,unknown,0,0,0
2e5568f3273f4293b49acebb11a822f5,ark/deepseek-v3,467,93,560
2e5568f3273f4293b49acebb11a822f5,unknown,0,0,0
2e59c3ce9177423d9e1bc9e2131bc6c6,ark/deepseek-v3-1,1405,974,2379
2e59c3ce9177423d9e1bc9e2131bc6c6,unknown,0,0,0
2e5bfb4dc6fb4e6dac84672be02c6aaa,ark/deepseek-v3,3421,1203,4624
2e5bfb4dc6fb4e6dac84672be02c6aaa,unknown,0,0,0
2e6551ba464e40268f6ab069a55098dc,deepseek-chat,1052,389,1441
2e6551ba464e40268f6ab069a55098dc,gpt-4.1,940,27,967
2e6551ba464e40268f6ab069a55098dc,unknown,0,0,0
2e655eb610d84861b4e10045b2640ba3,deepseek-chat,1052,438,1490
2e655eb610d84861b4e10045b2640ba3,gpt-4.1,1884,148,2032
2e655eb610d84861b4e10045b2640ba3,unknown,0,0,0
2e71cc4da3e740e0ac98e3f96aaf85ea,ark/deepseek-v3-1,1126,142,1268
2e71cc4da3e740e0ac98e3f96aaf85ea,unknown,0,0,0
2e75fe5f0e58412096394fe4477b4a2b,deepseek-chat,670,353,1023
2e75fe5f0e58412096394fe4477b4a2b,unknown,0,0,0
2e7e83d16c804a36a371e9d2c2a00545,ark/deepseek-v3,701,199,900
2e7e83d16c804a36a371e9d2c2a00545,unknown,0,0,0
2e82bc46e12145e997df21fa7754caed,ark/deepseek-v3,7518,801,8319
2e82bc46e12145e997df21fa7754caed,deepseek-chat,206,169,375
2e82bc46e12145e997df21fa7754caed,unknown,0,0,0
2e82c73154214a78b596b8e66411306b,ark/deepseek-v3,0,0,0
2e82c73154214a78b596b8e66411306b,unknown,0,0,0
2e844ce7659048f4bde52f0df01c8368,ark/deepseek-v3,467,97,564
2e844ce7659048f4bde52f0df01c8368,unknown,0,0,0
2e850fe3857b43aaab3c789870fa833f,ark/deepseek-v3,6616,795,7411
2e850fe3857b43aaab3c789870fa833f,unknown,0,0,0
2e85e9be656a42998b91203a1af1f519,ark/deepseek-v3,2397,413,2810
2e85e9be656a42998b91203a1af1f519,unknown,0,0,0
2e9993bd36a24e9c811a390f4353f544,ark/deepseek-v3,1455,193,1648
2e9993bd36a24e9c811a390f4353f544,unknown,0,0,0
2eaae12f95eb4ba08de7bed3d5620261,deepseek-chat,868,303,1171
2eaae12f95eb4ba08de7bed3d5620261,unknown,0,0,0
2eb78923eff84b08ba1ba7d7454c80b7,deepseek-chat,561,207,768
2eb78923eff84b08ba1ba7d7454c80b7,unknown,0,0,0
2eb9d0a4c2a24958a10d1e3dd2a99e55,ark/deepseek-v3,3712,1359,5071
2eb9d0a4c2a24958a10d1e3dd2a99e55,unknown,0,0,0
2eba62b8e38a461db3988c048af2b60c,deepseek-chat,670,344,1014
2eba62b8e38a461db3988c048af2b60c,unknown,0,0,0
2ec75eddeca64a39a40f137819419ca9,deepseek-chat,3335,1635,4970
2ec75eddeca64a39a40f137819419ca9,gpt-4.1,4219,1061,5280
2ec75eddeca64a39a40f137819419ca9,unknown,0,0,0
2ecbec3fef16455390d44b7516826858,ark/deepseek-v3,758,102,860
2ecbec3fef16455390d44b7516826858,unknown,0,0,0
2ed2ef1df89345a1adbc79ab39dcdf01,ark/deepseek-v3,457,68,525
2ed2ef1df89345a1adbc79ab39dcdf01,unknown,0,0,0
2ed9abec99c34e7c879e7f3472c01c36,ark/deepseek-v3,1088,321,1409
2ed9abec99c34e7c879e7f3472c01c36,unknown,0,0,0
2ee0e240fc7a461cbfbbba6c7567fc6a,ark/deepseek-v3,1455,217,1672
2ee0e240fc7a461cbfbbba6c7567fc6a,deepseek-chat,4400,48,4448
2ee0e240fc7a461cbfbbba6c7567fc6a,unknown,0,0,0
2ee677b22f5045b7867a66cbad9f83a2,ark/deepseek-v3,467,97,564
2ee677b22f5045b7867a66cbad9f83a2,unknown,0,0,0
2ee67ad2712441a8bd76f09586bc08c9,deepseek-chat,670,327,997
2ee67ad2712441a8bd76f09586bc08c9,gpt-4.1,940,115,1055
2ee67ad2712441a8bd76f09586bc08c9,unknown,0,0,0
2ef26151e5fe46678d2c510d8d782fc0,deepseek-chat,773,285,1058
2ef26151e5fe46678d2c510d8d782fc0,unknown,0,0,0
2ef4f0489bc3429c95c05d38e9692efd,deepseek-chat,658,357,1015
2ef4f0489bc3429c95c05d38e9692efd,unknown,0,0,0
2f0c6c5bfede485ea5c073b13165ecc4,ark/deepseek-v3,701,177,878
2f0c6c5bfede485ea5c073b13165ecc4,unknown,0,0,0
2f11a22bca444385b79f6cd46381ed9d,deepseek-chat,864,1009,1873
2f11a22bca444385b79f6cd46381ed9d,unknown,0,0,0
2f13f56b6dd54b78990c3cbd26ee340c,deepseek-chat,1438,577,2015
2f13f56b6dd54b78990c3cbd26ee340c,unknown,0,0,0
2f17ac20b07c45fdbc438cccb37e390e,ark/deepseek-v3-1,2748,1085,3833
2f17ac20b07c45fdbc438cccb37e390e,unknown,0,0,0
2f1eb7ee8ca84bd5a90664bc0b131eef,unknown,0,0,0
2f2b28696fd14628a81eb6578256fc45,ark/deepseek-v3,630,244,874
2f2b28696fd14628a81eb6578256fc45,unknown,0,0,0
2f33ecf4f22f43d79a79dfd57f843ee3,ark/deepseek-v3,2257,1163,3420
2f33ecf4f22f43d79a79dfd57f843ee3,unknown,0,0,0
2f38895af05d493f8287caf8d2b993a7,unknown,0,0,0
2f47c839830e4ad1832d3d2f61de30b7,ark/deepseek-v3,1837,358,2195
2f47c839830e4ad1832d3d2f61de30b7,unknown,0,0,0
2f4adc632e434f92b1a3e55667d92fa5,ark/deepseek-v3,10929,2295,13224
2f4adc632e434f92b1a3e55667d92fa5,unknown,0,0,0
2f51858890e4466991d267c79b44a84c,deepseek-chat,283,813,1096
2f51858890e4466991d267c79b44a84c,gpt-4o-2024-05-13,607,19,626
2f51858890e4466991d267c79b44a84c,unknown,0,0,0
2f54b4b43e7f4cd4bf06d8378b5e418f,ark/deepseek-v3,5974,723,6697
2f54b4b43e7f4cd4bf06d8378b5e418f,unknown,0,0,0
2f581c6d456b4a45a2a17b070072c2dd,ark/deepseek-v3,2297,1187,3484
2f581c6d456b4a45a2a17b070072c2dd,unknown,0,0,0
2f6b1240a12646e9bcfa0ac945f5b72b,ark/deepseek-v3,1089,349,1438
2f6b1240a12646e9bcfa0ac945f5b72b,unknown,0,0,0
2f6c7297922047928ea76a0a6d799e96,ark/deepseek-v3,39201,6108,45309
2f6c7297922047928ea76a0a6d799e96,deepseek-chat,4202,221,4423
2f6c7297922047928ea76a0a6d799e96,unknown,0,0,0
2f7011bb95fa4709bf1ed728c9ef2130,ark/deepseek-v3,467,80,547
2f7011bb95fa4709bf1ed728c9ef2130,unknown,0,0,0
2f9c0e3ea5fc4bf89e05937b5ef36611,deepseek-chat,658,302,960
2f9c0e3ea5fc4bf89e05937b5ef36611,unknown,0,0,0
2faf2e07c47643779ef7011229c62f1e,ark/deepseek-v3,7422,928,8350
2faf2e07c47643779ef7011229c62f1e,unknown,0,0,0
2fb21e21cd7c432b9479047431f80cdd,deepseek-chat,561,206,767
2fb21e21cd7c432b9479047431f80cdd,unknown,0,0,0
2fbebb379faa446db08f4b4c880d392a,deepseek-chat,561,207,768
2fbebb379faa446db08f4b4c880d392a,unknown,0,0,0
2fbed9affeff40c8a8b1896d5f530a19,ark/deepseek-v3-1,1329,882,2211
2fbed9affeff40c8a8b1896d5f530a19,unknown,0,0,0
2fbf50372fc44bcebbb73e8db7415d0f,deepseek-chat,763,395,1158
2fbf50372fc44bcebbb73e8db7415d0f,unknown,0,0,0
2fc0db9c38474ed6968407d236a0a30d,ark/deepseek-v3,1424,785,2209
2fc0db9c38474ed6968407d236a0a30d,unknown,0,0,0
2fc55437b5594d979c89957ad13931c8,deepseek-chat,1030,356,1386
2fc55437b5594d979c89957ad13931c8,gpt-4.1,940,27,967
2fc55437b5594d979c89957ad13931c8,unknown,0,0,0
2fc8cd28991245dc9bf574dc2b09e27a,ark/deepseek-v3,479,5326,5805
2fc8cd28991245dc9bf574dc2b09e27a,unknown,0,0,0
2fc99567772c4f1997f9aedd5b780afe,ark/deepseek-v3,1295,361,1656
2fc99567772c4f1997f9aedd5b780afe,unknown,0,0,0
2fcdf96f85344e66aa098b6910fd5710,gpt-4-0613,977,394,1371
2fcdf96f85344e66aa098b6910fd5710,unknown,0,0,0
2fddfee6a1644a4ea48e2f39b4f8aa5e,ark/deepseek-v3,467,96,563
2fddfee6a1644a4ea48e2f39b4f8aa5e,unknown,0,0,0
2fe2543dc3e04b8ea9f234adbe404371,ark/deepseek-v3,467,108,575
2fe2543dc3e04b8ea9f234adbe404371,unknown,0,0,0
2fe6d41b916c464cb40c41f96ce0c9b3,deepseek-chat,2159,1586,3745
2fe6d41b916c464cb40c41f96ce0c9b3,unknown,0,0,0
2ff1f7709a83425e9e33456c246aa042,ark/deepseek-v3,465,99,564
2ff1f7709a83425e9e33456c246aa042,unknown,0,0,0
2ff20a6b85bc45898eb64966f20ced18,deepseek-chat,2216,890,3106
2ff20a6b85bc45898eb64966f20ced18,unknown,0,0,0
2ff236f8c4f641c4b6a8b0d99677635c,deepseek-chat,671,399,1070
2ff236f8c4f641c4b6a8b0d99677635c,unknown,0,0,0
2ff3c47eaeef44f7ac10c582cfb9338b,ark/deepseek-v3,1509,612,2121
2ff3c47eaeef44f7ac10c582cfb9338b,unknown,0,0,0
2ff96d14bcd54839985f0681ea17fb0b,ark/deepseek-v3,3071,605,3676
2ff96d14bcd54839985f0681ea17fb0b,unknown,0,0,0
2ff9a094610d40a88d2a8890d2608229,ark/deepseek-v3,701,181,882
2ff9a094610d40a88d2a8890d2608229,unknown,0,0,0
2ffa2de472414257928507eacb64dac3,ark/deepseek-v3,3143,319,3462
2ffa2de472414257928507eacb64dac3,unknown,0,0,0
2ffd43ff46af466bb1dfd5bde963f6ce,deepseek-chat,3433,1318,4751
2ffd43ff46af466bb1dfd5bde963f6ce,gpt-4.1,3430,935,4365
2ffd43ff46af466bb1dfd5bde963f6ce,unknown,0,0,0
2ffe94bfde5d4a8aad8a668dff4e90ee,ark/deepseek-v3,1455,201,1656
2ffe94bfde5d4a8aad8a668dff4e90ee,unknown,0,0,0
3003255cf7a14613aee0c96a924cccb2,ark/deepseek-v3,7781,771,8552
3003255cf7a14613aee0c96a924cccb2,deepseek-chat,0,0,0
3003255cf7a14613aee0c96a924cccb2,unknown,0,0,0
300608373b4442fea65f7a85fa71953d,ark/deepseek-v3,701,176,877
300608373b4442fea65f7a85fa71953d,unknown,0,0,0
3006dce4859240288249c9f7bb8ca662,ark/deepseek-v3,4807,925,5732
3006dce4859240288249c9f7bb8ca662,unknown,0,0,0
300b64bfc5ff4dd1b6a43f330405c9e4,deepseek-chat,2115,942,3057
300b64bfc5ff4dd1b6a43f330405c9e4,unknown,0,0,0
301825c3859249eab9cc6ce06b924530,deepseek-chat,3180,962,4142
301825c3859249eab9cc6ce06b924530,unknown,0,0,0
3019442839664cdb8364759326f21312,ark/deepseek-v3,5179,1355,6534
3019442839664cdb8364759326f21312,unknown,0,0,0
302140be08f8461c99458255ca3caf06,ark/deepseek-v3,0,0,0
302140be08f8461c99458255ca3caf06,unknown,0,0,0
30232379536b4dd694702d605f9ef845,deepseek-chat,932,244,1176
30232379536b4dd694702d605f9ef845,gpt-4.1,672,260,932
30232379536b4dd694702d605f9ef845,unknown,0,0,0
302e44436c154c98a986f9ddd0df21bf,ark/deepseek-v3,1711,573,2284
302e44436c154c98a986f9ddd0df21bf,deepseek-chat,5993,179,6172
302e44436c154c98a986f9ddd0df21bf,unknown,0,0,0
3048e768433e488bb526921372b432fa,ark/deepseek-v3,1309,271,1580
3048e768433e488bb526921372b432fa,unknown,0,0,0
304b0380a904430caf3136ee5cebd41d,deepseek-chat,1052,398,1450
304b0380a904430caf3136ee5cebd41d,gpt-4.1,940,27,967
304b0380a904430caf3136ee5cebd41d,unknown,0,0,0
304f2ef2302243ed8f6dd1b71b6b24c1,ark/deepseek-v3,1089,335,1424
304f2ef2302243ed8f6dd1b71b6b24c1,unknown,0,0,0
3051391dc82c4c3f8294ea8cbeaa4a5a,deepseek-chat,3154,1009,4163
3051391dc82c4c3f8294ea8cbeaa4a5a,unknown,0,0,0
30556ff7385d4a99a18e2faa7b4505f2,ark/deepseek-v3,3586,1282,4868
30556ff7385d4a99a18e2faa7b4505f2,unknown,0,0,0
30563b9e2ac848f78abfdd7c6f471b7a,deepseek-chat,671,368,1039
30563b9e2ac848f78abfdd7c6f471b7a,unknown,0,0,0
305cb0eb0b644146afa37653c7d90d46,ark/deepseek-v3,2284,611,2895
305cb0eb0b644146afa37653c7d90d46,unknown,0,0,0
30610a9ae6574353b04b9b9729c4e87f,ark/deepseek-v3-1,16529,2392,18921
30610a9ae6574353b04b9b9729c4e87f,unknown,0,0,0
306530ec7fc14e0088b14987f391b9d3,ark/kimi-k2,11095,2042,13137
306530ec7fc14e0088b14987f391b9d3,gpt-5-mini,0,0,0
306530ec7fc14e0088b14987f391b9d3,unknown,0,0,0
30715f1a899d408b8465ee5078f94511,ark/deepseek-v3,465,101,566
30715f1a899d408b8465ee5078f94511,unknown,0,0,0
3073451dea2e471ea553f073ffa7594e,ark/deepseek-v3,1091,300,1391
3073451dea2e471ea553f073ffa7594e,unknown,0,0,0
30785deece3649c2a947d69f2d821290,deepseek-chat,846,438,1284
30785deece3649c2a947d69f2d821290,unknown,0,0,0
3079e9bfb6694e6ca6b4d608c9c9f38f,ark/deepseek-v3,1478,684,2162
3079e9bfb6694e6ca6b4d608c9c9f38f,unknown,0,0,0
307b37e6bb3840e4ad99314e9a918a2e,ark/deepseek-v3,39142,6412,45554
307b37e6bb3840e4ad99314e9a918a2e,unknown,0,0,0
308a101191db44159c8f450604d6a7be,ark/deepseek-v3-1,528,267,795
308a101191db44159c8f450604d6a7be,unknown,0,0,0
3095d54fb5884e589e0684ae1b284016,ark/deepseek-v3-1,1891,702,2593
3095d54fb5884e589e0684ae1b284016,gpt-4.1,1062,28,1090
3095d54fb5884e589e0684ae1b284016,unknown,0,0,0
309b6d0289ad4d4c9bca38d2248f5e46,ark/deepseek-v3,4377,1035,5412
309b6d0289ad4d4c9bca38d2248f5e46,unknown,0,0,0
30a160c455b7456899b3c40d0f8782a5,ark/deepseek-v3-1,4620,1523,6143
30a160c455b7456899b3c40d0f8782a5,unknown,0,0,0
30abc6b123aa4815a622f0aa14f640ce,unknown,0,0,0
30abd46cbaf3401bae6afd69aaef6e55,ark/deepseek-v3,2626,281,2907
30abd46cbaf3401bae6afd69aaef6e55,unknown,0,0,0
30ac932260bb41538000fa50fb281565,ark/deepseek-v3,6902,1433,8335
30ac932260bb41538000fa50fb281565,unknown,0,0,0
30b10f9e6d204cea918b2105a696216e,deepseek-chat,2918,672,3590
30b10f9e6d204cea918b2105a696216e,unknown,0,0,0
30b5f8ed0d154eec855083a3334a7793,ark/deepseek-v3,18865,3608,22473
30b5f8ed0d154eec855083a3334a7793,unknown,0,0,0
30b87bc6a10e4ea496613982c049d2e0,deepseek-chat,809,358,1167
30b87bc6a10e4ea496613982c049d2e0,unknown,0,0,0
30b939b3738945b1bc389476553d6b83,ark/deepseek-v3,7794,1230,9024
30b939b3738945b1bc389476553d6b83,unknown,0,0,0
30c9d0ebadfe431395657fb73f5de592,ark/deepseek-v3,465,81,546
30c9d0ebadfe431395657fb73f5de592,unknown,0,0,0
30d2edf61cc34a428cbad0b451b420e8,ark/deepseek-v3,467,93,560
30d2edf61cc34a428cbad0b451b420e8,unknown,0,0,0
30e3f246495b460185247376fe2565a2,ark/deepseek-v3,467,97,564
30e3f246495b460185247376fe2565a2,unknown,0,0,0
30e581481c43482bb7d3c698139a5445,ark/deepseek-v3,1170,547,1717
30e581481c43482bb7d3c698139a5445,unknown,0,0,0
30e77da9c8e74ffe9027d40d0b6437bf,deepseek-chat,0,0,0
30e77da9c8e74ffe9027d40d0b6437bf,unknown,0,0,0
30f02758c4dc4caabc6d620dcac68ec1,ark/deepseek-v3-1,5075,673,5748
30f02758c4dc4caabc6d620dcac68ec1,unknown,0,0,0
30f5a0edbbf2499998095aff2643e475,deepseek-chat,2757,1328,4085
30f5a0edbbf2499998095aff2643e475,unknown,0,0,0
3107a426f21b42aeae18446b2b1c3509,ark/deepseek-v3,32805,7298,40103
3107a426f21b42aeae18446b2b1c3509,unknown,0,0,0
310a086a4c54454d98ad65eca722e082,ark/deepseek-v3,1251,222,1473
310a086a4c54454d98ad65eca722e082,unknown,0,0,0
310dee624af8456aa170281538e9146f,deepseek-chat,1055,475,1530
310dee624af8456aa170281538e9146f,gpt-4.1,942,29,971
310dee624af8456aa170281538e9146f,unknown,0,0,0
310df09c101b4aad9428a05401c7808c,ark/deepseek-v3,2163,939,3102
310df09c101b4aad9428a05401c7808c,unknown,0,0,0
3126d9317e3f4609b10cee943dce1fa6,deepseek-chat,8864,1666,10530
3126d9317e3f4609b10cee943dce1fa6,unknown,0,0,0
312d581691fa40e1ae92600ba7367de6,ark/deepseek-v3-1,5029,2275,7304
312d581691fa40e1ae92600ba7367de6,gpt-4.1,3827,1083,4910
312d581691fa40e1ae92600ba7367de6,unknown,0,0,0
31357e752b8f4b778ae331c54cf222cc,ark/deepseek-v3-1,1405,885,2290
31357e752b8f4b778ae331c54cf222cc,unknown,0,0,0
3137dc393aae4c708f9e4fe28ff07937,ark/deepseek-v3,5820,2050,7870
3137dc393aae4c708f9e4fe28ff07937,deepseek-chat,12689,433,13122
3137dc393aae4c708f9e4fe28ff07937,gpt-4.1,651,28,679
3137dc393aae4c708f9e4fe28ff07937,unknown,0,0,0
313ae19bfaf9412f8134041da5bf1434,deepseek-chat,25,307,332
313ae19bfaf9412f8134041da5bf1434,unknown,0,0,0
3141db89d25748cfbb5769ff7a161445,ark/deepseek-v3-1,36185,4452,40637
3141db89d25748cfbb5769ff7a161445,unknown,0,0,0
314fa38ae0a24ebf9bc811fd9d2c88b8,deepseek-chat,670,332,1002
314fa38ae0a24ebf9bc811fd9d2c88b8,unknown,0,0,0
3152574ede80455ca8ac06379a10c4dc,ark/deepseek-v3,467,86,553
3152574ede80455ca8ac06379a10c4dc,unknown,0,0,0
315268b2063545cea47cf3fd7c1779d8,ark/deepseek-v3,0,0,0
315268b2063545cea47cf3fd7c1779d8,unknown,0,0,0
3157286c6a5d47b6a622d6d4e79f52d1,ark/deepseek-v3,2349,1358,3707
3157286c6a5d47b6a622d6d4e79f52d1,unknown,0,0,0
316046170cab454083e7dd7499abf215,ark/deepseek-v3,607,298,905
316046170cab454083e7dd7499abf215,unknown,0,0,0
3165edf345ab439d87d96ebd6cc7d7f5,ark/deepseek-v3,1447,273,1720
3165edf345ab439d87d96ebd6cc7d7f5,unknown,0,0,0
316cb16980114e0a97be052cbc5f6c4d,deepseek-chat,1462,793,2255
316cb16980114e0a97be052cbc5f6c4d,gpt-4.1,477,206,683
316cb16980114e0a97be052cbc5f6c4d,unknown,0,0,0
316cf8dcb1c141098acf009d53b34398,deepseek-chat,658,317,975
316cf8dcb1c141098acf009d53b34398,unknown,0,0,0
3172d1866361464a81125f10b96a632c,ark/deepseek-v3,701,184,885
3172d1866361464a81125f10b96a632c,unknown,0,0,0
31736e724e164613943ca5fb3b8d4b8f,ark/deepseek-v3,1251,253,1504
31736e724e164613943ca5fb3b8d4b8f,unknown,0,0,0
317385b5709e4edeae1bb13b566953c7,deepseek-chat,670,329,999
317385b5709e4edeae1bb13b566953c7,unknown,0,0,0
317c986eb4fb4a37843e0162bec1a528,deepseek-chat,1127,534,1661
317c986eb4fb4a37843e0162bec1a528,gpt-4.1,1132,516,1648
317c986eb4fb4a37843e0162bec1a528,unknown,0,0,0
3183c1f432f2445bb6b94bdcccafd1f0,deepseek-chat,1181,1379,2560
3183c1f432f2445bb6b94bdcccafd1f0,unknown,0,0,0
3184b26c6bbc4160a572591e724212cb,ark/deepseek-v3,6876,1895,8771
3184b26c6bbc4160a572591e724212cb,unknown,0,0,0
3188cabc882f448db4b3a2a334a5cd13,ark/deepseek-v3,1509,855,2364
3188cabc882f448db4b3a2a334a5cd13,unknown,0,0,0
31897f58aec04d19ab998c365b264fc5,deepseek-chat,0,0,0
31897f58aec04d19ab998c365b264fc5,unknown,0,0,0
318ac53da9af4152a905b7de242db975,deepseek-chat,671,419,1090
318ac53da9af4152a905b7de242db975,unknown,0,0,0
318acbb94c44443c80e077435ddc33e4,ark/deepseek-v3,467,167,634
318acbb94c44443c80e077435ddc33e4,unknown,0,0,0
3195d9e586e247379b60aca54052e742,ark/deepseek-v3,1272,652,1924
3195d9e586e247379b60aca54052e742,unknown,0,0,0
319a83de11dd420a88a63ad50c1834b4,ark/deepseek-v3,1837,386,2223
319a83de11dd420a88a63ad50c1834b4,unknown,0,0,0
319c7ebd5d8f42e0a8d681960608e3fb,ark/deepseek-v3-1,584,246,830
319de36ffdfd401781354de2a6cc7d8b,deepseek-chat,671,376,1047
319de36ffdfd401781354de2a6cc7d8b,unknown,0,0,0
319f3369c284495b821faee09ac414d6,ark/deepseek-v3,6718,2144,8862
319f3369c284495b821faee09ac414d6,deepseek-chat,5636,226,5862
319f3369c284495b821faee09ac414d6,unknown,0,0,0
319fc8c1704a4dc1a8fa9459601c413c,ark/deepseek-v3,467,93,560
319fc8c1704a4dc1a8fa9459601c413c,unknown,0,0,0
31a35fe05eea4fcfad96cf04fa5902cb,ark/deepseek-v3,14037,2793,16830
31a35fe05eea4fcfad96cf04fa5902cb,unknown,0,0,0
31aa13a37e984540b7830e44867f9565,ark/deepseek-v3,1949,363,2312
31aa13a37e984540b7830e44867f9565,unknown,0,0,0
31aa597e9065410aa6c7d9455927990e,deepseek-chat,6339,285,6624
31aa597e9065410aa6c7d9455927990e,unknown,0,0,0
31ade6a769c346178e3c802400b98537,deepseek-chat,6725,417,7142
31ade6a769c346178e3c802400b98537,gpt-4.1,982,0,982
31ade6a769c346178e3c802400b98537,unknown,0,0,0
31b0c1023f67447fa73c989eebccf947,ark/deepseek-v3,4252,1749,6001
31b0c1023f67447fa73c989eebccf947,unknown,0,0,0
31c3da15dce44c72a87aa671fa28a29f,ark/deepseek-v3,1186,351,1537
31c3da15dce44c72a87aa671fa28a29f,deepseek-chat,6270,193,6463
31c3da15dce44c72a87aa671fa28a29f,unknown,0,0,0
31c40ddf080945299c7ad0ebcd1ece0a,ark/deepseek-v3,683,156,839
31c40ddf080945299c7ad0ebcd1ece0a,unknown,0,0,0
31db9ab12aa24e99840b51ed1770e73e,ark/deepseek-v3,0,0,0
31db9ab12aa24e99840b51ed1770e73e,unknown,0,0,0
31ec3bd2116f4ec9ba5e05fb03da2c46,ark/deepseek-v3,467,96,563
31ec3bd2116f4ec9ba5e05fb03da2c46,unknown,0,0,0
31f89c3e311742bc969b8c94ddbca433,ark/deepseek-v3,1162,517,1679
31f89c3e311742bc969b8c94ddbca433,unknown,0,0,0
31f9ac9ae924452e9c3c0e584a8cc94f,ark/deepseek-v3-1,3922,1382,5304
31f9ac9ae924452e9c3c0e584a8cc94f,deepseek-chat,1663,765,2428
31f9ac9ae924452e9c3c0e584a8cc94f,unknown,0,0,0
31fdc0372928475eb8970ecb06f22ccc,deepseek-chat,1380,572,1952
31fdc0372928475eb8970ecb06f22ccc,unknown,0,0,0
3208cbaa0bf54103b304a4321eec7fa1,ark/deepseek-v3,467,97,564
3208cbaa0bf54103b304a4321eec7fa1,unknown,0,0,0
320fcff5d6d748f08ef1ba116ba155c2,deepseek-chat,671,471,1142
320fcff5d6d748f08ef1ba116ba155c2,unknown,0,0,0
3210fce856644a56b7856462e2cee389,ark/deepseek-v3,562,150,712
3210fce856644a56b7856462e2cee389,unknown,0,0,0
3213cbd0c4d44e84a4643bf878bf1e6e,ark/deepseek-v3,6641,782,7423
3213cbd0c4d44e84a4643bf878bf1e6e,unknown,0,0,0
3217ecd6ce994ef8a880d0fea3a5a58a,deepseek-chat,670,320,990
3217ecd6ce994ef8a880d0fea3a5a58a,unknown,0,0,0
32187f5757a14ba98b9b238b90c511d6,deepseek-chat,561,207,768
32187f5757a14ba98b9b238b90c511d6,unknown,0,0,0
32188348bbb54a048b3d6264080f2031,deepseek-chat,934,230,1164
32188348bbb54a048b3d6264080f2031,gpt-4.1,672,250,922
32188348bbb54a048b3d6264080f2031,unknown,0,0,0
321ae16e8ece408e9ae15a9bdb9a8ee2,deepseek-chat,1337,759,2096
321ae16e8ece408e9ae15a9bdb9a8ee2,unknown,0,0,0
321c4ea74c3143a4963757d823adba8a,deepseek-chat,2399,685,3084
321c4ea74c3143a4963757d823adba8a,gpt-4.1,3602,873,4475
321c4ea74c3143a4963757d823adba8a,unknown,0,0,0
3223b0c20e5e4065b2fff595d92098a6,ark/deepseek-v3,5920,1201,7121
3223b0c20e5e4065b2fff595d92098a6,unknown,0,0,0
32349e61193d482797e0041e3d271e9e,deepseek-chat,781,383,1164
32349e61193d482797e0041e3d271e9e,unknown,0,0,0
32499e9e3a6a45b183d75beafba43c98,ark/deepseek-v3,1455,191,1646
32499e9e3a6a45b183d75beafba43c98,unknown,0,0,0
324a077d81a14169b443b0235353da02,ark/deepseek-v3,2161,1016,3177
324a077d81a14169b443b0235353da02,unknown,0,0,0
32570539feb64f3db4df12fefcc6954d,deepseek-chat,8724,1920,10644
32570539feb64f3db4df12fefcc6954d,unknown,0,0,0
32599956f61e44d9b87fd12f90325970,ark/deepseek-v3,1455,190,1645
32599956f61e44d9b87fd12f90325970,unknown,0,0,0
325c334e7f05405fb4f7808ddbb83ca1,deepseek-chat,2803,1218,4021
325c334e7f05405fb4f7808ddbb83ca1,unknown,0,0,0
3262579e224a4f8a910d274ca104b325,deepseek-chat,2545,869,3414
3262579e224a4f8a910d274ca104b325,gpt-4.1,2533,546,3079
3262579e224a4f8a910d274ca104b325,unknown,0,0,0
326467eb886d45158ae83305e2c19755,deepseek-chat,1357,930,2287
326467eb886d45158ae83305e2c19755,unknown,0,0,0
326af73be9024e2792e1c6bc089ebc2b,ark/deepseek-v3,467,83,550
326af73be9024e2792e1c6bc089ebc2b,unknown,0,0,0
3280ef5c55c54211a4b4e14a95579d17,deepseek-chat,886,475,1361
3280ef5c55c54211a4b4e14a95579d17,unknown,0,0,0
3282facf2c934e3586bd9505223b8bc7,ark/deepseek-v3,467,97,564
3282facf2c934e3586bd9505223b8bc7,unknown,0,0,0
3286ba593d584cc2a881724c430d2633,ark/deepseek-v3,3278,1541,4819
3286ba593d584cc2a881724c430d2633,deepseek-chat,6057,166,6223
3286ba593d584cc2a881724c430d2633,unknown,0,0,0
328b938f608a41d3937e19c624ba2a8a,deepseek-chat,561,207,768
328b938f608a41d3937e19c624ba2a8a,unknown,0,0,0
3290b1c5d7504fbcaf99c87d7468dd16,ark/deepseek-v3,1089,317,1406
3290b1c5d7504fbcaf99c87d7468dd16,unknown,0,0,0
3293e1e8209c4fa5a092b9e19d1a60bd,ark/deepseek-v3,0,0,0
3293e1e8209c4fa5a092b9e19d1a60bd,unknown,0,0,0
32a96b8f9db44c9ea41a5d306d63acfb,ark/deepseek-v3-1,1015,306,1321
32a96b8f9db44c9ea41a5d306d63acfb,gpt-4.1,1062,28,1090
32a96b8f9db44c9ea41a5d306d63acfb,unknown,0,0,0
32acdf80a3d54a85a117985744adf585,ark/deepseek-v3,4314,2244,6558
32acdf80a3d54a85a117985744adf585,unknown,0,0,0
32b125509ba941d08cdc8e74be86a3cc,deepseek-chat,960,382,1342
32b125509ba941d08cdc8e74be86a3cc,unknown,0,0,0
32b49548b5b64670bf2c49d3e922d0b7,deepseek-chat,4166,1501,5667
32b49548b5b64670bf2c49d3e922d0b7,gpt-4.1,4179,984,5163
32b49548b5b64670bf2c49d3e922d0b7,unknown,0,0,0
32c1ed69324c4a55a34041c620acd585,ark/deepseek-v3,467,92,559
32c1ed69324c4a55a34041c620acd585,unknown,0,0,0
32c8c01b4fdb4cfcbfc52cde174846f0,ark/deepseek-v3,1089,273,1362
32c8c01b4fdb4cfcbfc52cde174846f0,unknown,0,0,0
32cbdec68fe44a6ea78b56d24f2396fd,ark/deepseek-v3,933,196,1129
32cbdec68fe44a6ea78b56d24f2396fd,unknown,0,0,0
32d35a686a7146deae5dc7fdabb88b2e,ark/deepseek-v3,1088,312,1400
32d35a686a7146deae5dc7fdabb88b2e,unknown,0,0,0
32d8895c70d04307ac51d73bc03873ab,deepseek-chat,0,0,0
32d8895c70d04307ac51d73bc03873ab,unknown,0,0,0
32e4d6ca8ac14f578ab3d9f58f6971a4,ark/deepseek-v3,6001,763,6764
32e4d6ca8ac14f578ab3d9f58f6971a4,deepseek-chat,3173,1456,4629
32e4d6ca8ac14f578ab3d9f58f6971a4,unknown,0,0,0
32e68597f0be40459c2de1c4d2183ba0,ark/deepseek-v3,701,181,882
32e68597f0be40459c2de1c4d2183ba0,unknown,0,0,0
32e76dee2b22478d8db83b102350e372,ark/deepseek-v3,1208,835,2043
32e76dee2b22478d8db83b102350e372,unknown,0,0,0
32e795d7ee0948b59416d3cacb35e7da,ark/deepseek-v3,2977,783,3760
32e795d7ee0948b59416d3cacb35e7da,unknown,0,0,0
32ea8c69b07e454290bb952fde688d92,ark/deepseek-v3,1455,184,1639
32ea8c69b07e454290bb952fde688d92,unknown,0,0,0
32f0162b774b47d397d4b9a23950cf5e,ark/deepseek-v3-1,1405,953,2358
32f0162b774b47d397d4b9a23950cf5e,unknown,0,0,0
32f0954568214d048758faa9f21d388f,deepseek-chat,561,207,768
32f0954568214d048758faa9f21d388f,unknown,0,0,0
32f192d538a24f89bf8fd5ad46d94d50,deepseek-chat,2110,1605,3715
32f192d538a24f89bf8fd5ad46d94d50,unknown,0,0,0
32f737f7df6445b2931afa94021c5256,ark/deepseek-v3,467,86,553
32f737f7df6445b2931afa94021c5256,unknown,0,0,0
32fef0fb989248818e1c8540dbfd2348,ark/deepseek-v3,467,97,564
32fef0fb989248818e1c8540dbfd2348,unknown,0,0,0
33018f231f6a4642ac007a9d6f738e40,deepseek-chat,2264,914,3178
33018f231f6a4642ac007a9d6f738e40,unknown,0,0,0
330407a1dc6a4774ae5d1e585cdabb4c,unknown,0,0,0
330f319ed97a407aab05ed68f164c2eb,deepseek-chat,0,0,0
330f319ed97a407aab05ed68f164c2eb,unknown,0,0,0
33115b1de9024ab2a2c638ed8baa9382,ark/deepseek-v3,2398,428,2826
33115b1de9024ab2a2c638ed8baa9382,ark/deepseek-v3-1,0,0,0
33115b1de9024ab2a2c638ed8baa9382,unknown,0,0,0
33174918bbe14e26b0f26dee5e04948f,ark/deepseek-v3,1251,216,1467
33174918bbe14e26b0f26dee5e04948f,unknown,0,0,0
33175b24e71943218e393a5153bace5f,deepseek-chat,1052,407,1459
33175b24e71943218e393a5153bace5f,gpt-4.1,2965,515,3480
33175b24e71943218e393a5153bace5f,unknown,0,0,0
331b7b96a4c8406c8fd5e44d94b0751d,deepseek-chat,670,317,987
331b7b96a4c8406c8fd5e44d94b0751d,unknown,0,0,0
331b9975275a4ff286b0ab37cc232e4c,ark/deepseek-v3,2275,1132,3407
331b9975275a4ff286b0ab37cc232e4c,unknown,0,0,0
33247e2812da41bb901a4df02524e9a3,deepseek-chat,0,0,0
33247e2812da41bb901a4df02524e9a3,unknown,0,0,0
33315836666a42e0a8d47f0ed2f6980b,ark/deepseek-v3,5984,693,6677
33315836666a42e0a8d47f0ed2f6980b,unknown,0,0,0
3334dbf01b5d4c48b0b4683493daadfd,ark/deepseek-v3,758,113,871
3334dbf01b5d4c48b0b4683493daadfd,unknown,0,0,0
333791233b984809bb9abefb11c0ddf8,deepseek-chat,1562,383,1945
333791233b984809bb9abefb11c0ddf8,unknown,0,0,0
33477c77f87240ab8011c60c5b9d654a,ark/deepseek-v3,0,0,0
33477c77f87240ab8011c60c5b9d654a,unknown,0,0,0
3349de3bc82a42dd9687a31e5c166082,ark/deepseek-v3,467,95,562
3349de3bc82a42dd9687a31e5c166082,unknown,0,0,0
3350bdd21bd7436fa56ce65dcca806c4,ark/deepseek-v3,467,86,553
3350bdd21bd7436fa56ce65dcca806c4,unknown,0,0,0
3353bac6662f4afabb9017d4ebff0970,ark/deepseek-v3,2396,397,2793
3353bac6662f4afabb9017d4ebff0970,unknown,0,0,0
335cbe3bb48b4d9595a60417a5721dff,ark/deepseek-v3,1088,308,1396
335cbe3bb48b4d9595a60417a5721dff,unknown,0,0,0
335f8953b3cd43e6bd5dacc83e7b5680,deepseek-chat,790,386,1176
335f8953b3cd43e6bd5dacc83e7b5680,unknown,0,0,0
33623bc080184072a39b87171469d5d4,deepseek-chat,1361,374,1735
33623bc080184072a39b87171469d5d4,unknown,0,0,0
33667b71be4c4d85a042c5c074d28f43,deepseek-chat,934,237,1171
33667b71be4c4d85a042c5c074d28f43,gpt-4.1,672,274,946
33667b71be4c4d85a042c5c074d28f43,unknown,0,0,0
336d300cf05a448eaced5f8a2947578c,unknown,0,0,0
336dd4c21e6f4b38b9947b6af990e85d,deepseek-chat,2150,632,2782
336dd4c21e6f4b38b9947b6af990e85d,unknown,0,0,0
337a249deec5400b9f9afa456e94f369,ark/deepseek-v3-1,1930,721,2651
337a249deec5400b9f9afa456e94f369,unknown,0,0,0
337d82a748b94122af8e86f33c65f572,ark/deepseek-v3,0,0,0
337d82a748b94122af8e86f33c65f572,unknown,0,0,0
3381543138be4c378135795e13a94253,deepseek-chat,0,0,0
3381543138be4c378135795e13a94253,unknown,0,0,0
338686b6fddd4c379707366b953f1a27,ark/deepseek-v3,701,176,877
338686b6fddd4c379707366b953f1a27,unknown,0,0,0
3392195b0b4a4f6abb7a85e147a7779e,deepseek-chat,671,357,1028
3392195b0b4a4f6abb7a85e147a7779e,unknown,0,0,0
339a07344d604e91b1dcb454dc61a284,deepseek-chat,670,372,1042
339a07344d604e91b1dcb454dc61a284,unknown,0,0,0
33a42e74cbfd4ba5be119bb9f655774a,deepseek-chat,671,444,1115
33a42e74cbfd4ba5be119bb9f655774a,unknown,0,0,0
33a9dacbb6cc4be48284bb70df9fdd60,ark/deepseek-v3,695,80,775
33a9dacbb6cc4be48284bb70df9fdd60,unknown,0,0,0
33b4da235f6b41ea82f4e1735a62fa05,deepseek-chat,2197,971,3168
33b4da235f6b41ea82f4e1735a62fa05,unknown,0,0,0
33ba9d3d6fef490ca5bff8f603b9dbc6,ark/deepseek-v3,701,176,877
33ba9d3d6fef490ca5bff8f603b9dbc6,unknown,0,0,0
33bad2c13c654de8a66acb080faa3323,deepseek-chat,561,207,768
33bad2c13c654de8a66acb080faa3323,unknown,0,0,0
33bd9eb3e9154177a8aed2facaca5afb,ark/deepseek-v3,6131,1796,7927
33bd9eb3e9154177a8aed2facaca5afb,gpt-4.1,654,24,678
33bd9eb3e9154177a8aed2facaca5afb,unknown,0,0,0
33c18974cfa547dbbd0b6c6f9d16d99f,deepseek-chat,1093,279,1372
33c18974cfa547dbbd0b6c6f9d16d99f,unknown,0,0,0
33c3a0ed01d94c6891573fffacf3598f,unknown,0,0,0
33c9a4e6430645e8835de7d356e3b4e7,ark/deepseek-v3-1,3125,1343,4468
33c9a4e6430645e8835de7d356e3b4e7,ark/kimi-k2,1704,783,2487
33c9a4e6430645e8835de7d356e3b4e7,gpt-4.1,4786,1377,6163
33c9a4e6430645e8835de7d356e3b4e7,unknown,0,0,0
33d7a8f77fd44316b7d20c2c74dba521,ark/deepseek-v3,1455,175,1630
33d7a8f77fd44316b7d20c2c74dba521,unknown,0,0,0
33dc509703584b349f16636600b07bc9,ark/deepseek-v3,4048,1804,5852
33dc509703584b349f16636600b07bc9,unknown,0,0,0
33dd49f1b4c047098ffbd883ba933921,deepseek-chat,811,483,1294
33dd49f1b4c047098ffbd883ba933921,unknown,0,0,0
33e128bfdd7849bcaee17bd0c5966939,deepseek-chat,3333,1479,4812
33e128bfdd7849bcaee17bd0c5966939,unknown,0,0,0
33e2efc792d5451598b0164b390f295b,ark/deepseek-v3,1251,203,1454
33e2efc792d5451598b0164b390f295b,unknown,0,0,0
33e5522edb06448eb431a81422dcf176,ark/deepseek-v3,988,236,1224
33e5522edb06448eb431a81422dcf176,unknown,0,0,0
33ea24255a364d18a8c1302f0203c217,deepseek-chat,2096,480,2576
33ea24255a364d18a8c1302f0203c217,unknown,0,0,0
33ef3452350342b8bcf23166d4a61fb3,ark/deepseek-v3,1865,698,2563
33ef3452350342b8bcf23166d4a61fb3,unknown,0,0,0
33f0d1fac8af4d75a9608f7009c96aa1,ark/deepseek-v3,4370,1262,5632
33f0d1fac8af4d75a9608f7009c96aa1,unknown,0,0,0
33f14b8b13334375ad3758b9e3c53eca,deepseek-chat,4487,1788,6275
33f14b8b13334375ad3758b9e3c53eca,unknown,0,0,0
33f7a2612400461c95d6655299a514ae,deepseek-chat,670,348,1018
33f7a2612400461c95d6655299a514ae,unknown,0,0,0
33f7c56644d24c5f9a663ceb51b258a6,ark/deepseek-v3,2801,699,3500
33f7c56644d24c5f9a663ceb51b258a6,unknown,0,0,0
33f9dfed630647f6862563a2b1c2dadf,ark/deepseek-v3,3028,691,3719
33f9dfed630647f6862563a2b1c2dadf,unknown,0,0,0
34027248bdc845dc9f28138ae5ddd022,deepseek-chat,1064,313,1377
34027248bdc845dc9f28138ae5ddd022,unknown,0,0,0
3404164b7e6d49dc838bc7efc9d05e6c,deepseek-chat,68,322,390
3404164b7e6d49dc838bc7efc9d05e6c,unknown,0,0,0
340b66fd942546d7a599ac7c72c6dff0,ark/deepseek-v3,801,113,914
340b66fd942546d7a599ac7c72c6dff0,unknown,0,0,0
3418fb1592b5472b8093cb3af4752a7d,deepseek-chat,1385,523,1908
3418fb1592b5472b8093cb3af4752a7d,unknown,0,0,0
341e8f3de62c4f50b97a5f761af51edd,deepseek-chat,1055,384,1439
341e8f3de62c4f50b97a5f761af51edd,gpt-4.1,942,29,971
341e8f3de62c4f50b97a5f761af51edd,unknown,0,0,0
34201c3b5bf1406eacb56fededd769a2,ark/deepseek-v3-1,490,232,722
34201c3b5bf1406eacb56fededd769a2,unknown,0,0,0
34202ff83623403eb79ade8e8fe72adc,deepseek-chat,671,499,1170
34202ff83623403eb79ade8e8fe72adc,unknown,0,0,0
342367a4f3094010a3e5c7905f4573d7,ark/deepseek-v3,2794,379,3173
342367a4f3094010a3e5c7905f4573d7,unknown,0,0,0
342450a30b9641978df05c7d6f6d6d08,deepseek-chat,4242,1036,5278
342450a30b9641978df05c7d6f6d6d08,unknown,0,0,0
34261ca7aaa041afb6765a01eab488db,ark/deepseek-v3,467,93,560
34261ca7aaa041afb6765a01eab488db,unknown,0,0,0
3426efb869f74d6dab04269ec21a8e6a,deepseek-chat,3566,1330,4896
3426efb869f74d6dab04269ec21a8e6a,gpt-4.1,3533,928,4461
3426efb869f74d6dab04269ec21a8e6a,unknown,0,0,0
342804a542e2461884c587015e04d1af,ark/deepseek-v3,1837,358,2195
342804a542e2461884c587015e04d1af,unknown,0,0,0
34287509d495470290e7600faf7027b6,unknown,0,0,0
342cee447fd04072a40277b22ff1fcfa,ark/deepseek-v3,6606,696,7302
342cee447fd04072a40277b22ff1fcfa,unknown,0,0,0
34362a1e16fc483ea2364bae976f2501,deepseek-chat,0,0,0
34362a1e16fc483ea2364bae976f2501,unknown,0,0,0
34379e0ee51846f9b28b2a54d9bcee5a,ark/deepseek-v3,1872,773,2645
34379e0ee51846f9b28b2a54d9bcee5a,unknown,0,0,0
3437c9c2b983484984ea18218ad6d722,ark/deepseek-v3,3098,566,3664
3437c9c2b983484984ea18218ad6d722,unknown,0,0,0
343fcbd1c9dd43f09200c32aede74622,deepseek-chat,671,462,1133
343fcbd1c9dd43f09200c32aede74622,unknown,0,0,0
344231124acf423390b629c7d93bbcd6,deepseek-chat,561,206,767
344231124acf423390b629c7d93bbcd6,unknown,0,0,0
3442e98ce19d4f2cbb6d3b13bf9b40e7,deepseek-chat,1147,423,1570
3442e98ce19d4f2cbb6d3b13bf9b40e7,unknown,0,0,0
3443f3ee1c38484787027157da53336e,ark/deepseek-v3,644,250,894
3443f3ee1c38484787027157da53336e,unknown,0,0,0
344cdee784b64cfaa7c4469ffe924145,ark/deepseek-v3,701,175,876
344cdee784b64cfaa7c4469ffe924145,unknown,0,0,0
3450c7edb0cd41d1af0228342016adbf,ark/deepseek-v3,4300,1988,6288
3450c7edb0cd41d1af0228342016adbf,unknown,0,0,0
3451a705e97e428d9029707150a3688c,deepseek-chat,2342,770,3112
3451a705e97e428d9029707150a3688c,unknown,0,0,0
3451c2e5d6ba4766a4b40e5c59e8583f,ark/deepseek-v3,1088,287,1375
3451c2e5d6ba4766a4b40e5c59e8583f,unknown,0,0,0
3455f465adc54b138dda96656dadc6ad,ark/deepseek-v3-1,1405,823,2228
3455f465adc54b138dda96656dadc6ad,unknown,0,0,0
34564c5feec84d16bff6cfcdfb070161,deepseek-chat,776,291,1067
34564c5feec84d16bff6cfcdfb070161,unknown,0,0,0
3460e6a007bd4bbe8d5bc3eeb853696e,ark/deepseek-v3,0,0,0
3460e6a007bd4bbe8d5bc3eeb853696e,unknown,0,0,0
346645757f3b415b94dd0239432e60a0,ark/deepseek-v3,6125,1754,7879
346645757f3b415b94dd0239432e60a0,gpt-4.1,648,28,676
346645757f3b415b94dd0239432e60a0,unknown,0,0,0
346860978d8d4543a60ad78a8e1130dd,ark/deepseek-v3,2717,1514,4231
346860978d8d4543a60ad78a8e1130dd,unknown,0,0,0
34733a0f43194624bfbb61a79ae7e29c,deepseek-chat,4615,429,5044
34733a0f43194624bfbb61a79ae7e29c,unknown,0,0,0
34779c6b221d4b3898210ca6d32d2ccf,deepseek-chat,0,0,0
34779c6b221d4b3898210ca6d32d2ccf,unknown,0,0,0
34a2bd01300b4aabb506d5dedabda7a6,ark/deepseek-v3,2486,693,3179
34a2bd01300b4aabb506d5dedabda7a6,unknown,0,0,0
34a6b02dc4c54d2884a47078eda6dfb8,ark/deepseek-v3,6929,1326,8255
34a6b02dc4c54d2884a47078eda6dfb8,unknown,0,0,0
34a77702ac824d92bbf836bd48bdba1d,deepseek-chat,670,329,999
34a77702ac824d92bbf836bd48bdba1d,unknown,0,0,0
34aaedba9a7849fea6cfdd903bbdb328,ark/deepseek-v3,5165,1499,6664
34aaedba9a7849fea6cfdd903bbdb328,unknown,0,0,0
34aeca44775c4998a4f43e619d9d36ee,deepseek-chat,670,394,1064
34aeca44775c4998a4f43e619d9d36ee,unknown,0,0,0
34b77e576cc448e0ba7be8215a839b34,ark/deepseek-v3,465,99,564
34b77e576cc448e0ba7be8215a839b34,unknown,0,0,0
34ba50c798f14c95bc7f9d681b383b0e,ark/deepseek-v3,0,0,0
34ba50c798f14c95bc7f9d681b383b0e,unknown,0,0,0
34bedc1e62ea45f1929b4a4061ac48b2,deepseek-chat,1374,583,1957
34bedc1e62ea45f1929b4a4061ac48b2,unknown,0,0,0
34c3eb0126e34ad1ab346fc0fef9393f,ark/deepseek-v3,1147,512,1659
34c3eb0126e34ad1ab346fc0fef9393f,unknown,0,0,0
34c9d9cd4b2246c786d2beba474947b8,deepseek-chat,2632,999,3631
34c9d9cd4b2246c786d2beba474947b8,unknown,0,0,0
34ce387bf09747f9934ffaa41b95a44d,ark/deepseek-v3-1,4197,1412,5609
34ce387bf09747f9934ffaa41b95a44d,unknown,0,0,0
34d270beab054396a68ce4c440837c70,deepseek-chat,561,207,768
34d270beab054396a68ce4c440837c70,unknown,0,0,0
34d4eb6866cd45cdb82dd4441b99c8ad,deepseek-chat,0,0,0
34d4eb6866cd45cdb82dd4441b99c8ad,unknown,0,0,0
34d5a00a9ec547c4a5a410eb53b2b2ab,deepseek-chat,561,207,768
34d5a00a9ec547c4a5a410eb53b2b2ab,unknown,0,0,0
34d7f71235404ae4b07ab0702b0ce891,deepseek-chat,0,0,0
34d7f71235404ae4b07ab0702b0ce891,unknown,0,0,0
34e6f7ce2e67417c87263b5a255cca35,ark/deepseek-v3,1251,217,1468
34e6f7ce2e67417c87263b5a255cca35,unknown,0,0,0
34ef53b8c06e414da0ba1dbc47e7c093,ark/deepseek-v3,487,91,578
34ef53b8c06e414da0ba1dbc47e7c093,unknown,0,0,0
34f690462db44348ab425ce1b6cae242,ark/deepseek-v3,3143,304,3447
34f690462db44348ab425ce1b6cae242,unknown,0,0,0
3505e9284aaf41ba9d6d884ef6bad8ce,ark/deepseek-v3,2399,542,2941
3505e9284aaf41ba9d6d884ef6bad8ce,unknown,0,0,0
35075cf1ca234a2ab7b09e25094d95c2,deepseek-chat,0,0,0
35075cf1ca234a2ab7b09e25094d95c2,unknown,0,0,0
350c8791c0c3429680eaa2cbc699028b,deepseek-chat,670,374,1044
350c8791c0c3429680eaa2cbc699028b,gpt-4.1,1890,203,2093
350c8791c0c3429680eaa2cbc699028b,unknown,0,0,0
35141c2c5be54ebbb5df78872d419fe4,ark/deepseek-v3,465,100,565
35141c2c5be54ebbb5df78872d419fe4,unknown,0,0,0
35189b3b472e4af5a73d44595cbaf90f,deepseek-chat,561,207,768
35189b3b472e4af5a73d44595cbaf90f,unknown,0,0,0
3519d5644c0d478d8ce5d14b757a3051,deepseek-chat,671,371,1042
3519d5644c0d478d8ce5d14b757a3051,unknown,0,0,0
3519eca4a463407eb34566a67c48cac5,deepseek-chat,956,370,1326
3519eca4a463407eb34566a67c48cac5,unknown,0,0,0
351f3794658d425c8f29a435c7aed764,ark/deepseek-v3,1061,376,1437
351f3794658d425c8f29a435c7aed764,unknown,0,0,0
3523295386b141be8f546db1ff7d2813,ark/deepseek-v3,701,183,884
3523295386b141be8f546db1ff7d2813,unknown,0,0,0
3524f49d60234587a51bcea9eef1bdcd,ark/deepseek-v3,5900,1868,7768
3524f49d60234587a51bcea9eef1bdcd,gpt-4.1,626,22,648
3524f49d60234587a51bcea9eef1bdcd,unknown,0,0,0
35263ff3a2aa42c696395e827239bcd5,deepseek-chat,934,229,1163
35263ff3a2aa42c696395e827239bcd5,gpt-4.1,672,218,890
35263ff3a2aa42c696395e827239bcd5,unknown,0,0,0
352b087142a346918af497d4943a9cc3,ark/deepseek-v3,2265,1177,3442
352b087142a346918af497d4943a9cc3,unknown,0,0,0
352fcd9be28046a3b33e3d1af2810a33,ark/deepseek-v3,701,179,880
352fcd9be28046a3b33e3d1af2810a33,unknown,0,0,0
3531ae60b4de451e84c7ba2b09171f41,deepseek-chat,2561,879,3440
3531ae60b4de451e84c7ba2b09171f41,unknown,0,0,0
353359517d784c619e907b9b99df47ac,deepseek-chat,561,207,768
353359517d784c619e907b9b99df47ac,unknown,0,0,0
353b8c5b74bf40f184d8f5de0c9ccb77,deepseek-chat,670,388,1058
353b8c5b74bf40f184d8f5de0c9ccb77,unknown,0,0,0
353d1f9a0351408199fa4ee33685f0ac,deepseek-chat,2602,1191,3793
353d1f9a0351408199fa4ee33685f0ac,unknown,0,0,0
35434555589f4599acd2e8f39d8d3072,deepseek-chat,0,0,0
35434555589f4599acd2e8f39d8d3072,unknown,0,0,0
35447cf3e36848b68177d03355950740,unknown,0,0,0
354f805c4e064ae893f7025d8063d21b,deepseek-chat,3456,1101,4557
354f805c4e064ae893f7025d8063d21b,gpt-4.1,4122,836,4958
354f805c4e064ae893f7025d8063d21b,unknown,0,0,0
355f305977a84e96831e888c6bfc13e3,ark/deepseek-v3,6172,1850,8022
355f305977a84e96831e888c6bfc13e3,gpt-4.1,640,21,661
355f305977a84e96831e888c6bfc13e3,unknown,0,0,0
3563bcf2319045879375e12883b5b6f2,ark/deepseek-v3,1957,1102,3059
3563bcf2319045879375e12883b5b6f2,unknown,0,0,0
3567e4481406405f814db9a9b89e30e2,deepseek-chat,2283,1057,3340
3567e4481406405f814db9a9b89e30e2,unknown,0,0,0
356abbd3cfde49d59c3e21451f355f53,ark/deepseek-v3,3144,321,3465
356abbd3cfde49d59c3e21451f355f53,unknown,0,0,0
35705e8526794169a9de7e2e6a45a333,ark/deepseek-v3,1510,883,2393
35705e8526794169a9de7e2e6a45a333,unknown,0,0,0
3571f0c0391b47a58c4473f7a67caae7,deepseek-chat,2139,1007,3146
3571f0c0391b47a58c4473f7a67caae7,unknown,0,0,0
35736da2a15249fcadc9eda5c4e10a0f,ark/deepseek-v3,44837,7283,52120
35736da2a15249fcadc9eda5c4e10a0f,deepseek-chat,7184,137,7321
35736da2a15249fcadc9eda5c4e10a0f,unknown,0,0,0
3575fdc81c064f739cd1a20fab1ad8d3,deepseek-chat,712,309,1021
3575fdc81c064f739cd1a20fab1ad8d3,unknown,0,0,0
357f4a2eb8c04bf596f84fe56de2facc,deepseek-chat,3931,653,4584
357f4a2eb8c04bf596f84fe56de2facc,unknown,0,0,0
3583e522eebe4702a0cec35a156c53b0,deepseek-chat,2270,1388,3658
3583e522eebe4702a0cec35a156c53b0,unknown,0,0,0
3585714369bc422bbd36f13073db00a4,ark/deepseek-v3,6837,1850,8687
3585714369bc422bbd36f13073db00a4,gpt-4.1,646,21,667
3585714369bc422bbd36f13073db00a4,unknown,0,0,0
35860c849dad49ab9e2f3c52a6aa3a88,ark/deepseek-v3,599,439,1038
35860c849dad49ab9e2f3c52a6aa3a88,unknown,0,0,0
358783dbdbf9415f9abcb28fd630c6a2,deepseek-chat,1229,410,1639
358783dbdbf9415f9abcb28fd630c6a2,unknown,0,0,0
3590539c1c89418584bbb06c57740553,ark/deepseek-v3,4422,780,5202
3590539c1c89418584bbb06c57740553,unknown,0,0,0
3593d465a8c049b6950c95a8ecb8718f,ark/deepseek-v3,1455,190,1645
3593d465a8c049b6950c95a8ecb8718f,unknown,0,0,0
3596b9d90e7842b0a4a4080e153bf544,deepseek-chat,1055,405,1460
3596b9d90e7842b0a4a4080e153bf544,gpt-4.1,941,28,969
3596b9d90e7842b0a4a4080e153bf544,unknown,0,0,0
359f4010e1914fdb8c04baa81b94398c,deepseek-chat,1096,431,1527
359f4010e1914fdb8c04baa81b94398c,unknown,0,0,0
35baab632ada4bd8a3eaf06a75959f78,ark/deepseek-v3,701,178,879
35baab632ada4bd8a3eaf06a75959f78,unknown,0,0,0
35c3b46bc32f4722af9eea060ebb0530,ark/deepseek-v3,1168,601,1769
35c3b46bc32f4722af9eea060ebb0530,unknown,0,0,0
35c753780eec4b32808df501fae9330a,deepseek-chat,670,318,988
35c753780eec4b32808df501fae9330a,unknown,0,0,0
35cb272ffd6144cb9511efffeda3087f,deepseek-chat,0,0,0
35cb272ffd6144cb9511efffeda3087f,unknown,0,0,0
35cc38bf3bfb4313a1a754192493bc62,deepseek-chat,771,191,962
35cc38bf3bfb4313a1a754192493bc62,unknown,0,0,0
35cfdf7193c54a1d879eb9699d0f42f9,deepseek-chat,924,473,1397
35cfdf7193c54a1d879eb9699d0f42f9,unknown,0,0,0
35d48318f5344c988a0b9ffd0fb9e77a,ark/deepseek-v3,701,179,880
35d48318f5344c988a0b9ffd0fb9e77a,unknown,0,0,0
35e56fcbf7574e5689999a06b9c827dc,ark/deepseek-v3,701,175,876
35e56fcbf7574e5689999a06b9c827dc,unknown,0,0,0
35e87ac899c848bea3a4b02b3640f037,deepseek-chat,0,0,0
35e87ac899c848bea3a4b02b3640f037,unknown,0,0,0
35e9b728cba84726b0a9382e4bffb0c6,deepseek-chat,0,0,0
35e9b728cba84726b0a9382e4bffb0c6,unknown,0,0,0
35eb8195591b4cbe9b5444c2155cc49d,deepseek-chat,1951,926,2877
35eb8195591b4cbe9b5444c2155cc49d,unknown,0,0,0
35f3b4ce4cfd42df82fed42f8d0d4014,ark/deepseek-v3,5906,1724,7630
35f3b4ce4cfd42df82fed42f8d0d4014,gpt-4.1,644,24,668
35f3b4ce4cfd42df82fed42f8d0d4014,unknown,0,0,0
360d65dd27a44a179717ebdcc19d08b4,ark/deepseek-v3,467,92,559
360d65dd27a44a179717ebdcc19d08b4,unknown,0,0,0
3615a4ec52434ff08e620ccc18ffdc93,ark/deepseek-v3,6840,1837,8677
3615a4ec52434ff08e620ccc18ffdc93,deepseek-chat,6632,363,6995
3615a4ec52434ff08e620ccc18ffdc93,gpt-4.1,680,36,716
3615a4ec52434ff08e620ccc18ffdc93,unknown,0,0,0
36176a9355a54cb18f09babaaf7a9de8,ark/deepseek-v3,1065,205,1270
36176a9355a54cb18f09babaaf7a9de8,gpt-4-0613,18249,6785,25034
36176a9355a54cb18f09babaaf7a9de8,unknown,0,0,0
36186d12b48e4b6aab942b2cc7a2867e,ark/deepseek-v3,467,118,585
36186d12b48e4b6aab942b2cc7a2867e,unknown,0,0,0
36193b35b25d42b38d288c3d572d0de3,ark/deepseek-v3,3145,297,3442
36193b35b25d42b38d288c3d572d0de3,unknown,0,0,0
3622d17cae9648f0995e3fef53674392,ark/deepseek-v3,8027,1509,9536
3622d17cae9648f0995e3fef53674392,deepseek-chat,5639,130,5769
3622d17cae9648f0995e3fef53674392,unknown,0,0,0
362cbe2f49d64ee18135552597bd119f,deepseek-chat,0,0,0
362cbe2f49d64ee18135552597bd119f,unknown,0,0,0
3630d4e5e1c34816858c72971693f62e,ark/deepseek-v3,467,97,564
3630d4e5e1c34816858c72971693f62e,unknown,0,0,0
3637c679fb134307b904b403cd9079c0,deepseek-chat,0,0,0
3637c679fb134307b904b403cd9079c0,unknown,0,0,0
3638ac4665674bfc9e6b02c3eff7c575,deepseek-chat,2234,1424,3658
3638ac4665674bfc9e6b02c3eff7c575,unknown,0,0,0
363fdcefc02a4809afdfce3c47f581a8,ark/deepseek-v3,2088,1118,3206
363fdcefc02a4809afdfce3c47f581a8,unknown,0,0,0
364015df8a4144d6917e765f54910cf8,ark/deepseek-v3,811,198,1009
364015df8a4144d6917e765f54910cf8,unknown,0,0,0
36451cec3cb84e0984da9782d3f6c5a4,ark/kimi-k2,2707,1353,4060
36451cec3cb84e0984da9782d3f6c5a4,unknown,0,0,0
3645987fca6e4fa5bba11782f79d8bc4,ark/deepseek-v3,6931,1568,8499
3645987fca6e4fa5bba11782f79d8bc4,unknown,0,0,0
3649e19d2f554e0fbf2090d75f1cce39,ark/deepseek-v3,8628,1647,10275
3649e19d2f554e0fbf2090d75f1cce39,unknown,0,0,0
364a91f1de034dc59a9727b48c96c786,deepseek-chat,671,357,1028
364a91f1de034dc59a9727b48c96c786,unknown,0,0,0
364a9eaa8b2a4b7bacf03b80a276b639,ark/deepseek-v3,1947,358,2305
364a9eaa8b2a4b7bacf03b80a276b639,unknown,0,0,0
364d599ec6554d34a28e88263f462d3c,ark/deepseek-v3,0,0,0
364d599ec6554d34a28e88263f462d3c,unknown,0,0,0
364ee03a6cb641b98a70fb71c9f63a58,ark/deepseek-v3,1088,307,1395
364ee03a6cb641b98a70fb71c9f63a58,unknown,0,0,0
364f9707fd304b328aaa5283b729bc04,ark/deepseek-v3,487,105,592
364f9707fd304b328aaa5283b729bc04,unknown,0,0,0
365180c9026144ca9a7699d39b7831b4,ark/deepseek-v3,605,353,958
365180c9026144ca9a7699d39b7831b4,unknown,0,0,0
3654d458a13b477db2bbf4ead06719a1,ark/deepseek-v3,7403,1526,8929
3654d458a13b477db2bbf4ead06719a1,unknown,0,0,0
36566395761242ec9e550eb96c9dc360,ark/deepseek-v3,2589,1170,3759
36566395761242ec9e550eb96c9dc360,unknown,0,0,0
365946fa87fd490cb1f3bd3b56dde975,deepseek-chat,0,0,0
365946fa87fd490cb1f3bd3b56dde975,unknown,0,0,0
365d7e4e40f94b5fad42d4c521877631,ark/deepseek-v3,0,0,0
365d7e4e40f94b5fad42d4c521877631,unknown,0,0,0
3664aafc2c9f4c3193b25aa3d29bd262,deepseek-chat,671,448,1119
3664aafc2c9f4c3193b25aa3d29bd262,unknown,0,0,0
36676cb78fb74a28b15e34315232cbdb,deepseek-chat,1461,1004,2465
36676cb78fb74a28b15e34315232cbdb,unknown,0,0,0
3669cffd990843cfa93d5cf126464e98,deepseek-chat,3523,1336,4859
3669cffd990843cfa93d5cf126464e98,gpt-4.1,3489,981,4470
3669cffd990843cfa93d5cf126464e98,unknown,0,0,0
3674aa5bfd694f7f9b0f75eafc7e3d51,unknown,0,0,0
3674b0b513e1495f959b5f8b18a31e2a,deepseek-chat,613,196,809
3674b0b513e1495f959b5f8b18a31e2a,unknown,0,0,0
3677700b299b4003b5a2698efe1dab02,ark/deepseek-v3,467,94,561
3677700b299b4003b5a2698efe1dab02,unknown,0,0,0
367a05260cc94d44995fd7136b71d3a7,ark/deepseek-v3,18162,3846,22008
367a05260cc94d44995fd7136b71d3a7,unknown,0,0,0
367a26bea5984a9984d488969cc2a126,ark/deepseek-v3,701,176,877
367a26bea5984a9984d488969cc2a126,unknown,0,0,0
367c2d3aad554a908db4480d8991edd6,ark/deepseek-v3-1,1717,208,1925
367c2d3aad554a908db4480d8991edd6,unknown,0,0,0
367d3c3cbfe447a085305b786625e3b2,ark/deepseek-v3-1,1101,496,1597
367d3c3cbfe447a085305b786625e3b2,unknown,0,0,0
368116a71d97425c9ee67fe30abcfe48,unknown,0,0,0
36825596332443ba80ff16e324400664,unknown,0,0,0
368fd57bf217477e863134044432ecec,ark/deepseek-v3,467,95,562
368fd57bf217477e863134044432ecec,unknown,0,0,0
36961ca7c5da428e8a734ba356feac5c,ark/deepseek-v3,6734,2138,8872
36961ca7c5da428e8a734ba356feac5c,gpt-4.1,656,31,687
36961ca7c5da428e8a734ba356feac5c,unknown,0,0,0
3699c5a0fbbb423aa8c9d59e1d877115,ark/deepseek-v3-1,1329,866,2195
3699c5a0fbbb423aa8c9d59e1d877115,unknown,0,0,0
369f94bd6a9c4c3da8ef3772a38d8a76,deepseek-chat,695,261,956
369f94bd6a9c4c3da8ef3772a38d8a76,unknown,0,0,0
36a2ca5fd11b49c683f9b233b3d428ff,deepseek-chat,670,335,1005
36a2ca5fd11b49c683f9b233b3d428ff,unknown,0,0,0
36a3b895fdf54bbc9445385811a570de,ark/deepseek-v3,3896,497,4393
36a3b895fdf54bbc9445385811a570de,unknown,0,0,0
36a6b7b464c045b2bfd997464232f603,ark/deepseek-v3,3144,293,3437
36a6b7b464c045b2bfd997464232f603,unknown,0,0,0
36adaee377c44dff93b62bf4167d6aac,ark/deepseek-v3,1837,349,2186
36adaee377c44dff93b62bf4167d6aac,unknown,0,0,0
36b84a4043254e099e878f4fa93cfcb3,ark/deepseek-v3,1455,224,1679
36b84a4043254e099e878f4fa93cfcb3,unknown,0,0,0
36c3c9059e0044ffa689b2c37189f1d8,deepseek-chat,671,364,1035
36c3c9059e0044ffa689b2c37189f1d8,unknown,0,0,0
36cbd273139a4ec788c6ead1496be5ca,ark/deepseek-v3,465,94,559
36cbd273139a4ec788c6ead1496be5ca,unknown,0,0,0
36cd79452d5544d09f263e20f05bb5c6,ark/deepseek-v3,1249,440,1689
36cd79452d5544d09f263e20f05bb5c6,unknown,0,0,0
36cf3df2db7945e7985e949b9a19851a,deepseek-chat,767,263,1030
36cf3df2db7945e7985e949b9a19851a,unknown,0,0,0
36cfb69d1dc04704a5e6a982fe0fea6c,ark/deepseek-v3,1251,232,1483
36cfb69d1dc04704a5e6a982fe0fea6c,unknown,0,0,0
36d6e2bcdd14467bbdb61711fd7c5ad5,ark/deepseek-v3-1,1405,1008,2413
36d6e2bcdd14467bbdb61711fd7c5ad5,unknown,0,0,0
36de714af537484d8ad53601539b3d72,ark/deepseek-v3,0,0,0
36de714af537484d8ad53601539b3d72,unknown,0,0,0
36e9313f62104fd7aba1bbe0000bade1,ark/deepseek-v3,12584,1962,14546
36e9313f62104fd7aba1bbe0000bade1,unknown,0,0,0
36eadd3d03b4403d84300ab1d8d61bc2,deepseek-chat,3871,1519,5390
36eadd3d03b4403d84300ab1d8d61bc2,gpt-4.1,3359,883,4242
36eadd3d03b4403d84300ab1d8d61bc2,unknown,0,0,0
36ec131c1b8341458c760dbae06dc5fe,ark/deepseek-v3,6152,1696,7848
36ec131c1b8341458c760dbae06dc5fe,ark/deepseek-v3-1,0,0,0
36ec131c1b8341458c760dbae06dc5fe,gpt-4.1,1281,80,1361
36ec131c1b8341458c760dbae06dc5fe,unknown,0,0,0
36ee98c8b5434ce99ac0b159b711a325,ark/deepseek-v3-1,4886,1085,5971
36ee98c8b5434ce99ac0b159b711a325,unknown,0,0,0
36f329742ae94674844ece03ee08fefa,ark/deepseek-v3-1,700,386,1086
36f329742ae94674844ece03ee08fefa,unknown,0,0,0
36f41cdfdcbe48e09fc7f6dd498b8b0c,deepseek-chat,0,0,0
36f41cdfdcbe48e09fc7f6dd498b8b0c,unknown,0,0,0
3702ab2f22794091aff27c623ba28379,deepseek-chat,454,164,618
3702ab2f22794091aff27c623ba28379,unknown,0,0,0
370461585c8446d8b4daafbb7db9ec0b,ark/deepseek-v3,467,92,559
370461585c8446d8b4daafbb7db9ec0b,unknown,0,0,0
3704652fd45e4dacb7a838a9f2ca15cb,deepseek-chat,1043,383,1426
3704652fd45e4dacb7a838a9f2ca15cb,gpt-4.1,941,28,969
3704652fd45e4dacb7a838a9f2ca15cb,unknown,0,0,0
3709132ca1934f38b09a85773d0081c7,deepseek-chat,670,343,1013
3709132ca1934f38b09a85773d0081c7,unknown,0,0,0
37093d6c17c640e6bdddb9cdd931f474,ark/deepseek-v3,1089,315,1404
37093d6c17c640e6bdddb9cdd931f474,unknown,0,0,0
3714f2377f5f495eaf81ea70092b069c,ark/deepseek-v3,6155,1979,8134
3714f2377f5f495eaf81ea70092b069c,gpt-4.1,642,23,665
3714f2377f5f495eaf81ea70092b069c,unknown,0,0,0
3718839778284ba6954dc588349f8ec5,deepseek-chat,788,425,1213
3718839778284ba6954dc588349f8ec5,unknown,0,0,0
3723ecf9a28d499f9f7a15a9bda02f16,ark/deepseek-v3,13457,2553,16010
3723ecf9a28d499f9f7a15a9bda02f16,unknown,0,0,0
37272dd9d1044736850907ee25a025df,deepseek-chat,933,230,1163
37272dd9d1044736850907ee25a025df,gpt-4.1,674,266,940
37272dd9d1044736850907ee25a025df,unknown,0,0,0
373ac63ce4014425aae03ce5c5e88d9e,deepseek-chat,1371,352,1723
373ac63ce4014425aae03ce5c5e88d9e,unknown,0,0,0
374729f6e4ac46a2868e034a1cb012e0,ark/deepseek-v3,1837,327,2164
374729f6e4ac46a2868e034a1cb012e0,unknown,0,0,0
374b8d121eab4e2baf7f3a557c99e60d,ark/deepseek-v3,701,177,878
374b8d121eab4e2baf7f3a557c99e60d,unknown,0,0,0
374bf4acca7e452c8f3a819b01105253,ark/deepseek-v3,604,212,816
374bf4acca7e452c8f3a819b01105253,unknown,0,0,0
37502971921048248f5bb75599f8b86e,ark/deepseek-v3-1,1778,1075,2853
37502971921048248f5bb75599f8b86e,gpt-4.1,1024,28,1052
37502971921048248f5bb75599f8b86e,unknown,0,0,0
3751efb8ed9343efa4f2e7272184a296,ark/deepseek-v3,1601,207,1808
3751efb8ed9343efa4f2e7272184a296,unknown,0,0,0
375d38f5c7bf4ec3b511b1ab1ff5c3f9,ark/deepseek-v3,9158,355,9513
375d38f5c7bf4ec3b511b1ab1ff5c3f9,unknown,0,0,0
375ecacb4bf84bb497f225f72b32cbc9,ark/deepseek-v3,3613,815,4428
375ecacb4bf84bb497f225f72b32cbc9,unknown,0,0,0
375f0730f2934a62bc2c3b725c679c2d,ark/deepseek-v3,3991,1528,5519
375f0730f2934a62bc2c3b725c679c2d,unknown,0,0,0
3768339c2f26491bbbed3566b8bbaae2,deepseek-chat,3409,1612,5021
3768339c2f26491bbbed3566b8bbaae2,gpt-4.1,3415,1007,4422
3768339c2f26491bbbed3566b8bbaae2,unknown,0,0,0
37693edb2ab2499f80631d6c28182edc,ark/deepseek-v3,636,91,727
37693edb2ab2499f80631d6c28182edc,unknown,0,0,0
376f3bdf346b48669a2daadc77cfa9f3,ark/deepseek-v3,467,93,560
376f3bdf346b48669a2daadc77cfa9f3,unknown,0,0,0
377cd83d44f547d3a10141d980a3a665,deepseek-chat,749,310,1059
377cd83d44f547d3a10141d980a3a665,unknown,0,0,0
377e86e5369b4854a0a49e7e9ba6100d,deepseek-chat,1327,306,1633
377e86e5369b4854a0a49e7e9ba6100d,unknown,0,0,0
378561fd9be64cb8a98ec1ac0c194630,ark/deepseek-v3,8396,1416,9812
378561fd9be64cb8a98ec1ac0c194630,unknown,0,0,0
378b21fdaf8d432c8a6db50652d0a1b4,deepseek-chat,2234,981,3215
378b21fdaf8d432c8a6db50652d0a1b4,unknown,0,0,0
37950b1e0be34f2991598462a3449441,ark/deepseek-v3,1061,329,1390
37950b1e0be34f2991598462a3449441,unknown,0,0,0
37956ce6692647ae921b2860b6c7f75d,ark/deepseek-v3,5193,1651,6844
37956ce6692647ae921b2860b6c7f75d,unknown,0,0,0
3797b4f5b9b6411fbcbd524dfb5a870e,ark/deepseek-v3,1455,209,1664
3797b4f5b9b6411fbcbd524dfb5a870e,unknown,0,0,0
3799848e1a1d460e8b5138848bcc53f9,ark/deepseek-v3,2341,1132,3473
3799848e1a1d460e8b5138848bcc53f9,unknown,0,0,0
37a15d10252248a6bbe4b1ed05263a70,ark/deepseek-v3,701,176,877
37a15d10252248a6bbe4b1ed05263a70,unknown,0,0,0
37a60679b8194520a7074f98ea3ddbe2,ark/deepseek-v3,3143,297,3440
37a60679b8194520a7074f98ea3ddbe2,unknown,0,0,0
37b25216462f4f12ace60874bd0b1f8a,ark/deepseek-v3-1,1405,772,2177
37b25216462f4f12ace60874bd0b1f8a,unknown,0,0,0
37b3be42959b430ca4f2b96bcdf58757,ark/deepseek-v3,701,190,891
37b3be42959b430ca4f2b96bcdf58757,unknown,0,0,0
37b7a3b5a58c44e7b0b15a36d6eeccbf,ark/deepseek-v3,6362,963,7325
37b7a3b5a58c44e7b0b15a36d6eeccbf,unknown,0,0,0
37b9f9621d9740dc96e4bb6c73232360,ark/deepseek-v3,13457,2322,15779
37b9f9621d9740dc96e4bb6c73232360,deepseek-chat,30136,1156,31292
37b9f9621d9740dc96e4bb6c73232360,unknown,0,0,0
37bc531c20b448ebbda6b0dea5f0e8e1,deepseek-chat,671,374,1045
37bc531c20b448ebbda6b0dea5f0e8e1,unknown,0,0,0
37c12afe27a24f60b23db07c3a3fa2b9,deepseek-chat,934,230,1164
37c12afe27a24f60b23db07c3a3fa2b9,gpt-4.1,672,232,904
37c12afe27a24f60b23db07c3a3fa2b9,unknown,0,0,0
37d38c53a3484f808f4fca35405e11fa,ark/deepseek-v3,5849,614,6463
37d38c53a3484f808f4fca35405e11fa,unknown,0,0,0
37d43e98121246b98d286100e90c2151,ark/deepseek-v3,7503,1216,8719
37d43e98121246b98d286100e90c2151,unknown,0,0,0
37d48249430f47a08cb55db3d1519084,ark/deepseek-v3,14032,2654,16686
37d48249430f47a08cb55db3d1519084,unknown,0,0,0
37dab1a24bb44702b9a2d54fc45fd57a,deepseek-chat,671,419,1090
37dab1a24bb44702b9a2d54fc45fd57a,unknown,0,0,0
37dd64e402ec474aacbfbbe7e4469527,ark/deepseek-v3-1,3867,1605,5472
37dd64e402ec474aacbfbbe7e4469527,unknown,0,0,0
37e3d8cc9258486aa32680b0217fe2b4,deepseek-chat,1340,579,1919
37e3d8cc9258486aa32680b0217fe2b4,unknown,0,0,0
37e4bba778dd491e9232079a1fef213b,ark/deepseek-v3,1455,201,1656
37e4bba778dd491e9232079a1fef213b,unknown,0,0,0
37e4c088782f4ca3bc352537dbb961bb,ark/deepseek-v3,3817,718,4535
37e4c088782f4ca3bc352537dbb961bb,deepseek-chat,6633,262,6895
37e4c088782f4ca3bc352537dbb961bb,unknown,0,0,0
37e7b06ae63d4c969e60e7969fefa83f,ark/deepseek-v3,1837,363,2200
37e7b06ae63d4c969e60e7969fefa83f,unknown,0,0,0
37e88dd4151d41deaf8f30aa388867ca,deepseek-chat,2793,1018,3811
37e88dd4151d41deaf8f30aa388867ca,unknown,0,0,0
37fa310bff44456b92b8be2f5bfbda45,deepseek-chat,2184,913,3097
37fa310bff44456b92b8be2f5bfbda45,unknown,0,0,0
37fd8f48be8c433da2d8b621ec9b4b35,ark/deepseek-v3,13546,2675,16221
37fd8f48be8c433da2d8b621ec9b4b35,deepseek-chat,37474,2236,39710
37fd8f48be8c433da2d8b621ec9b4b35,unknown,0,0,0
38089bd1b3b144bf9c6298f002ebff63,ark/deepseek-v3,701,197,898
38089bd1b3b144bf9c6298f002ebff63,unknown,0,0,0
380dc5d1e7ed43c18be5ae71e34190ee,deepseek-chat,670,327,997
380dc5d1e7ed43c18be5ae71e34190ee,unknown,0,0,0
380e3207ee59403ba1c4e63976a73e10,ark/deepseek-v3,665,272,937
380e3207ee59403ba1c4e63976a73e10,unknown,0,0,0
381262b878ec4ba58be9a4b624b66312,ark/deepseek-v3,467,111,578
381262b878ec4ba58be9a4b624b66312,unknown,0,0,0
3815cbcbd8034830a1a1c0d62fb23452,ark/deepseek-v3-1,981,676,1657
3815cbcbd8034830a1a1c0d62fb23452,unknown,0,0,0
3819cd29a0174ab49aef7ca2fd037442,deepseek-chat,1539,276,1815
3819cd29a0174ab49aef7ca2fd037442,unknown,0,0,0
3829ee084d7a4b108c17bb727dd02c07,deepseek-chat,5,38,43
3829ee084d7a4b108c17bb727dd02c07,unknown,0,0,0
38302e699d9d4295b9be9d6c1b3e9d51,ark/deepseek-v3,2297,1118,3415
38302e699d9d4295b9be9d6c1b3e9d51,unknown,0,0,0
3832bea91fab40ecbe2416a1f0bfdbe2,ark/deepseek-v3,8025,1303,9328
3832bea91fab40ecbe2416a1f0bfdbe2,unknown,0,0,0
383a9f13b34443e0bc6f87d5a47e9f87,ark/deepseek-v3-1,974,484,1458
383a9f13b34443e0bc6f87d5a47e9f87,unknown,0,0,0
383cdc60e4004f9fbe3278c181e3be79,unknown,0,0,0
38417f6e884b4796a4e9ee963ac74c72,deepseek-chat,0,0,0
38417f6e884b4796a4e9ee963ac74c72,unknown,0,0,0
384c306f66a0448c9dfcc42606e90e2e,ark/deepseek-v3,457,68,525
384c306f66a0448c9dfcc42606e90e2e,unknown,0,0,0
384dc4db106e4787b79977900e907111,ark/deepseek-v3,4253,731,4984
384dc4db106e4787b79977900e907111,unknown,0,0,0
38515839911c438ab3f135d4a34649d6,deepseek-chat,670,309,979
38515839911c438ab3f135d4a34649d6,unknown,0,0,0
385283f0313f4ec098eff1adf50f64e2,ark/deepseek-v3,2938,575,3513
385283f0313f4ec098eff1adf50f64e2,deepseek-chat,13326,290,13616
385283f0313f4ec098eff1adf50f64e2,unknown,0,0,0
385926089a6d40148f29fc147765a54b,ark/deepseek-v3,465,93,558
385926089a6d40148f29fc147765a54b,unknown,0,0,0
38654f5b2733448aa915beddbd87c988,deepseek-chat,670,351,1021
38654f5b2733448aa915beddbd87c988,unknown,0,0,0
3865bd998b9f40fbabc5542ffd56a5a1,ark/deepseek-v3,467,96,563
3865bd998b9f40fbabc5542ffd56a5a1,unknown,0,0,0
386915b47f2c464d92b0e59d0292f8fa,deepseek-chat,1306,285,1591
386915b47f2c464d92b0e59d0292f8fa,gpt-4.1,1612,244,1856
386915b47f2c464d92b0e59d0292f8fa,unknown,0,0,0
386ede9fa666412e928c9cc346b82cfb,ark/deepseek-v3,467,93,560
386ede9fa666412e928c9cc346b82cfb,unknown,0,0,0
3870bca14cdc479784257b23495db636,deepseek-chat,0,0,0
3870bca14cdc479784257b23495db636,unknown,0,0,0
387d5168181749f9a4aa3249b74c5fd2,ark/deepseek-v3,711,387,1098
387d5168181749f9a4aa3249b74c5fd2,unknown,0,0,0
387f964963994b02b7be45767224a808,deepseek-chat,2231,1052,3283
387f964963994b02b7be45767224a808,unknown,0,0,0
388097309eb94a0f8f6774bd016fb634,deepseek-chat,939,275,1214
388097309eb94a0f8f6774bd016fb634,unknown,0,0,0
388334ccced04516937af3a4c2dc3e99,ark/deepseek-v3,1251,216,1467
388334ccced04516937af3a4c2dc3e99,unknown,0,0,0
3884b6c572534e93ab178f3f3d37caf5,deepseek-chat,26422,3212,29634
3884b6c572534e93ab178f3f3d37caf5,gpt-4.1,4151,831,4982
3884b6c572534e93ab178f3f3d37caf5,unknown,0,0,0
38a2bd8db7f64291b8cae0654ab99617,ark/deepseek-v3,5055,616,5671
38a2bd8db7f64291b8cae0654ab99617,unknown,0,0,0
38b1da63f556436ba6bb0fd37300d3bb,ark/deepseek-v3,467,83,550
38b1da63f556436ba6bb0fd37300d3bb,unknown,0,0,0
38bee926476a45a890a0e3a36ea6c743,ark/deepseek-v3,467,96,563
38bee926476a45a890a0e3a36ea6c743,unknown,0,0,0
38bf0e816c5b4e1b98aad5bb94b7d55c,deepseek-chat,561,207,768
38bf0e816c5b4e1b98aad5bb94b7d55c,unknown,0,0,0
38ce86a54d414cbba6f212b37ee168c2,ark/deepseek-v3-1,1405,886,2291
38ce86a54d414cbba6f212b37ee168c2,unknown,0,0,0
38d18324c74e42deb9c2e490d26ea20f,deepseek-chat,3292,1299,4591
38d18324c74e42deb9c2e490d26ea20f,unknown,0,0,0
38d6faa5f367402f980718f3d6f21e59,deepseek-chat,2170,952,3122
38d6faa5f367402f980718f3d6f21e59,unknown,0,0,0
38dbfdf636e44b33b017bcad31e19960,ark/deepseek-v3,1455,208,1663
38dbfdf636e44b33b017bcad31e19960,unknown,0,0,0
38e1e594134b4151a3518f7e3fa8610b,ark/deepseek-v3,465,107,572
38e1e594134b4151a3518f7e3fa8610b,unknown,0,0,0
38e4723cc52e45238513ca199c4b7d63,deepseek-chat,3382,1269,4651
38e4723cc52e45238513ca199c4b7d63,gpt-4.1,3401,906,4307
38e4723cc52e45238513ca199c4b7d63,unknown,0,0,0
38e607c0b7c144a5bd0872a555db330c,deepseek-chat,3048,326,3374
38e607c0b7c144a5bd0872a555db330c,unknown,0,0,0
38eb47f2462d4badb4250e97cdde361a,ark/deepseek-v3,3144,297,3441
38eb47f2462d4badb4250e97cdde361a,unknown,0,0,0
38fd7748de1c437c895b29c2953138d9,ark/deepseek-v3-1,528,287,815
38fd7748de1c437c895b29c2953138d9,unknown,0,0,0
38fda9d107bc4935857150648b62cf68,ark/deepseek-v3-1,5373,2964,8337
38fda9d107bc4935857150648b62cf68,gpt-4.1,4000,1161,5161
38fda9d107bc4935857150648b62cf68,unknown,0,0,0
390783ebdc6f4093bc9aecec055990c9,unknown,0,0,0
390a601fd14d412b8b0e973b77d04023,deepseek-chat,1389,464,1853
390a601fd14d412b8b0e973b77d04023,unknown,0,0,0
390cba6359dd4c699592f4d092ce4bea,deepseek-chat,670,325,995
390cba6359dd4c699592f4d092ce4bea,unknown,0,0,0
390d6584c2e34094aa5586e6f629bda5,ark/deepseek-v3,1784,786,2570
390d6584c2e34094aa5586e6f629bda5,unknown,0,0,0
39101bdbbe7b40e8a81092c2c5b76b63,ark/deepseek-v3,6247,1336,7583
39101bdbbe7b40e8a81092c2c5b76b63,unknown,0,0,0
391356e6bcb4418e8c61f4adb4d56919,deepseek-chat,0,0,0
391356e6bcb4418e8c61f4adb4d56919,unknown,0,0,0
3914d8731e2d4fdbac65334f0f8e0992,ark/deepseek-v3,467,94,561
3914d8731e2d4fdbac65334f0f8e0992,unknown,0,0,0
391c37c55c874287a15ce3b058ee84d8,unknown,0,0,0
391d01087e64458d9728f8f7f97f2c25,deepseek-chat,781,310,1091
391d01087e64458d9728f8f7f97f2c25,unknown,0,0,0
391e316544564de38a965002ad1f6e02,ark/deepseek-v3,1821,66,1887
391e316544564de38a965002ad1f6e02,deepseek-chat,14644,2463,17107
391e316544564de38a965002ad1f6e02,unknown,0,0,0
392086a0bc224118ae5968a64ee21d17,gpt-4-0613,9451,8533,17984
392086a0bc224118ae5968a64ee21d17,unknown,0,0,0
3920f450c6494d329396b5bdef712e9d,unknown,0,0,0
3929085fc97844d2a392217ca1e34f25,ark/deepseek-v3,14051,2676,16727
3929085fc97844d2a392217ca1e34f25,unknown,0,0,0
39334853570140f69db7ba425f47ac0d,ark/deepseek-v3-1,6816,875,7691
39334853570140f69db7ba425f47ac0d,unknown,0,0,0
3935b6142fca47cf853c0695c5d94634,ark/deepseek-v3,834,154,988
3935b6142fca47cf853c0695c5d94634,unknown,0,0,0
393e0d692f2f437f927a569fb72ee172,deepseek-chat,671,354,1025
393e0d692f2f437f927a569fb72ee172,gpt-4.1,1894,225,2119
393e0d692f2f437f927a569fb72ee172,unknown,0,0,0
393fb227d5fd496390cc9e621802219d,deepseek-chat,561,207,768
393fb227d5fd496390cc9e621802219d,unknown,0,0,0
3942a560f14a47a992c66eab4705ba5a,unknown,0,0,0
3944750d020840d898dcf01f9c441ac9,ark/deepseek-v3,4073,1822,5895
3944750d020840d898dcf01f9c441ac9,deepseek-chat,16578,579,17157
3944750d020840d898dcf01f9c441ac9,unknown,0,0,0
394bcdfb83344720aacd3c686aeb857a,deepseek-chat,2962,661,3623
394bcdfb83344720aacd3c686aeb857a,unknown,0,0,0
394ffad488dd4f1c9c39ce120bfe7dcf,ark/deepseek-v3,467,94,561
394ffad488dd4f1c9c39ce120bfe7dcf,unknown,0,0,0
395392f933b148a28d56bed5629cb5e0,deepseek-chat,2182,1008,3190
395392f933b148a28d56bed5629cb5e0,unknown,0,0,0
3957853878b849ff8663978df4e30f60,ark/deepseek-v3,32855,6987,39842
3957853878b849ff8663978df4e30f60,unknown,0,0,0
395797054fb74eec90aa238c41b7ab24,deepseek-chat,768,302,1070
395797054fb74eec90aa238c41b7ab24,unknown,0,0,0
39583f5b432d4d23a199e0e83caf61c9,deepseek-chat,2168,1581,3749
39583f5b432d4d23a199e0e83caf61c9,unknown,0,0,0
39595c83b1424678ad0dc618002f1811,ark/deepseek-v3,1131,232,1363
39595c83b1424678ad0dc618002f1811,unknown,0,0,0
39597f77fcba436eb4e494629eb3f7dd,deepseek-chat,0,0,0
39597f77fcba436eb4e494629eb3f7dd,unknown,0,0,0
396ed2f88bb84967a616d5a0d06fc65e,ark/deepseek-v3,25266,4822,30088
396ed2f88bb84967a616d5a0d06fc65e,unknown,0,0,0
398273be9410441480072287b7fb8b14,deepseek-chat,0,0,0
398273be9410441480072287b7fb8b14,unknown,0,0,0
3984ed6566244df1b05c0128f5606ef6,unknown,0,0,0
3985272626b94ec1965928fa0c45d40e,deepseek-chat,671,514,1185
3985272626b94ec1965928fa0c45d40e,unknown,0,0,0
39859ccd0b364973804b0477148bc8eb,ark/deepseek-v3,5644,1292,6936
39859ccd0b364973804b0477148bc8eb,unknown,0,0,0
398b5c2cae764103a4c62d21426345e3,deepseek-chat,3064,635,3699
398b5c2cae764103a4c62d21426345e3,unknown,0,0,0
398e04505ef8418e96490519d40a01bd,deepseek-chat,671,368,1039
398e04505ef8418e96490519d40a01bd,unknown,0,0,0
39934dc6ea16479184d62eaf2998ac49,ark/deepseek-v3,3894,438,4332
39934dc6ea16479184d62eaf2998ac49,unknown,0,0,0
39968ab44a2d4b529db0e09bce803b51,ark/deepseek-v3,5431,1370,6801
39968ab44a2d4b529db0e09bce803b51,unknown,0,0,0
399e0a5b03f2404b873f10e71044f0aa,ark/deepseek-v3-1,1405,962,2367
399e0a5b03f2404b873f10e71044f0aa,unknown,0,0,0
39a488c46d15445aa70280a707bd21c7,ark/deepseek-v3,467,96,563
39a488c46d15445aa70280a707bd21c7,unknown,0,0,0
39a6844762464025868a96fe8f1bf4f3,ark/deepseek-v3,467,109,576
39a6844762464025868a96fe8f1bf4f3,unknown,0,0,0
39b05f44f4c0465a9884ccca9ca7f50b,deepseek-chat,0,0,0
39b05f44f4c0465a9884ccca9ca7f50b,unknown,0,0,0
39c0700818c14f48beb5d3eee75761dd,ark/deepseek-v3,701,175,876
39c0700818c14f48beb5d3eee75761dd,unknown,0,0,0
39c1ccc954a94d97b230974102b28f8d,deepseek-chat,869,379,1248
39c1ccc954a94d97b230974102b28f8d,unknown,0,0,0
39c515cea47247378fb370893ce1e6a8,deepseek-chat,2682,1417,4099
39c515cea47247378fb370893ce1e6a8,unknown,0,0,0
39ce4246b89a49b38959f7b1e95db355,ark/deepseek-v3,0,0,0
39ce4246b89a49b38959f7b1e95db355,unknown,0,0,0
39cfb70c8b824550987663e9a6d6d73a,ark/deepseek-v3,6430,1065,7495
39cfb70c8b824550987663e9a6d6d73a,unknown,0,0,0
39cfd20458654696a2e46f86fd4e1e09,ark/deepseek-v3,0,0,0
39cfd20458654696a2e46f86fd4e1e09,unknown,0,0,0
39d2296d1099445793357b875c29225d,deepseek-chat,561,220,781
39d2296d1099445793357b875c29225d,unknown,0,0,0
39da16c8939e430985c1c36d712771df,ark/deepseek-v3,0,0,0
39da16c8939e430985c1c36d712771df,unknown,0,0,0
39e57b5bcad6474498e27cf95118dc05,deepseek-chat,12279,727,13006
39e57b5bcad6474498e27cf95118dc05,unknown,0,0,0
39f1560b218449f688dc5f304cc14a42,ark/deepseek-v3,6631,738,7369
39f1560b218449f688dc5f304cc14a42,deepseek-chat,207,178,385
39f1560b218449f688dc5f304cc14a42,unknown,0,0,0
39ff732321874ce7afd2b2c43072aa13,deepseek-chat,1369,344,1713
39ff732321874ce7afd2b2c43072aa13,unknown,0,0,0
3a01ee8e809242eabf7658d36b61f06a,unknown,0,0,0
3a02882fa8cf4296b9d4374788df827b,ark/deepseek-v3,3008,790,3798
3a02882fa8cf4296b9d4374788df827b,unknown,0,0,0
3a09f6dc60b048d6a897150bd96bbe46,deepseek-chat,670,304,974
3a09f6dc60b048d6a897150bd96bbe46,unknown,0,0,0
3a153c3dab1548c881edb1260e4f4c94,ark/deepseek-v3,8034,1509,9543
3a153c3dab1548c881edb1260e4f4c94,unknown,0,0,0
3a1a72680ad34320ba98700fe8f07781,ark/deepseek-v3,5644,1257,6901
3a1a72680ad34320ba98700fe8f07781,unknown,0,0,0
3a1ad9e426b345c19e4544febe40d207,ark/deepseek-v3,701,176,877
3a1ad9e426b345c19e4544febe40d207,unknown,0,0,0
3a321cb5b2184d94be13f7f2515af66f,ark/deepseek-v3-1,2105,236,2341
3a321cb5b2184d94be13f7f2515af66f,unknown,0,0,0
3a363322abd441dbacb9d4347ed54a7e,ark/deepseek-v3,701,198,899
3a363322abd441dbacb9d4347ed54a7e,unknown,0,0,0
3a36dbd755c140c9b112858a7af8c2d7,ark/deepseek-v3,0,0,0
3a36dbd755c140c9b112858a7af8c2d7,unknown,0,0,0
3a3c9f47d38946948d44f25b0913003c,ark/deepseek-v3,1837,412,2249
3a3c9f47d38946948d44f25b0913003c,unknown,0,0,0
3a415bb8a9274904a2d5f6ad8c17d3cc,ark/deepseek-v3,3106,461,3567
3a415bb8a9274904a2d5f6ad8c17d3cc,unknown,0,0,0
3a51c3f77b994937b2c6e222953fdaae,ark/deepseek-v3,4308,2103,6411
3a51c3f77b994937b2c6e222953fdaae,unknown,0,0,0
3a549d0e2a7f49b1a8b5ee0b3b354d48,deepseek-chat,150,332,482
3a549d0e2a7f49b1a8b5ee0b3b354d48,unknown,0,0,0
3a5b8858967e41cb8e5ba89b84555adb,ark/deepseek-v3,1251,216,1467
3a5b8858967e41cb8e5ba89b84555adb,unknown,0,0,0
3a67fa5ee9b84d78803fc5301bc6a6db,deepseek-chat,1057,193,1250
3a67fa5ee9b84d78803fc5301bc6a6db,unknown,0,0,0
3a72ffdb920043f8a95823567b6a036e,deepseek-chat,671,474,1145
3a72ffdb920043f8a95823567b6a036e,unknown,0,0,0
3a7bda7d36b343e8aa97077e0bb309fb,deepseek-chat,2687,995,3682
3a7bda7d36b343e8aa97077e0bb309fb,unknown,0,0,0
3a7e17c8a5bd4dce9cb54c323feeb0a1,deepseek-chat,3232,1190,4422
3a7e17c8a5bd4dce9cb54c323feeb0a1,unknown,0,0,0
3a7fea600df64048a9545f84bf184a51,deepseek-chat,671,411,1082
3a7fea600df64048a9545f84bf184a51,unknown,0,0,0
3a86d259094e44c583626103ea0b9e24,deepseek-chat,561,221,782
3a86d259094e44c583626103ea0b9e24,unknown,0,0,0
3a8b480713c249ad90442951812d8512,ark/deepseek-v3,1088,285,1373
3a8b480713c249ad90442951812d8512,unknown,0,0,0
3a97465a2fc948c6be7d7ff273a8278a,deepseek-chat,7814,1809,9623
3a97465a2fc948c6be7d7ff273a8278a,unknown,0,0,0
3ab12f77f4aa48e39b6cef7a2f9162b5,ark/deepseek-v3-1,1405,811,2216
3ab12f77f4aa48e39b6cef7a2f9162b5,unknown,0,0,0
3ab196e9e0d04d9e82bf407eb7c99938,ark/deepseek-v3,1186,627,1813
3ab196e9e0d04d9e82bf407eb7c99938,unknown,0,0,0
3ab448c621034ab8b1e7d03f7213dd86,ark/deepseek-v3,4192,1392,5584
3ab448c621034ab8b1e7d03f7213dd86,unknown,0,0,0
3abcb9aa85ca406ab464f2fc80a117a0,ark/deepseek-v3,1455,165,1620
3abcb9aa85ca406ab464f2fc80a117a0,unknown,0,0,0
3abd6568956e4c22bfaa3b13e4aeb716,ark/deepseek-v3,3143,305,3448
3abd6568956e4c22bfaa3b13e4aeb716,unknown,0,0,0
3ac035fdaa5c41be98ce344c5f98dbc4,deepseek-chat,6302,529,6831
3ac035fdaa5c41be98ce344c5f98dbc4,unknown,0,0,0
3ac8bfc139464af5ba1138407ec3dba1,ark/deepseek-v3,1286,563,1849
3ac8bfc139464af5ba1138407ec3dba1,unknown,0,0,0
3ad95bcefb734d59abe6e4f1f04606ae,ark/deepseek-v3,1251,214,1465
3ad95bcefb734d59abe6e4f1f04606ae,unknown,0,0,0
3ae4308c44c54ed4bc8a0ae2dcc08901,ark/deepseek-v3,1455,217,1672
3ae4308c44c54ed4bc8a0ae2dcc08901,unknown,0,0,0
3ae6f51c3f70421d968c1756f59f7318,ark/deepseek-v3,3608,1449,5057
3ae6f51c3f70421d968c1756f59f7318,unknown,0,0,0
3ae81c34222b45babe85b38ec6f01605,ark/deepseek-v3,1550,841,2391
3ae81c34222b45babe85b38ec6f01605,deepseek-chat,6634,290,6924
3ae81c34222b45babe85b38ec6f01605,unknown,0,0,0
3aeba18d6dce4fe1b163e941bf1fcc59,ark/deepseek-v3,8992,958,9950
3aeba18d6dce4fe1b163e941bf1fcc59,unknown,0,0,0
3af30c93387f484595604ce9386e2605,ark/deepseek-v3,2213,280,2493
3af30c93387f484595604ce9386e2605,unknown,0,0,0
3afd960a2d6f431cb9a521bf3bc61241,deepseek-chat,561,206,767
3afd960a2d6f431cb9a521bf3bc61241,unknown,0,0,0
3b04600a20e040a589b7905f5c3fdf68,deepseek-chat,0,0,0
3b04600a20e040a589b7905f5c3fdf68,unknown,0,0,0
3b0638ee476e46508e1e70f2a99718a7,deepseek-chat,1218,356,1574
3b0638ee476e46508e1e70f2a99718a7,unknown,0,0,0
3b107e4907da4756b3463ec09724b3e7,ark/deepseek-v3,1156,693,1849
3b107e4907da4756b3463ec09724b3e7,deepseek-chat,13529,902,14431
3b107e4907da4756b3463ec09724b3e7,unknown,0,0,0
3b10ac8fdfeb4784a4ed8ac01bd83c2d,ark/deepseek-v3,1455,171,1626
3b10ac8fdfeb4784a4ed8ac01bd83c2d,unknown,0,0,0
3b1684bdb96944ca819ce0f831f1265e,deepseek-chat,671,385,1056
3b1684bdb96944ca819ce0f831f1265e,unknown,0,0,0
3b1bdd6835e249c89aa341abf487c226,ark/deepseek-v3-1,1405,644,2049
3b1bdd6835e249c89aa341abf487c226,unknown,0,0,0
3b226306eb354846b49e3eee8d6c8edb,ark/kimi-k2,4131,571,4702
3b226306eb354846b49e3eee8d6c8edb,unknown,0,0,0
3b24a9a622114c8da479119cca53d583,deepseek-chat,671,348,1019
3b24a9a622114c8da479119cca53d583,unknown,0,0,0
3b26749a9abd4abea196752401cd4dc1,ark/deepseek-v3,0,0,0
3b26749a9abd4abea196752401cd4dc1,unknown,0,0,0
3b29ac021baa48fa93cb737feb8ffaad,unknown,0,0,0
3b2df15617eb4595a5c60172af8df2b4,ark/deepseek-v3,3963,1569,5532
3b2df15617eb4595a5c60172af8df2b4,deepseek-chat,6723,516,7239
3b2df15617eb4595a5c60172af8df2b4,unknown,0,0,0
3b329a7b4a0a4cee8b7f6b5e6a621dce,deepseek-chat,830,385,1215
3b329a7b4a0a4cee8b7f6b5e6a621dce,unknown,0,0,0
3b33e8e4584f43e3bd4ee9504f07eeb8,ark/deepseek-v3,5394,733,6127
3b33e8e4584f43e3bd4ee9504f07eeb8,unknown,0,0,0
3b359fcb45cf45a7aa1e0e76ddc407e7,ark/deepseek-v3,3146,300,3446
3b359fcb45cf45a7aa1e0e76ddc407e7,unknown,0,0,0
3b3bdfcb166640a0a60a1de1868bfa9d,ark/deepseek-v3,1455,196,1651
3b3bdfcb166640a0a60a1de1868bfa9d,unknown,0,0,0
3b44a41239534548a7542f062851e0dd,deepseek-chat,4102,1300,5402
3b44a41239534548a7542f062851e0dd,gpt-4.1,3455,907,4362
3b44a41239534548a7542f062851e0dd,unknown,0,0,0
3b483fd08ca14033a5132ec11752d745,ark/deepseek-v3,1089,312,1401
3b483fd08ca14033a5132ec11752d745,unknown,0,0,0
3b5c9698efb84ac19d33c9cfdcd4ac65,ark/deepseek-v3,2229,1195,3424
3b5c9698efb84ac19d33c9cfdcd4ac65,unknown,0,0,0
3b5ce0e5ca04428dbf04c62dc7cca685,ark/deepseek-v3,467,97,564
3b5ce0e5ca04428dbf04c62dc7cca685,unknown,0,0,0
3b6cb75428584db386f63ddcaad95636,ark/deepseek-v3,467,101,568
3b6cb75428584db386f63ddcaad95636,unknown,0,0,0
3b6cb7cd86de485488d2d94f20ad057c,ark/deepseek-v3,758,109,867
3b6cb7cd86de485488d2d94f20ad057c,unknown,0,0,0
3b6e451002e843398f35996a45b150dc,ark/deepseek-v3,12944,2065,15009
3b6e451002e843398f35996a45b150dc,unknown,0,0,0
3b78812aa2f549469f73e8090c6f3b3b,ark/deepseek-v3,3382,1400,4782
3b78812aa2f549469f73e8090c6f3b3b,unknown,0,0,0
3b7b8ba0b6794c38a792d85e3b272f55,ark/deepseek-v3,1937,405,2342
3b7b8ba0b6794c38a792d85e3b272f55,unknown,0,0,0
3b7c207506fa43a2a97dbbcf50a0a286,ark/deepseek-v3,2574,1287,3861
3b7c207506fa43a2a97dbbcf50a0a286,unknown,0,0,0
3b7cda82279d4d5f9175d1b9ae3aeed5,deepseek-chat,755,310,1065
3b7cda82279d4d5f9175d1b9ae3aeed5,unknown,0,0,0
3b801c8b87c04e71b16c75ca471f4390,deepseek-chat,12918,887,13805
3b801c8b87c04e71b16c75ca471f4390,gpt-4.1,1922,143,2065
3b801c8b87c04e71b16c75ca471f4390,unknown,0,0,0
3b87221bd1564317bc85e2d2493a201c,ark/deepseek-v3,0,0,0
3b87221bd1564317bc85e2d2493a201c,unknown,0,0,0
3b8b7a812d9d4abba2b9b322cf6d8d4d,deepseek-chat,0,0,0
3b8b7a812d9d4abba2b9b322cf6d8d4d,unknown,0,0,0
3b8f79274e664ca7b26e91129e4b4a14,ark/deepseek-v3,1061,287,1348
3b8f79274e664ca7b26e91129e4b4a14,unknown,0,0,0
3b9354b327b14e20b6b2ead3c6f52754,deepseek-chat,670,341,1011
3b9354b327b14e20b6b2ead3c6f52754,unknown,0,0,0
3b958b56cf4a4b4da0bb258eb379f191,deepseek-chat,1416,766,2182
3b958b56cf4a4b4da0bb258eb379f191,unknown,0,0,0
3b98c6d2a5b247c492103d2af42d62b9,ark/deepseek-v3,4062,901,4963
3b98c6d2a5b247c492103d2af42d62b9,unknown,0,0,0
3b9a63bef51149e2baf48bb0af701bb1,ark/deepseek-v3,6939,1486,8425
3b9a63bef51149e2baf48bb0af701bb1,unknown,0,0,0
3b9f110135694268b1ef6669c887d2e3,ark/deepseek-v3,10948,2115,13063
3b9f110135694268b1ef6669c887d2e3,unknown,0,0,0
3ba7f5f4b9d7462aa8d7a6747abf0b5a,deepseek-chat,0,0,0
3ba7f5f4b9d7462aa8d7a6747abf0b5a,unknown,0,0,0
3ba98224abcb47e6b8bca5e0c2eacdae,deepseek-chat,2261,1083,3344
3ba98224abcb47e6b8bca5e0c2eacdae,unknown,0,0,0
3baafcccfc4d4082ae5c79f4b324962c,ark/deepseek-v3,1251,219,1470
3baafcccfc4d4082ae5c79f4b324962c,unknown,0,0,0
3badb4988fb843e3a38dd4e60b4c5fff,ark/deepseek-v3,1470,878,2348
3badb4988fb843e3a38dd4e60b4c5fff,unknown,0,0,0
3bb43fefd7ab45c98a8f18ff32e322db,ark/deepseek-v3,38330,6089,44419
3bb43fefd7ab45c98a8f18ff32e322db,unknown,0,0,0
3bb7dace64854afbb5aee551f7ec9d64,deepseek-chat,9543,1703,11246
3bb7dace64854afbb5aee551f7ec9d64,unknown,0,0,0
3bbad6860dc7429facc514c38cabfc2c,ark/deepseek-v3,1061,306,1367
3bbad6860dc7429facc514c38cabfc2c,unknown,0,0,0
3bbc8cca57474333af7d858f820a354a,ark/deepseek-v3-1,4610,1674,6284
3bbc8cca57474333af7d858f820a354a,unknown,0,0,0
3bc4b292d60b4fcc9f03e28ac10699bf,deepseek-chat,1468,544,2012
3bc4b292d60b4fcc9f03e28ac10699bf,unknown,0,0,0
3bc7a0fbe0d14e0ca0d46a82529ad9c2,ark/deepseek-v3,0,0,0
3bc7a0fbe0d14e0ca0d46a82529ad9c2,unknown,0,0,0
3bc8cafd07f24652ad647d0fed111ee8,ark/kimi-k2,368,106,474
3bc8cafd07f24652ad647d0fed111ee8,deepseek-chat,600,299,899
3bc8cafd07f24652ad647d0fed111ee8,gpt-4.1,941,28,969
3bc8cafd07f24652ad647d0fed111ee8,unknown,0,0,0
3bc92251d8fa4190a48b3155abd1b3cf,ark/deepseek-v3,2305,290,2595
3bc92251d8fa4190a48b3155abd1b3cf,unknown,0,0,0
3bd0908a63b240eca20168b7a14926bc,deepseek-chat,670,316,986
3bd0908a63b240eca20168b7a14926bc,unknown,0,0,0
3bd88042aa9848c28a1c8848b780159a,ark/deepseek-v3,6000,919,6919
3bd88042aa9848c28a1c8848b780159a,unknown,0,0,0
3bd8e12bf4c8441f83a997ed105359b8,deepseek-chat,837,429,1266
3bd8e12bf4c8441f83a997ed105359b8,unknown,0,0,0
3bdb078ee06f4a6489c38a730ef1e29b,deepseek-chat,753,312,1065
3bdb078ee06f4a6489c38a730ef1e29b,unknown,0,0,0
3bf2118dcec348138556fe450542e576,deepseek-chat,670,320,990
3bf2118dcec348138556fe450542e576,unknown,0,0,0
3bf43bc240674f90bb5e452577544642,ark/deepseek-v3,3990,726,4716
3bf43bc240674f90bb5e452577544642,unknown,0,0,0
3bf4814d97c847d79148f11549920312,ark/kimi-k2,861,641,1502
3bf4814d97c847d79148f11549920312,unknown,0,0,0
3bf8fbe985804b7f9940bb17e1daae33,ark/deepseek-v3,4781,1024,5805
3bf8fbe985804b7f9940bb17e1daae33,unknown,0,0,0
3bfc500700044f439ccc930d60627dff,ark/deepseek-v3,6245,1262,7507
3bfc500700044f439ccc930d60627dff,unknown,0,0,0
3c03629a14e84d3db46e987e97679c45,deepseek-chat,561,206,767
3c03629a14e84d3db46e987e97679c45,unknown,0,0,0
3c19e486f0b943008137cd8b43862e58,ark/deepseek-v3,0,0,0
3c19e486f0b943008137cd8b43862e58,unknown,0,0,0
3c27426309a9424c8f538f6953d303a0,ark/deepseek-v3-1,0,0,0
3c27426309a9424c8f538f6953d303a0,unknown,0,0,0
3c32fc0093a0405498d23a3afd4f2cab,deepseek-chat,5144,174,5318
3c32fc0093a0405498d23a3afd4f2cab,qwen/qwen-max,668,54,722
3c32fc0093a0405498d23a3afd4f2cab,unknown,0,0,0
3c39ec1dcfe044b6a0310cef7b53e4c9,deepseek-chat,671,465,1136
3c39ec1dcfe044b6a0310cef7b53e4c9,unknown,0,0,0
3c3c7aeffac64470a4b1389d99319011,ark/deepseek-v3,1455,187,1642
3c3c7aeffac64470a4b1389d99319011,unknown,0,0,0
3c3e9c1026b34f52a152e705f46e9c11,deepseek-chat,1421,669,2090
3c3e9c1026b34f52a152e705f46e9c11,gpt-4.1,941,28,969
3c3e9c1026b34f52a152e705f46e9c11,unknown,0,0,0
3c41f1ff7d5845cbb5f7b1968532aeac,deepseek-chat,658,337,995
3c41f1ff7d5845cbb5f7b1968532aeac,unknown,0,0,0
3c42825d72fb4ed699e72010ee38df57,deepseek-chat,0,0,0
3c42825d72fb4ed699e72010ee38df57,unknown,0,0,0
3c4329e50e814fafaeb67c1f23eee51b,deepseek-chat,764,201,965
3c4329e50e814fafaeb67c1f23eee51b,unknown,0,0,0
3c4f08aee2364b96924f06b4181bb854,ark/deepseek-v3-1,3746,1824,5570
3c4f08aee2364b96924f06b4181bb854,unknown,0,0,0
3c52b057a6df4776a21a0e571597a405,ark/deepseek-v3,7904,1972,9876
3c52b057a6df4776a21a0e571597a405,ark/deepseek-v3-1,0,0,0
3c52b057a6df4776a21a0e571597a405,gpt-4.1,644,25,669
3c52b057a6df4776a21a0e571597a405,unknown,0,0,0
3c5766f6c4fa4473a5d19d327df06387,deepseek-chat,0,0,0
3c5766f6c4fa4473a5d19d327df06387,unknown,0,0,0
3c641fb0d29242fab01733ff64bed4b9,ark/deepseek-v3,5974,700,6674
3c641fb0d29242fab01733ff64bed4b9,unknown,0,0,0
3c679ad470db42419c4dde3972da7473,deepseek-chat,518,272,790
3c679ad470db42419c4dde3972da7473,unknown,0,0,0
3c7376be92404b49bcb8b43c1115ca8a,silicon/deepseek-ai/DeepSeek-V3.1,3582,295,3877
3c7376be92404b49bcb8b43c1115ca8a,unknown,0,0,0
3c785a7921564a66868348563bb184b5,ark/deepseek-v3,4374,2202,6576
3c785a7921564a66868348563bb184b5,unknown,0,0,0
3c7d47c442f64446b0400717321ad584,ark/deepseek-v3,467,98,565
3c7d47c442f64446b0400717321ad584,unknown,0,0,0
3c8032da21e544308f5f56684ae7bd8d,deepseek-chat,0,0,0
3c8032da21e544308f5f56684ae7bd8d,unknown,0,0,0
3c811425da4c4724b4a4dd1827efe747,deepseek-chat,1620,465,2085
3c811425da4c4724b4a4dd1827efe747,unknown,0,0,0
3c858b0c22cf4332929cdf6bddb4a911,ark/deepseek-v3-1,1405,924,2329
3c858b0c22cf4332929cdf6bddb4a911,unknown,0,0,0
3c85ee0b524b4130b3bbbbebeb5cc0ac,deepseek-chat,671,431,1102
3c85ee0b524b4130b3bbbbebeb5cc0ac,unknown,0,0,0
3c8a4cd98a5049cb808c89d1a96f2b88,ark/deepseek-v3,2794,639,3433
3c8a4cd98a5049cb808c89d1a96f2b88,unknown,0,0,0
3c9832ef98fb47c1bb7bd28de64b4180,deepseek-chat,1488,641,2129
3c9832ef98fb47c1bb7bd28de64b4180,unknown,0,0,0
3c9a2108c6b24886bb1748e0b660df74,ark/deepseek-v3-1,1329,1110,2439
3c9a2108c6b24886bb1748e0b660df74,unknown,0,0,0
3c9fc92cd2f443bdbcfc20b2a3f73248,ark/deepseek-v3,2280,1256,3536
3c9fc92cd2f443bdbcfc20b2a3f73248,deepseek-chat,13282,476,13758
3c9fc92cd2f443bdbcfc20b2a3f73248,unknown,0,0,0
3ca267fb164149fe938bb0948a3e19c7,ark/deepseek-v3,1908,1237,3145
3ca267fb164149fe938bb0948a3e19c7,unknown,0,0,0
3cb147a5933d41a98fea46158dd3cb18,ark/deepseek-v3,3613,431,4044
3cb147a5933d41a98fea46158dd3cb18,unknown,0,0,0
3cc61b36292d4f0a87f6edd086476fe3,deepseek-chat,670,364,1034
3cc61b36292d4f0a87f6edd086476fe3,unknown,0,0,0
3cc6968c7e594f39b9a6fd98d94cf6c2,deepseek-chat,670,376,1046
3cc6968c7e594f39b9a6fd98d94cf6c2,unknown,0,0,0
3cc909cbc2504207b4bea1fb7e1b3142,deepseek-chat,0,0,0
3cc909cbc2504207b4bea1fb7e1b3142,unknown,0,0,0
3cd9326e8fb249b9ab1d108871e97098,ark/deepseek-v3,2304,294,2598
3cd9326e8fb249b9ab1d108871e97098,unknown,0,0,0
3cdd265578dd4854b211364b0a95e135,deepseek-chat,951,251,1202
3cdd265578dd4854b211364b0a95e135,gpt-4.1,992,0,992
3cdd265578dd4854b211364b0a95e135,unknown,0,0,0
3cdd491bf0584780a8d1948390a36e3b,deepseek-chat,791,339,1130
3cdd491bf0584780a8d1948390a36e3b,unknown,0,0,0
3cdea913c05a44e4af8f84d596dc784b,ark/deepseek-v3,3144,260,3404
3cdea913c05a44e4af8f84d596dc784b,unknown,0,0,0
3ce103313a73450b9cdac6794c1670fc,ark/deepseek-v3-1,3060,1518,4578
3ce103313a73450b9cdac6794c1670fc,unknown,0,0,0
3cec2f793cfc4a32a95691af077ac6c0,ark/deepseek-v3-1,918,425,1343
3cec2f793cfc4a32a95691af077ac6c0,unknown,0,0,0
3cec92a4551d4980a4b68983dd951daa,ark/deepseek-v3,467,95,562
3cec92a4551d4980a4b68983dd951daa,unknown,0,0,0
3cef73de3e674968a45c8816579856e4,deepseek-chat,780,408,1188
3cef73de3e674968a45c8816579856e4,unknown,0,0,0
3cf5546c9f1a4261b70a7121a5e6e135,unknown,0,0,0
3cf86ea274c04c548ab9631037aa06c5,ark/deepseek-v3,11548,2216,13764
3cf86ea274c04c548ab9631037aa06c5,unknown,0,0,0
3cf95b2cfb3247479424fbc920c9c2f1,deepseek-chat,841,370,1211
3cf95b2cfb3247479424fbc920c9c2f1,unknown,0,0,0
3cfcaffdecdc4cddbfaf3388bdad201e,deepseek-chat,0,0,0
3cfcaffdecdc4cddbfaf3388bdad201e,unknown,0,0,0
3d03ee631f2241f3a5cec5e065e4c69f,ark/deepseek-v3,467,116,583
3d03ee631f2241f3a5cec5e065e4c69f,unknown,0,0,0
3d0c670235f94c5c9d231f26e8b1fa3e,deepseek-chat,671,413,1084
3d0c670235f94c5c9d231f26e8b1fa3e,unknown,0,0,0
3d0ebb7eb6394a0f822ef95e448c878f,ark/deepseek-v3,0,0,0
3d0ebb7eb6394a0f822ef95e448c878f,unknown,0,0,0
3d0edeab7f7749a1b9fa69492389376b,ark/deepseek-v3,5912,1433,7345
3d0edeab7f7749a1b9fa69492389376b,deepseek-chat,19420,681,20101
3d0edeab7f7749a1b9fa69492389376b,unknown,0,0,0
3d1b779768004f9f90deec160ec3db97,ark/deepseek-v3,3673,819,4492
3d1b779768004f9f90deec160ec3db97,unknown,0,0,0
3d1ccc3d34674f8cb5cedf279177231c,deepseek-chat,1186,415,1601
3d1ccc3d34674f8cb5cedf279177231c,unknown,0,0,0
3d1e13f8ef514e978611e68050d41a6f,deepseek-chat,2908,1416,4324
3d1e13f8ef514e978611e68050d41a6f,unknown,0,0,0
3d219f18e71f47f1a79ef2e61f89a90a,deepseek-chat,2088,778,2866
3d219f18e71f47f1a79ef2e61f89a90a,unknown,0,0,0
3d2ac4bc1c114214a8a1e1156ab49601,ark/deepseek-v3,1091,330,1421
3d2ac4bc1c114214a8a1e1156ab49601,unknown,0,0,0
3d317d6898874fb4974b2a2fd7cb77de,ark/deepseek-v3,701,198,899
3d317d6898874fb4974b2a2fd7cb77de,unknown,0,0,0
3d331a94c2f24a5fbb18baa40a2a0969,deepseek-chat,288,362,650
3d331a94c2f24a5fbb18baa40a2a0969,gpt-4o-2024-05-13,607,19,626
3d331a94c2f24a5fbb18baa40a2a0969,unknown,0,0,0
3d35245fc22f48349336a855ac041ead,deepseek-chat,2787,1044,3831
3d35245fc22f48349336a855ac041ead,unknown,0,0,0
3d3766f4855c4c4bb5c66984e7b9200e,ark/deepseek-v3,8619,1639,10258
3d3766f4855c4c4bb5c66984e7b9200e,unknown,0,0,0
3d3e2cc80fef426b98b9aca8c9dfa7b9,deepseek-chat,670,317,987
3d3e2cc80fef426b98b9aca8c9dfa7b9,unknown,0,0,0
3d4142d6cb5d4d35923a5b7173e0a1bc,ark/deepseek-v3,701,197,898
3d4142d6cb5d4d35923a5b7173e0a1bc,unknown,0,0,0
3d42ce00ca3c4b449c388e0c226afa5f,ark/deepseek-v3,6143,2014,8157
3d42ce00ca3c4b449c388e0c226afa5f,gpt-4.1,638,19,657
3d42ce00ca3c4b449c388e0c226afa5f,unknown,0,0,0
3d46da85a71b4d748a2c035d6ae4682a,ark/deepseek-v3-1,1405,867,2272
3d46da85a71b4d748a2c035d6ae4682a,unknown,0,0,0
3d4c36fdd82d4bbb8c2885871ff76862,ark/deepseek-v3,465,89,554
3d4c36fdd82d4bbb8c2885871ff76862,unknown,0,0,0
3d4d2cb164044e90b555bd28401ee5eb,deepseek-chat,561,206,767
3d4d2cb164044e90b555bd28401ee5eb,unknown,0,0,0
3d57d5f66370483bb1b1206f71eee565,ark/deepseek-v3,1455,207,1662
3d57d5f66370483bb1b1206f71eee565,unknown,0,0,0
3d5a472aeba64a08b24a6543c6664db5,ark/deepseek-v3-1,1405,828,2233
3d5a472aeba64a08b24a6543c6664db5,unknown,0,0,0
3d5c7743f57b4d7097bcdceff2781209,ark/deepseek-v3,6048,1725,7773
3d5c7743f57b4d7097bcdceff2781209,deepseek-chat,7631,388,8019
3d5c7743f57b4d7097bcdceff2781209,gpt-4.1,647,24,671
3d5c7743f57b4d7097bcdceff2781209,unknown,0,0,0
3d660a3babcc48058bd9ae7149a73ec8,ark/deepseek-v3,2009,812,2821
3d660a3babcc48058bd9ae7149a73ec8,unknown,0,0,0
3d6793a5f57b471da6ddb6fe20eb999e,ark/deepseek-v3-1,2392,1243,3635
3d6793a5f57b471da6ddb6fe20eb999e,unknown,0,0,0
3d7480a2b6754e8ba51e798af1ddffe4,ark/deepseek-v3,465,94,559
3d7480a2b6754e8ba51e798af1ddffe4,unknown,0,0,0
3d76d0ff023245fabb16c355c0a5cf44,deepseek-chat,5,21,26
3d76d0ff023245fabb16c355c0a5cf44,unknown,0,0,0
3d7a47dbdb234d14a7107c3b1d09a8ca,ark/deepseek-v3,1455,225,1680
3d7a47dbdb234d14a7107c3b1d09a8ca,unknown,0,0,0
3d7ebc7c4cac4ec7b07102c705023fc3,ark/deepseek-v3,2304,411,2715
3d7ebc7c4cac4ec7b07102c705023fc3,unknown,0,0,0
3d7f9a5fe6bd4d75a7a0c14c68cd5a40,ark/deepseek-v3,1089,279,1368
3d7f9a5fe6bd4d75a7a0c14c68cd5a40,unknown,0,0,0
3d7ff58a084d4699a8dd9c6f60504ce1,ark/deepseek-v3,1455,171,1626
3d7ff58a084d4699a8dd9c6f60504ce1,unknown,0,0,0
3d82ab1a3cb64ab2ad0b3a83e1f50c77,ark/deepseek-v3,2197,178,2375
3d82ab1a3cb64ab2ad0b3a83e1f50c77,unknown,0,0,0
3d830038e7024c5cb47e3436513c11ef,deepseek-chat,670,323,993
3d830038e7024c5cb47e3436513c11ef,unknown,0,0,0
3d87519ad239463c9aedcd78fb1f1c28,deepseek-chat,1711,1346,3057
3d87519ad239463c9aedcd78fb1f1c28,unknown,0,0,0
3d8cc687b57b4c0fb6c0790dab921949,ark/deepseek-v3,695,76,771
3d8cc687b57b4c0fb6c0790dab921949,unknown,0,0,0
3d9cd6315c4b4122a615f59c387ec836,ark/deepseek-v3,467,116,583
3d9cd6315c4b4122a615f59c387ec836,unknown,0,0,0
3da908326f304880974157a62f320099,deepseek-chat,671,409,1080
3da908326f304880974157a62f320099,unknown,0,0,0
3dabd2eb9f724060babd5070c7302d69,ark/deepseek-v3,467,92,559
3dabd2eb9f724060babd5070c7302d69,unknown,0,0,0
3db2a3e4edb34350b5f865fd4f1450ed,deepseek-chat,3635,1185,4820
3db2a3e4edb34350b5f865fd4f1450ed,gpt-4.1,4208,912,5120
3db2a3e4edb34350b5f865fd4f1450ed,unknown,0,0,0
3db7174fadb14392813ec1e685ab4530,deepseek-chat,837,396,1233
3db7174fadb14392813ec1e685ab4530,unknown,0,0,0
3db87efac7604da88baafa271203cc70,ark/deepseek-v3,0,0,0
3db87efac7604da88baafa271203cc70,unknown,0,0,0
3dc34a687a6a4df3bf860cc4eaa5d8e8,ark/deepseek-v3,1018,152,1170
3dc34a687a6a4df3bf860cc4eaa5d8e8,unknown,0,0,0
3dcba6e72f2b49a7b7922b4da95026a0,deepseek-chat,561,207,768
3dcba6e72f2b49a7b7922b4da95026a0,unknown,0,0,0
3ddb79a37c1b4f34994eed4bbdeaa7fd,ark/deepseek-v3-1,1405,913,2318
3ddb79a37c1b4f34994eed4bbdeaa7fd,unknown,0,0,0
3dddae1898714e9297ba7c1b1ae19cfe,ark/deepseek-v3,1455,182,1637
3dddae1898714e9297ba7c1b1ae19cfe,unknown,0,0,0
3de15aa0ec144596b7222a6db1bd67ec,unknown,0,0,0
3de91a4574ee4d20a33f6f3efec5dbef,deepseek-chat,886,386,1272
3de91a4574ee4d20a33f6f3efec5dbef,unknown,0,0,0
3ded4bf16c99484caed56bdaadcd5983,ark/deepseek-v3,5873,1344,7217
3ded4bf16c99484caed56bdaadcd5983,unknown,0,0,0
3dfcc1cb052445f4915efa69ae374158,deepseek-chat,561,221,782
3dfcc1cb052445f4915efa69ae374158,unknown,0,0,0
3e03d5f68ae94522b80619f9ad339d3c,ark/deepseek-v3,3144,281,3425
3e03d5f68ae94522b80619f9ad339d3c,unknown,0,0,0
3e03e80416244161ad200bedd964b8f0,ark/deepseek-v3,467,95,562
3e03e80416244161ad200bedd964b8f0,unknown,0,0,0
3e044b3ad6f544ffa8f992546c0e5429,deepseek-chat,695,290,985
3e044b3ad6f544ffa8f992546c0e5429,unknown,0,0,0
3e07745745004bf0ab298196686a639c,ark/deepseek-v3,1088,313,1401
3e07745745004bf0ab298196686a639c,unknown,0,0,0
3e0c8f9d157a4d67959fda09846a6ada,qwen/qwen-max,11824,1187,13011
3e0c8f9d157a4d67959fda09846a6ada,unknown,0,0,0
3e1a5ad45bab4044b405edbfba101c3d,ark/deepseek-v3,758,109,867
3e1a5ad45bab4044b405edbfba101c3d,unknown,0,0,0
3e1d757bbb324252834745117e343ce7,deepseek-chat,0,0,0
3e1d757bbb324252834745117e343ce7,unknown,0,0,0
3e1d91b776d3427ebf884193a74d5943,ark/deepseek-v3,1254,537,1791
3e1d91b776d3427ebf884193a74d5943,deepseek-chat,6341,778,7119
3e1d91b776d3427ebf884193a74d5943,unknown,0,0,0
3e24b6e8fa544500a8df2ba80f3fc36f,deepseek-chat,706,285,991
3e24b6e8fa544500a8df2ba80f3fc36f,unknown,0,0,0
3e259b54416745ccbf45e24417bd20cd,ark/deepseek-v3,1251,222,1473
3e259b54416745ccbf45e24417bd20cd,unknown,0,0,0
3e26c3b217ee40ac9eb67fc4745c9b9d,ark/deepseek-v3,29981,5961,35942
3e26c3b217ee40ac9eb67fc4745c9b9d,unknown,0,0,0
3e312d3cf2c24d378dc637837977be9e,ark/deepseek-v3,2975,1750,4725
3e312d3cf2c24d378dc637837977be9e,unknown,0,0,0
3e31e97dde7646e78c1e4860539982bf,deepseek-chat,670,362,1032
3e31e97dde7646e78c1e4860539982bf,unknown,0,0,0
3e328718bf7342b79fd849d09dfca581,deepseek-chat,3978,1045,5023
3e328718bf7342b79fd849d09dfca581,unknown,0,0,0
3e3443d033384df09b81eb48d294b451,deepseek-chat,561,207,768
3e3443d033384df09b81eb48d294b451,unknown,0,0,0
3e344a40140e47df93b22cbc3dbb6426,ark/deepseek-v3,6650,718,7368
3e344a40140e47df93b22cbc3dbb6426,unknown,0,0,0
3e406f217b724d40beae8964ae142328,ark/deepseek-v3,5959,769,6728
3e406f217b724d40beae8964ae142328,unknown,0,0,0
3e43ffc22779476ea1ca487231b79606,ark/deepseek-v3,1279,805,2084
3e43ffc22779476ea1ca487231b79606,unknown,0,0,0
3e4a76408bc54735936762ddac8f380f,ark/deepseek-v3,701,209,910
3e4a76408bc54735936762ddac8f380f,unknown,0,0,0
3e4c33a2222f414cb939908a4c6565ae,deepseek-chat,1418,334,1752
3e4c33a2222f414cb939908a4c6565ae,unknown,0,0,0
3e54a7d44df3425bbdd83560479e233a,ark/deepseek-v3,1832,717,2549
3e54a7d44df3425bbdd83560479e233a,unknown,0,0,0
3e559ec9cdc74a19a7da35105027414e,ark/deepseek-v3,2343,1353,3696
3e559ec9cdc74a19a7da35105027414e,deepseek-chat,6331,246,6577
3e559ec9cdc74a19a7da35105027414e,unknown,0,0,0
3e57c083f0244f928f3e4be109931f34,ark/deepseek-v3,605,240,845
3e57c083f0244f928f3e4be109931f34,unknown,0,0,0
3e5de2b9f3b04cdbbb2f6d51df47fb67,deepseek-chat,2174,905,3079
3e5de2b9f3b04cdbbb2f6d51df47fb67,unknown,0,0,0
3e62c6c5c23f41bc84ae37af0d5ab026,deepseek-chat,1052,410,1462
3e62c6c5c23f41bc84ae37af0d5ab026,gpt-4.1,940,27,967
3e62c6c5c23f41bc84ae37af0d5ab026,unknown,0,0,0
3e64969536784e17b1767db16fd6adf7,ark/deepseek-v3,3085,467,3552
3e64969536784e17b1767db16fd6adf7,unknown,0,0,0
3e671fa89abb4362816edf6e19edd5a0,ark/deepseek-v3,465,94,559
3e671fa89abb4362816edf6e19edd5a0,unknown,0,0,0
3e69b390cde249088cd4bf8262069251,deepseek-chat,2246,646,2892
3e69b390cde249088cd4bf8262069251,unknown,0,0,0
3e6b7251818e4790b8f97dde679a0831,deepseek-chat,854,311,1165
3e6b7251818e4790b8f97dde679a0831,unknown,0,0,0
3e6e6a6371af427eb9efdc18da4be735,ark/deepseek-v3-1,1405,766,2171
3e6e6a6371af427eb9efdc18da4be735,unknown,0,0,0
3e6f1e5ae2d048ab851a76c7c37464e2,deepseek-chat,905,666,1571
3e6f1e5ae2d048ab851a76c7c37464e2,unknown,0,0,0
3e6fdb454ffc4a6e84ec3ad994e591e6,ark/deepseek-v3,467,88,555
3e6fdb454ffc4a6e84ec3ad994e591e6,unknown,0,0,0
3e7dfd4b9fa2443a82b3a5a7483c1746,ark/deepseek-v3,1222,485,1707
3e7dfd4b9fa2443a82b3a5a7483c1746,unknown,0,0,0
3e8434dcffa4459fac5a38b376c99c36,ark/deepseek-v3,701,180,881
3e8434dcffa4459fac5a38b376c99c36,unknown,0,0,0
3e84ea654f2347dc9daab45d0902371f,ark/deepseek-v3,1823,68,1891
3e84ea654f2347dc9daab45d0902371f,deepseek-chat,18047,3580,21627
3e84ea654f2347dc9daab45d0902371f,unknown,0,0,0
3e85011250c24725ada7958acc3cd835,deepseek-chat,2828,1626,4454
3e85011250c24725ada7958acc3cd835,unknown,0,0,0
3e8569e36fa0453880e79927027a4927,ark/deepseek-v3,467,89,556
3e8569e36fa0453880e79927027a4927,unknown,0,0,0
3e8fe02a5743449ab61b9a4852d742e1,ark/deepseek-v3,467,82,549
3e8fe02a5743449ab61b9a4852d742e1,unknown,0,0,0
3e9013310ba2443d82a62569b243d2cb,ark/deepseek-v3,467,97,564
3e9013310ba2443d82a62569b243d2cb,unknown,0,0,0
3e9a88b8723f43f0ade468b0cefe9cf0,deepseek-chat,2379,434,2813
3e9a88b8723f43f0ade468b0cefe9cf0,gpt-4.1,1174,412,1586
3e9a88b8723f43f0ade468b0cefe9cf0,unknown,0,0,0
3e9ee03e758f40028669558c49c515a9,ark/deepseek-v3,5944,1325,7269
3e9ee03e758f40028669558c49c515a9,unknown,0,0,0
3ea5b884c54e42ecaa58938fd54a37de,ark/deepseek-v3,13827,2544,16371
3ea5b884c54e42ecaa58938fd54a37de,unknown,0,0,0
3eb8b605ac8e435f87121ee7bf80948d,unknown,0,0,0
3ebc8eb53e9b49b284b7ce31378cf7df,ark/deepseek-v3,2217,993,3210
3ebc8eb53e9b49b284b7ce31378cf7df,unknown,0,0,0
3ebea7989d2f49dbb5d817d4161fc349,ark/deepseek-v3,5974,592,6566
3ebea7989d2f49dbb5d817d4161fc349,unknown,0,0,0
3ec09a4a4dfd415c8551cfce10741e6d,ark/deepseek-v3,701,200,901
3ec09a4a4dfd415c8551cfce10741e6d,unknown,0,0,0
3ec4b3be764246daa52989ac9014e319,ark/deepseek-v3,742,585,1327
3ec4b3be764246daa52989ac9014e319,unknown,0,0,0
3ec5943a2dbe4343a6e0cfa0f8291ec1,ark/deepseek-v3,565,131,696
3ec5943a2dbe4343a6e0cfa0f8291ec1,unknown,0,0,0
3ec6546059b54d40b337856f1a8cf808,deepseek-chat,933,467,1400
3ec6546059b54d40b337856f1a8cf808,unknown,0,0,0
3ec7b4ae3672466ab2e49f0d948d242f,deepseek-chat,561,207,768
3ec7b4ae3672466ab2e49f0d948d242f,unknown,0,0,0
3ecb9dcaea084029823e62fa1a0428ad,ark/deepseek-v3,4953,1090,6043
3ecb9dcaea084029823e62fa1a0428ad,unknown,0,0,0
3ecbf7c312f14b7b8959bad8cbf26d27,deepseek-chat,3470,1316,4786
3ecbf7c312f14b7b8959bad8cbf26d27,gpt-4.1,4119,836,4955
3ecbf7c312f14b7b8959bad8cbf26d27,unknown,0,0,0
3ed262a3f9ac42549e709cc92ce96bb2,ark/deepseek-v3,1089,277,1366
3ed262a3f9ac42549e709cc92ce96bb2,unknown,0,0,0
3ed3d94b13574b57a0b063ab780751fa,ark/deepseek-v3,5612,1201,6813
3ed3d94b13574b57a0b063ab780751fa,unknown,0,0,0
3ed708329d0147e18c51e6c7d16e3466,deepseek-chat,671,336,1007
3ed708329d0147e18c51e6c7d16e3466,unknown,0,0,0
3ed778f90f424e50a3b5e521bd7e984b,ark/deepseek-v3,2305,354,2659
3ed778f90f424e50a3b5e521bd7e984b,unknown,0,0,0
3eef87fb036945198c2f62df9bba930b,ark/deepseek-v3,5496,1399,6895
3eef87fb036945198c2f62df9bba930b,unknown,0,0,0
3ef295e1c7644be6a920f21625c2ee71,ark/deepseek-v3-1,1405,822,2227
3ef295e1c7644be6a920f21625c2ee71,unknown,0,0,0
3ef3d98c181744aeaf6bca0ef1641b82,ark/deepseek-v3-1,528,355,883
3ef3d98c181744aeaf6bca0ef1641b82,unknown,0,0,0
3ef53ed0aceb4e7bab6e48bccd201c35,deepseek-chat,912,274,1186
3ef53ed0aceb4e7bab6e48bccd201c35,unknown,0,0,0
3ef8123ab3254917893c3c5f7a4b232c,ark/deepseek-v3,0,0,0
3ef8123ab3254917893c3c5f7a4b232c,unknown,0,0,0
3ef8abb9fcf849e296a299480d2f3690,ark/deepseek-v3,1251,231,1482
3ef8abb9fcf849e296a299480d2f3690,unknown,0,0,0
3efabfd40e8d461399998ae8d0760bcb,ark/deepseek-v3,4240,2031,6271
3efabfd40e8d461399998ae8d0760bcb,unknown,0,0,0
3f06259c50944003ac0dc305361fdd1a,deepseek-chat,670,323,993
3f06259c50944003ac0dc305361fdd1a,unknown,0,0,0
3f107ad883c142e0a46e06bdfffc8470,deepseek-chat,670,294,964
3f107ad883c142e0a46e06bdfffc8470,unknown,0,0,0
3f123095a1324323a78a1f8c567691e9,deepseek-chat,3447,1381,4828
3f123095a1324323a78a1f8c567691e9,gpt-4.1,3414,975,4389
3f123095a1324323a78a1f8c567691e9,unknown,0,0,0
3f18e4d792ec4c1383f8e50ed34f024f,deepseek-chat,561,206,767
3f18e4d792ec4c1383f8e50ed34f024f,unknown,0,0,0
3f1b63f3c06b4654af0b0d9d08b39372,deepseek-chat,561,225,786
3f1b63f3c06b4654af0b0d9d08b39372,unknown,0,0,0
3f1f67fec5b1426ca11f5c8bc235b8da,deepseek-chat,1053,259,1312
3f1f67fec5b1426ca11f5c8bc235b8da,unknown,0,0,0
3f25f2baa88e4b02bb2dfea94aae3658,ark/deepseek-v3,0,0,0
3f25f2baa88e4b02bb2dfea94aae3658,unknown,0,0,0
3f29fbb4cd674befbb05c1afac9baa2b,ark/deepseek-v3-1,1405,853,2258
3f29fbb4cd674befbb05c1afac9baa2b,unknown,0,0,0
3f2dee8e865d4ac09000c49dcf4940a8,deepseek-chat,2208,628,2836
3f2dee8e865d4ac09000c49dcf4940a8,unknown,0,0,0
3f314384a9974249a24ca661b2d45e79,deepseek-chat,2037,795,2832
3f314384a9974249a24ca661b2d45e79,unknown,0,0,0
3f33049ae4544531b52296eb87f40fa8,ark/deepseek-v3,467,83,550
3f33049ae4544531b52296eb87f40fa8,unknown,0,0,0
3f3b9b58038a439bb37ac45e5ee30efb,deepseek-chat,670,318,988
3f3b9b58038a439bb37ac45e5ee30efb,unknown,0,0,0
3f4002d8fa5b481e89c178e2cdb50ca3,ark/deepseek-v3,14804,3263,18067
3f4002d8fa5b481e89c178e2cdb50ca3,unknown,0,0,0
3f448f7ee29743fd8a637a35555e62fb,ark/deepseek-v3,0,0,0
3f448f7ee29743fd8a637a35555e62fb,unknown,0,0,0
3f4c738336b5477e8eec5c016e14c90f,ark/deepseek-v3,14038,2603,16641
3f4c738336b5477e8eec5c016e14c90f,unknown,0,0,0
3f4fb48f91364d46a6d6062177c086f6,ark/deepseek-v3,7041,1462,8503
3f4fb48f91364d46a6d6062177c086f6,unknown,0,0,0
3f61e2daca914d4586728ae6a03e8487,deepseek-chat,4156,2567,6723
3f61e2daca914d4586728ae6a03e8487,unknown,0,0,0
3f64bbdd3e6b4493bc56d1db1cc9f242,ark/deepseek-v3,1089,301,1390
3f64bbdd3e6b4493bc56d1db1cc9f242,unknown,0,0,0
3f72e4409b4346d8975becafd4c849ec,ark/deepseek-v3,701,197,898
3f72e4409b4346d8975becafd4c849ec,unknown,0,0,0
3f80b8dcb0fa4a2db5806cb5a954dc2a,ark/deepseek-v3,5984,794,6778
3f80b8dcb0fa4a2db5806cb5a954dc2a,unknown,0,0,0
3f82aef4e2534f02a3b6bf21fec6dd95,deepseek-chat,28244,1944,30188
3f82aef4e2534f02a3b6bf21fec6dd95,gpt-4.1,7826,1563,9389
3f82aef4e2534f02a3b6bf21fec6dd95,unknown,0,0,0
3f89a0a8b2c34945bb8ed3e0ffc58548,ark/deepseek-v3-1,964,492,1456
3f89a0a8b2c34945bb8ed3e0ffc58548,unknown,0,0,0
3f994fe35de94fcfaeb66a7e84cfc5a9,ark/deepseek-v3,13309,2622,15931
3f994fe35de94fcfaeb66a7e84cfc5a9,unknown,0,0,0
3fa016e0d6a34c5188bd40cbecd371cb,ark/deepseek-v3,609,305,914
3fa016e0d6a34c5188bd40cbecd371cb,unknown,0,0,0
3fa4e8a966964810811b23478405fb57,ark/deepseek-v3,8582,1462,10044
3fa4e8a966964810811b23478405fb57,unknown,0,0,0
3fbc3865cd084962896eed335ad1f897,ark/deepseek-v3,1251,239,1490
3fbc3865cd084962896eed335ad1f897,unknown,0,0,0
3fc175f678d54749b82ad0e0e39388a8,ark/deepseek-v3,2947,635,3582
3fc175f678d54749b82ad0e0e39388a8,unknown,0,0,0
3fc1f3ac800b466891de75cca9d01990,deepseek-chat,96,188,284
3fc1f3ac800b466891de75cca9d01990,unknown,0,0,0
3fc24c88cea24381add142d96bb752fe,deepseek-chat,561,228,789
3fc24c88cea24381add142d96bb752fe,unknown,0,0,0
3fc2ff8848b24828bbba103443ae6925,ark/deepseek-v3,1088,300,1388
3fc2ff8848b24828bbba103443ae6925,unknown,0,0,0
3fc9157262aa47238c1bafb29d76bb02,ark/deepseek-v3,701,180,881
3fc9157262aa47238c1bafb29d76bb02,unknown,0,0,0
3fcbbddae59940c18af9623362623869,deepseek-chat,670,285,955
3fcbbddae59940c18af9623362623869,unknown,0,0,0
3fcecd758f874714ac1d867058a92dfc,ark/deepseek-v3,6997,1442,8439
3fcecd758f874714ac1d867058a92dfc,unknown,0,0,0
3fcfdf404388488ba30d4aecc5037031,ark/deepseek-v3,3144,290,3434
3fcfdf404388488ba30d4aecc5037031,unknown,0,0,0
3fd2bf5513b44bcc91ef7fe3df884e63,deepseek-chat,2124,880,3004
3fd2bf5513b44bcc91ef7fe3df884e63,unknown,0,0,0
3fd471f366e0411d8ceb6e8f98b7d5d2,ark/deepseek-v3,2483,1354,3837
3fd471f366e0411d8ceb6e8f98b7d5d2,unknown,0,0,0
3fda3198459d47608970b5b970f0073b,ark/deepseek-v3,6641,812,7453
3fda3198459d47608970b5b970f0073b,unknown,0,0,0
3fe47af1e33c47ccbd7b587d21b17812,ark/deepseek-v3,1251,236,1487
3fe47af1e33c47ccbd7b587d21b17812,unknown,0,0,0
3fe5a659125041619f8b73014790f577,ark/deepseek-v3,1170,542,1712
3fe5a659125041619f8b73014790f577,unknown,0,0,0
3fe9b466d0fc444e91123dff66c543cf,ark/deepseek-v3,467,96,563
3fe9b466d0fc444e91123dff66c543cf,unknown,0,0,0
3fee8b0cba5b4ebbb8d6b3b3ec2c9ff4,ark/deepseek-v3,9659,1476,11135
3fee8b0cba5b4ebbb8d6b3b3ec2c9ff4,unknown,0,0,0
3ff20a799ebf4330a7921d779477f29d,deepseek-chat,0,0,0
3ff20a799ebf4330a7921d779477f29d,unknown,0,0,0
3ffdafefbcb84e40a99206e83daa04d5,ark/deepseek-v3,3144,313,3457
3ffdafefbcb84e40a99206e83daa04d5,unknown,0,0,0
4003f868bf534992bafa6f5e36763fcf,ark/deepseek-v3,467,111,578
4003f868bf534992bafa6f5e36763fcf,unknown,0,0,0
4007f7102970449b9bd3efcb92f57ace,ark/deepseek-v3,832,997,1829
4007f7102970449b9bd3efcb92f57ace,unknown,0,0,0
400883e56485480c970e5b54815988de,ark/deepseek-v3,467,126,593
400883e56485480c970e5b54815988de,unknown,0,0,0
400c5981f2f7430eac6360e428d1f0a2,ark/deepseek-v3,4504,343,4847
400c5981f2f7430eac6360e428d1f0a2,deepseek-chat,4902,79,4981
400c5981f2f7430eac6360e428d1f0a2,unknown,0,0,0
401190a5e8b848b1aaf6455dfc453da5,ark/deepseek-v3,1251,215,1466
401190a5e8b848b1aaf6455dfc453da5,unknown,0,0,0
401706447b1442a093b30b94ce02f896,ark/deepseek-v3,1089,331,1420
401706447b1442a093b30b94ce02f896,deepseek-chat,5698,196,5894
401706447b1442a093b30b94ce02f896,unknown,0,0,0
401928d82f464528aa956a227dad576b,unknown,0,0,0
40267c057abc48f3b8c727d737f4cb37,ark/deepseek-v3,467,109,576
40267c057abc48f3b8c727d737f4cb37,unknown,0,0,0
4027262edf194063a8bdce35baea2b8d,ark/deepseek-v3,5109,887,5996
4027262edf194063a8bdce35baea2b8d,unknown,0,0,0
402abd1144684910ad0313bbf6d732b1,ark/deepseek-v3,13449,2657,16106
402abd1144684910ad0313bbf6d732b1,unknown,0,0,0
402cd5033b7f4bf0ad73df4d1b911785,ark/deepseek-v3,2398,492,2890
402cd5033b7f4bf0ad73df4d1b911785,unknown,0,0,0
402dee7ccb524a45b593bed4600524c4,ark/deepseek-v3,5916,1343,7259
402dee7ccb524a45b593bed4600524c4,unknown,0,0,0
402fea9c43004f198a9b6656ef4154a3,deepseek-chat,561,207,768
402fea9c43004f198a9b6656ef4154a3,unknown,0,0,0
4031f9d55bf04e6eb6230f9a51607497,deepseek-chat,561,206,767
4031f9d55bf04e6eb6230f9a51607497,unknown,0,0,0
403e62edd99a4be29b3376773b7dd849,deepseek-chat,708,213,921
403e62edd99a4be29b3376773b7dd849,unknown,0,0,0
40441fc8d62741688c3219cd67f93da5,deepseek-chat,2137,816,2953
40441fc8d62741688c3219cd67f93da5,unknown,0,0,0
404a1b7af3e5469d8b12fdaea91f9589,ark/deepseek-v3,701,211,912
404a1b7af3e5469d8b12fdaea91f9589,unknown,0,0,0
4050e65f8c30458faed1fb9a7ffa3ff3,deepseek-chat,561,206,767
4050e65f8c30458faed1fb9a7ffa3ff3,unknown,0,0,0
4054b7fbc9854d3e99a9a88b5b80507b,deepseek-chat,1494,489,1983
4054b7fbc9854d3e99a9a88b5b80507b,unknown,0,0,0
4061aef1929b4ff4ae5fc50b37de7863,deepseek-chat,646,269,915
4061aef1929b4ff4ae5fc50b37de7863,unknown,0,0,0
4067b95668de4edf9c6279fc9e055b91,ark/deepseek-v3,988,271,1259
4067b95668de4edf9c6279fc9e055b91,unknown,0,0,0
4075b3c7358e4ec28bcd22b0f4835c82,ark/deepseek-v3,2355,445,2800
4075b3c7358e4ec28bcd22b0f4835c82,unknown,0,0,0
407f7deea0f5466e815454c6776cad55,ark/deepseek-v3,457,71,528
407f7deea0f5466e815454c6776cad55,unknown,0,0,0
4080c55e12d643d3877e2097fb0b5bc4,unknown,0,0,0
4080e9f8be224a699cd93aa1862026d8,ark/deepseek-v3,3144,311,3455
4080e9f8be224a699cd93aa1862026d8,unknown,0,0,0
408a85ce5c3a496bba5b0fca7f376774,deepseek-chat,854,450,1304
408a85ce5c3a496bba5b0fca7f376774,unknown,0,0,0
408c6791eb624dc79cf23bb344bd3aea,ark/deepseek-v3,8574,1741,10315
408c6791eb624dc79cf23bb344bd3aea,unknown,0,0,0
40902200bbcb46fa9ca5351aba96714c,unknown,0,0,0
409a12f4aeda4ffab3d5662f6fa22008,ark/deepseek-v3,758,105,863
409a12f4aeda4ffab3d5662f6fa22008,unknown,0,0,0
409cc051d5af405b943deaace9e41833,deepseek-chat,15369,1808,17177
409cc051d5af405b943deaace9e41833,unknown,0,0,0
40a683eca4ad44b1bde595a020249787,deepseek-chat,671,359,1030
40a683eca4ad44b1bde595a020249787,unknown,0,0,0
40aa3ca65bc24c19b3a1cd8598d0349b,ark/deepseek-v3,4492,638,5130
40aa3ca65bc24c19b3a1cd8598d0349b,deepseek-chat,9613,159,9772
40aa3ca65bc24c19b3a1cd8598d0349b,unknown,0,0,0
40aa7fe4eef84cecbbbc032495013641,deepseek-chat,0,0,0
40aa7fe4eef84cecbbbc032495013641,unknown,0,0,0
40ac60d8699042f99b97e376a75a42ce,ark/deepseek-v3,71,643,714
40ac60d8699042f99b97e376a75a42ce,unknown,0,0,0
40ae03ca9e5243fda59ab0d37e3ccbb0,deepseek-chat,671,451,1122
40ae03ca9e5243fda59ab0d37e3ccbb0,unknown,0,0,0
40c01a2ac90c4e7195f3d20893147728,deepseek-chat,0,0,0
40c01a2ac90c4e7195f3d20893147728,unknown,0,0,0
40cc8b3c79cd45229c269fa1c768cdef,ark/deepseek-v3,701,178,879
40cc8b3c79cd45229c269fa1c768cdef,unknown,0,0,0
40d5416b8dc847889e8db2b388f570a4,unknown,0,0,0
40d78472f9dd4ed9b1bf668c0faa6c74,ark/deepseek-v3,2745,1525,4270
40d78472f9dd4ed9b1bf668c0faa6c74,unknown,0,0,0
40de5a6f376144678d011306cb11b5db,deepseek-chat,670,366,1036
40de5a6f376144678d011306cb11b5db,unknown,0,0,0
40e394df892c48a3aa58498f068c0c3d,ark/deepseek-v3,0,0,0
40e394df892c48a3aa58498f068c0c3d,unknown,0,0,0
40e6b1a5c32048b08e4082bce060423f,deepseek-chat,455,141,596
40e6b1a5c32048b08e4082bce060423f,unknown,0,0,0
40efc77da26e410c85483750c5fc9d36,ark/deepseek-v3,758,113,871
40efc77da26e410c85483750c5fc9d36,unknown,0,0,0
40f1b2e900fc47edbed482ebac2b2897,ark/deepseek-v3,1301,700,2001
40f1b2e900fc47edbed482ebac2b2897,deepseek-chat,0,0,0
40f1b2e900fc47edbed482ebac2b2897,unknown,0,0,0
40f1b973958d4c69a80f96760411d9f8,ark/deepseek-v3,2103,897,3000
40f1b973958d4c69a80f96760411d9f8,unknown,0,0,0
40f2a47cb54f46748458f426dbe2eb6c,ark/deepseek-v3,0,0,0
40f2a47cb54f46748458f426dbe2eb6c,unknown,0,0,0
40f48db4e48342e1af988dccb4a5a259,deepseek-chat,671,357,1028
40f48db4e48342e1af988dccb4a5a259,unknown,0,0,0
40f78cb9ec6744bb923bcd6146986298,deepseek-chat,1471,483,1954
40f78cb9ec6744bb923bcd6146986298,unknown,0,0,0
40fff37da0e34c81a6cde5a1538fc6dd,deepseek-chat,1043,170,1213
40fff37da0e34c81a6cde5a1538fc6dd,unknown,0,0,0
41061eaa1f20422abed9f53fb2bc3680,ark/deepseek-v3,2322,1332,3654
41061eaa1f20422abed9f53fb2bc3680,unknown,0,0,0
4107561e91904adf9119765a6c7846c8,ark/deepseek-v3,7463,782,8245
4107561e91904adf9119765a6c7846c8,unknown,0,0,0
410d79a3a28244b98706195f1fe803b4,ark/deepseek-v3,0,0,0
410d79a3a28244b98706195f1fe803b4,unknown,0,0,0
410e14f2169e448783d57738921c714e,ark/deepseek-v3,0,0,0
410e14f2169e448783d57738921c714e,unknown,0,0,0
410eefa26f184564a74f2a157585b5f7,deepseek-chat,561,225,786
410eefa26f184564a74f2a157585b5f7,unknown,0,0,0
411a6811dc8c417da6b8c5d54f660225,deepseek-chat,1091,289,1380
411a6811dc8c417da6b8c5d54f660225,unknown,0,0,0
411deb53a70f4615a4c22f0871848728,deepseek-chat,671,383,1054
411deb53a70f4615a4c22f0871848728,unknown,0,0,0
411e97748d134947a439582fe4b61730,deepseek-chat,3459,1154,4613
411e97748d134947a439582fe4b61730,unknown,0,0,0
41230dfce453462eb88d4bc447b66158,ark/deepseek-v3,4834,1779,6613
41230dfce453462eb88d4bc447b66158,unknown,0,0,0
4128f049d04940f4bb0e9691755ba511,ark/deepseek-v3,4062,659,4721
4128f049d04940f4bb0e9691755ba511,unknown,0,0,0
412c92214b474f14bf350320d575dc8f,ark/deepseek-v3,6239,1685,7924
412c92214b474f14bf350320d575dc8f,gpt-4.1,1288,104,1392
412c92214b474f14bf350320d575dc8f,unknown,0,0,0
41306c1524774039874fd52813326bfe,ark/deepseek-v3,467,83,550
41306c1524774039874fd52813326bfe,unknown,0,0,0
413472eeb6ee466591211ffef54e3783,ark/deepseek-v3,11656,2128,13784
413472eeb6ee466591211ffef54e3783,deepseek-chat,51229,9592,60821
413472eeb6ee466591211ffef54e3783,unknown,0,0,0
413bc70071824ea8b839a383aba79ccb,ark/deepseek-v3,1442,801,2243
413bc70071824ea8b839a383aba79ccb,unknown,0,0,0
4141f276e6df48f98131612571f2e997,deepseek-chat,2303,1044,3347
4141f276e6df48f98131612571f2e997,unknown,0,0,0
41449a81e2f5445999ae965276dd0b4f,deepseek-chat,2369,938,3307
41449a81e2f5445999ae965276dd0b4f,unknown,0,0,0
4144e6155508430fb854a115fecc361f,deepseek-chat,914,232,1146
4144e6155508430fb854a115fecc361f,unknown,0,0,0
41499c39cc7341f887c70538cab61973,deepseek-chat,671,455,1126
41499c39cc7341f887c70538cab61973,unknown,0,0,0
414bf75335614127aa892145c28c983e,ark/deepseek-v3,2587,286,2873
414bf75335614127aa892145c28c983e,deepseek-chat,4971,156,5127
414bf75335614127aa892145c28c983e,unknown,0,0,0
4152161d6189458b82c78176a9f11410,ark/deepseek-v3,1089,302,1391
4152161d6189458b82c78176a9f11410,unknown,0,0,0
41532d9bcd4d4a839c8d18c1af33f351,deepseek-chat,2798,1095,3893
41532d9bcd4d4a839c8d18c1af33f351,unknown,0,0,0
4153436d1c7f44408f8a6e79b6ef8e20,ark/deepseek-v3,1455,224,1679
4153436d1c7f44408f8a6e79b6ef8e20,unknown,0,0,0
415729fe32f5486d870f1a592dcb70e5,deepseek-chat,782,298,1080
415729fe32f5486d870f1a592dcb70e5,unknown,0,0,0
4158c6fad4b3407f8f9e03cf99b2baf3,ark/deepseek-v3,1455,153,1608
4158c6fad4b3407f8f9e03cf99b2baf3,unknown,0,0,0
415b3974a5b940738ecbfa5d44f87a2c,ark/deepseek-v3,3773,548,4321
415b3974a5b940738ecbfa5d44f87a2c,unknown,0,0,0
415b4580c554413cbd477c11e9056eb7,ark/deepseek-v3,2616,259,2875
415b4580c554413cbd477c11e9056eb7,unknown,0,0,0
415cbeb3d5b0457ebc4db87813a03cb1,deepseek-chat,1054,468,1522
415cbeb3d5b0457ebc4db87813a03cb1,gpt-4.1,941,28,969
415cbeb3d5b0457ebc4db87813a03cb1,unknown,0,0,0
416557fdf5ac48cba033bb109f88bbb6,deepseek-chat,862,416,1278
416557fdf5ac48cba033bb109f88bbb6,unknown,0,0,0
4165ba84f87849b7b25fc0c38957082e,deepseek-chat,1041,377,1418
4165ba84f87849b7b25fc0c38957082e,gpt-4.1,1905,141,2046
4165ba84f87849b7b25fc0c38957082e,unknown,0,0,0
4165d717236e42e98ec3eb96819cc2bb,ark/deepseek-v3,467,95,562
4165d717236e42e98ec3eb96819cc2bb,unknown,0,0,0
4167cf0190524a0da005bf2ed5995ae9,deepseek-chat,4673,2208,6881
4167cf0190524a0da005bf2ed5995ae9,gpt-4.1,5292,947,6239
4167cf0190524a0da005bf2ed5995ae9,unknown,0,0,0
4169807248cc49de9079faa61ed2307b,unknown,0,0,0
4171b493f726448ca6731dc6ba57d627,deepseek-chat,707,245,952
4171b493f726448ca6731dc6ba57d627,unknown,0,0,0
418053265dce46b58369ddff4885c1bc,ark/deepseek-v3,701,190,891
418053265dce46b58369ddff4885c1bc,unknown,0,0,0
41822c42743147eba68e93c48a38ff89,ark/deepseek-v3,2983,270,3253
41822c42743147eba68e93c48a38ff89,unknown,0,0,0
4185b318fc454e7d8ce6b9c163b1e8d1,ark/deepseek-v3,465,99,564
4185b318fc454e7d8ce6b9c163b1e8d1,unknown,0,0,0
418607fc6cb648b3b5f4dc5801cd5c9b,deepseek-chat,2120,1572,3692
418607fc6cb648b3b5f4dc5801cd5c9b,unknown,0,0,0
418b27f7d6ff43489d5877f7a96eda0b,ark/deepseek-v3,701,183,884
418b27f7d6ff43489d5877f7a96eda0b,unknown,0,0,0
418ddc00a073458e8b6df6d990cc51af,deepseek-chat,2161,1599,3760
418ddc00a073458e8b6df6d990cc51af,unknown,0,0,0
41975af7113f4dcab4a269298009d988,ark/deepseek-v3,2370,1095,3465
41975af7113f4dcab4a269298009d988,unknown,0,0,0
419e45b4dfd04978af67f7c34498ac8e,ark/deepseek-v3,1131,337,1468
419e45b4dfd04978af67f7c34498ac8e,unknown,0,0,0
41a282d796df43eab7f618f1815b65f3,ark/deepseek-v3,0,0,0
41a282d796df43eab7f618f1815b65f3,unknown,0,0,0
41aeebe1597d4c4eb857f97364e18efd,ark/deepseek-v3,467,97,564
41aeebe1597d4c4eb857f97364e18efd,unknown,0,0,0
41b668b704824978b73b5a1f7f008add,ark/deepseek-v3,467,96,563
41b668b704824978b73b5a1f7f008add,unknown,0,0,0
41ba8caa8b014135b2e82e9866db0da0,ark/deepseek-v3,467,94,561
41ba8caa8b014135b2e82e9866db0da0,unknown,0,0,0
41bc711b233f40498e8b75f58ee9fba1,ark/deepseek-v3,487,87,574
41bc711b233f40498e8b75f58ee9fba1,unknown,0,0,0
41be635683b04c83b3e768bfa2ce72b4,deepseek-chat,670,370,1040
41be635683b04c83b3e768bfa2ce72b4,unknown,0,0,0
41be653e05554b0db9a3edd2e1149bd4,ark/deepseek-v3,1455,209,1664
41be653e05554b0db9a3edd2e1149bd4,unknown,0,0,0
41bec6b2ace34468a5b33ce9ec619a60,ark/deepseek-v3,1455,218,1673
41bec6b2ace34468a5b33ce9ec619a60,unknown,0,0,0
41bf0028feb7486e9e0102b25e193d65,deepseek-chat,698,298,996
41bf0028feb7486e9e0102b25e193d65,unknown,0,0,0
41cabf8017ed4262b18e176201928e81,deepseek-chat,762,123,885
41cabf8017ed4262b18e176201928e81,unknown,0,0,0
41ce8950742440cbb64581c143ae2b65,ark/deepseek-v3,8024,1601,9625
41ce8950742440cbb64581c143ae2b65,unknown,0,0,0
41d19adad465457bbf33775e3e060ed7,deepseek-chat,2176,714,2890
41d19adad465457bbf33775e3e060ed7,unknown,0,0,0
41d413c37b654c5ab8ec39bd2d7bdd35,ark/deepseek-v3,1091,344,1435
41d413c37b654c5ab8ec39bd2d7bdd35,unknown,0,0,0
41d504acf26e4c40a5712c7bb441500a,gpt-4-0613,5546,3985,9531
41d504acf26e4c40a5712c7bb441500a,unknown,0,0,0
41db2de805bb432f89882ce8e3e9ebf2,deepseek-chat,0,0,0
41db2de805bb432f89882ce8e3e9ebf2,unknown,0,0,0
41dcbe4cfa2f4263a46268c64078bacd,ark/deepseek-v3,25610,4180,29790
41dcbe4cfa2f4263a46268c64078bacd,unknown,0,0,0
41dcd0d650ea44f8b300dc2c2d1ea44d,deepseek-chat,889,433,1322
41dcd0d650ea44f8b300dc2c2d1ea44d,unknown,0,0,0
41e8f9ca80a94058a4d5f97032d56efb,ark/deepseek-v3,587,260,847
41e8f9ca80a94058a4d5f97032d56efb,unknown,0,0,0
41f6f4c00cbb43149c1387f339ba6acb,ark/deepseek-v3,467,95,562
41f6f4c00cbb43149c1387f339ba6acb,unknown,0,0,0
4201006f01154207be0fbab187bd9477,ark/deepseek-v3,2583,1244,3827
4201006f01154207be0fbab187bd9477,unknown,0,0,0
420528eadeb54054ac200af4992b99e9,ark/deepseek-v3,1837,345,2182
420528eadeb54054ac200af4992b99e9,unknown,0,0,0
4205599537b24a08bd4cc9c0ba6300ba,ark/deepseek-v3,0,0,0
4205599537b24a08bd4cc9c0ba6300ba,unknown,0,0,0
4213599c4c674e069b0933f39f0bf148,deepseek-chat,671,371,1042
4213599c4c674e069b0933f39f0bf148,unknown,0,0,0
421a07d18fc84437bdd89c18b4515e9a,ark/deepseek-v3,6433,1103,7536
421a07d18fc84437bdd89c18b4515e9a,unknown,0,0,0
4226f45cc4ac4972986e12435a36e0f5,deepseek-chat,3173,1131,4304
4226f45cc4ac4972986e12435a36e0f5,unknown,0,0,0
422865fdea77435897cb0f8a18d841d5,ark/deepseek-v3,758,104,862
422865fdea77435897cb0f8a18d841d5,unknown,0,0,0
422dba68fa4048f392847c256736efc4,ark/deepseek-v3,467,98,565
422dba68fa4048f392847c256736efc4,unknown,0,0,0
4231f320f43f4a1eb73de0ffabe73db8,deepseek-chat,561,207,768
4231f320f43f4a1eb73de0ffabe73db8,unknown,0,0,0
423305062ffd49b5aeed388eb152cf70,deepseek-chat,2109,797,2906
423305062ffd49b5aeed388eb152cf70,unknown,0,0,0
4233f22546774040be41aa7e271d040c,deepseek-chat,2798,1137,3935
4233f22546774040be41aa7e271d040c,unknown,0,0,0
42350f1db53d4009a3741ef7eaa4114d,ark/deepseek-v3,695,85,780
42350f1db53d4009a3741ef7eaa4114d,unknown,0,0,0
4238d45582b546abbf12a2265c8506a8,ark/deepseek-v3,614,283,897
4238d45582b546abbf12a2265c8506a8,unknown,0,0,0
423a1b0efc104c11baaf08f687fc50be,deepseek-chat,6,96,102
423a1b0efc104c11baaf08f687fc50be,unknown,0,0,0
423d08441b514dc68718fb73e96d7e39,deepseek-chat,1436,1150,2586
423d08441b514dc68718fb73e96d7e39,unknown,0,0,0
423f59b28e094f6a8a683f13a25b4a00,deepseek-chat,1391,390,1781
423f59b28e094f6a8a683f13a25b4a00,unknown,0,0,0
4249270ff0f04b4a8ed9a2bc28ebe8ba,ark/deepseek-v3,30071,5958,36029
4249270ff0f04b4a8ed9a2bc28ebe8ba,unknown,0,0,0
424a976ed74d4154a5a139bce2e913dc,ark/deepseek-v3,467,114,581
424a976ed74d4154a5a139bce2e913dc,unknown,0,0,0
424b506f5cb84c3f8ccab9543686d8e3,deepseek-chat,0,0,0
424b506f5cb84c3f8ccab9543686d8e3,unknown,0,0,0
424ce49910554609bdd7a8a0105fe9ff,deepseek-chat,561,207,768
424ce49910554609bdd7a8a0105fe9ff,unknown,0,0,0
424eedaaba8b4a4eb0271f66d16b7fc5,deepseek-chat,793,288,1081
424eedaaba8b4a4eb0271f66d16b7fc5,unknown,0,0,0
42594a7ade52455181b78eafe3e444d8,ark/deepseek-v3-1,2766,952,3718
42594a7ade52455181b78eafe3e444d8,unknown,0,0,0
425ad29e637d4276b13abc6977215604,ark/deepseek-v3,2736,535,3271
425ad29e637d4276b13abc6977215604,unknown,0,0,0
425d76053fab440181cba5beb5f6506c,deepseek-chat,1356,561,1917
425d76053fab440181cba5beb5f6506c,unknown,0,0,0
4274aa92b057463793e3b75b0abdd29c,ark/deepseek-v3,4744,877,5621
4274aa92b057463793e3b75b0abdd29c,unknown,0,0,0
427598864c9b463db9aa89fdf27a1829,ark/deepseek-v3,467,115,582
427598864c9b463db9aa89fdf27a1829,unknown,0,0,0
42760369bf0544efb1422b7e21ac6bec,ark/deepseek-v3,701,183,884
42760369bf0544efb1422b7e21ac6bec,unknown,0,0,0
4278169be8b94ba293216f856265bc1d,ark/deepseek-v3,364,3156,3520
4278169be8b94ba293216f856265bc1d,unknown,0,0,0
427d02fbbea446bc8b90aec6e1abb45f,ark/deepseek-v3,1089,316,1405
427d02fbbea446bc8b90aec6e1abb45f,unknown,0,0,0
427d90b4c7574392926c1ca033b437ac,ark/deepseek-v3,1970,267,2237
427d90b4c7574392926c1ca033b437ac,unknown,0,0,0
427f9a822fdc4575b4f82f0d184cd445,ark/deepseek-v3,1455,198,1653
427f9a822fdc4575b4f82f0d184cd445,unknown,0,0,0
428170762e0248158c7c8c8f539e95b4,ark/deepseek-v3,1251,239,1490
428170762e0248158c7c8c8f539e95b4,unknown,0,0,0
42819f51d9ea4af5bcbf0ac8bd5e4da3,ark/deepseek-v3-1,3962,1316,5278
42819f51d9ea4af5bcbf0ac8bd5e4da3,unknown,0,0,0
429325f5efc541609b5800ad52605ee8,ark/deepseek-v3,645,265,910
429325f5efc541609b5800ad52605ee8,unknown,0,0,0
429463571a4f4966986c529863d0444e,ark/deepseek-v3-1,1405,720,2125
429463571a4f4966986c529863d0444e,unknown,0,0,0
429508a2d9f84e4081eb8f9d24a2e1b5,ark/deepseek-v3,1178,399,1577
429508a2d9f84e4081eb8f9d24a2e1b5,unknown,0,0,0
42956f3c90754dd0ba70139b7f19c183,ark/deepseek-v3,0,0,0
42956f3c90754dd0ba70139b7f19c183,unknown,0,0,0
429a8bc9266043c8890aa9b97be054ce,deepseek-chat,2115,813,2928
429a8bc9266043c8890aa9b97be054ce,unknown,0,0,0
429bbb186e7940df83857f674306edbf,deepseek-chat,901,484,1385
429bbb186e7940df83857f674306edbf,unknown,0,0,0
429bc260341f4566a0739fd5df5917c5,ark/deepseek-v3,467,98,565
429bc260341f4566a0739fd5df5917c5,unknown,0,0,0
429d99620c4e4c098e80edec65f44b50,deepseek-chat,958,339,1297
429d99620c4e4c098e80edec65f44b50,unknown,0,0,0
42a1017706a349379e590a1dc6ee7443,deepseek-chat,3434,1255,4689
42a1017706a349379e590a1dc6ee7443,gpt-4.1,4115,877,4992
42a1017706a349379e590a1dc6ee7443,unknown,0,0,0
42ac0e9592ce4b38b2e2e3ff1ccb10db,ark/deepseek-v3,1089,339,1428
42ac0e9592ce4b38b2e2e3ff1ccb10db,unknown,0,0,0
42ad5677339a416a932251e090bb39a5,deepseek-chat,561,207,768
42ad5677339a416a932251e090bb39a5,unknown,0,0,0
42adcaceb10446bc9c8943d8a73804cb,ark/deepseek-v3,701,185,886
42adcaceb10446bc9c8943d8a73804cb,unknown,0,0,0
42bc42073a894845a397ca23fde8b56f,ark/deepseek-v3,1455,226,1681
42bc42073a894845a397ca23fde8b56f,unknown,0,0,0
42bc5426078c4ee0979b8d39e2cc6564,deepseek-chat,561,207,768
42bc5426078c4ee0979b8d39e2cc6564,unknown,0,0,0
42c6c5906ade4cf8b9b6d9ad2fcf16fc,ark/deepseek-v3,5354,745,6099
42c6c5906ade4cf8b9b6d9ad2fcf16fc,deepseek-chat,2217,1262,3479
42c6c5906ade4cf8b9b6d9ad2fcf16fc,unknown,0,0,0
42d7c12f2f2046bd94dd905638f9deb9,ark/deepseek-v3,1699,1046,2745
42d7c12f2f2046bd94dd905638f9deb9,unknown,0,0,0
42dfb759a3a44fc6bcea3f45794db5d9,deepseek-chat,758,389,1147
42dfb759a3a44fc6bcea3f45794db5d9,unknown,0,0,0
42e05312976b4c36b7a14d2e17da0def,ark/deepseek-v3-1,1405,751,2156
42e05312976b4c36b7a14d2e17da0def,unknown,0,0,0
42e0ecd64fed4b1ea4a2c8424c87c74c,ark/deepseek-v3,1088,352,1440
42e0ecd64fed4b1ea4a2c8424c87c74c,unknown,0,0,0
42ece2305df9496fb5647c50d9acf3d1,ark/deepseek-v3,1455,255,1710
42ece2305df9496fb5647c50d9acf3d1,unknown,0,0,0
42ee7646ea5040989e75f56effa66c9f,deepseek-chat,0,0,0
42ee7646ea5040989e75f56effa66c9f,unknown,0,0,0
42f3bb99c2154898bc16f7cd37504ff3,ark/deepseek-v3-1,1405,755,2160
42f3bb99c2154898bc16f7cd37504ff3,unknown,0,0,0
42f457c9913b44c3b1ea426afcbc1f17,ark/deepseek-v3,2363,461,2824
42f457c9913b44c3b1ea426afcbc1f17,unknown,0,0,0
42f8d0f3b52e4dffa422c70e0191f125,ark/deepseek-v3,1088,398,1486
42f8d0f3b52e4dffa422c70e0191f125,unknown,0,0,0
42fca69232c64049ba06e4a28c07e8d7,ark/deepseek-v3,1455,191,1646
42fca69232c64049ba06e4a28c07e8d7,unknown,0,0,0
42fd523abb8b409fb315307bc375757b,ark/deepseek-v3,1843,791,2634
42fd523abb8b409fb315307bc375757b,unknown,0,0,0
42ff6a1944eb4c498a9919a8b70d9d11,ark/deepseek-v3,855,387,1242
42ff6a1944eb4c498a9919a8b70d9d11,unknown,0,0,0
430a72b8cefb41f4afb9a265dea348e1,deepseek-chat,2654,1663,4317
430a72b8cefb41f4afb9a265dea348e1,unknown,0,0,0
430eba21e82f44dca161311ab3285b2a,ark/deepseek-v3,1455,233,1688
430eba21e82f44dca161311ab3285b2a,unknown,0,0,0
430f19623ac24517a9b7e26a6461ea11,ark/deepseek-v3,1887,342,2229
430f19623ac24517a9b7e26a6461ea11,unknown,0,0,0
43150abf311e453682726e0a0095857f,deepseek-chat,670,344,1014
43150abf311e453682726e0a0095857f,unknown,0,0,0
43330cd5d61b466b957aa27bce77ebc2,ark/deepseek-v3,7032,1785,8817
43330cd5d61b466b957aa27bce77ebc2,gpt-4.1,642,22,664
43330cd5d61b466b957aa27bce77ebc2,unknown,0,0,0
4336228b19304d48beaffea4585a3d1e,ark/deepseek-v3,1089,346,1435
4336228b19304d48beaffea4585a3d1e,unknown,0,0,0
433a7fc41a57430d83a152032c8a3731,ark/deepseek-v3,701,174,875
433a7fc41a57430d83a152032c8a3731,unknown,0,0,0
433aab58953b4d89b3d6375b4b0bd42f,deepseek-chat,561,207,768
433aab58953b4d89b3d6375b4b0bd42f,unknown,0,0,0
433c9b0d42774b0096f6274935c67fad,ark/deepseek-v3,467,89,556
433c9b0d42774b0096f6274935c67fad,unknown,0,0,0
4345cde4b6944fdab8fdc33408e95aeb,ark/deepseek-v3,1837,373,2210
4345cde4b6944fdab8fdc33408e95aeb,unknown,0,0,0
43483a1eb87e4d37bafc0b72adee2c96,deepseek-chat,1475,780,2255
43483a1eb87e4d37bafc0b72adee2c96,unknown,0,0,0
435712d4f6ee47689de27d62989e939c,ark/deepseek-v3-1,2533,431,2964
435712d4f6ee47689de27d62989e939c,unknown,0,0,0
435e517344224bbfb4caf022a3d65c27,deepseek-chat,1377,111,1488
435e517344224bbfb4caf022a3d65c27,unknown,0,0,0
435f14ac9d4c4abbbba34a118b23a78c,deepseek-chat,2134,1561,3695
435f14ac9d4c4abbbba34a118b23a78c,unknown,0,0,0
4363cc5ce0f94f04a44b8b1a26ed3502,deepseek-chat,1473,392,1865
4363cc5ce0f94f04a44b8b1a26ed3502,unknown,0,0,0
43677c1758184c11b89325cfd0fe2930,ark/deepseek-v3,467,83,550
43677c1758184c11b89325cfd0fe2930,unknown,0,0,0
436e7154626c489192c5032a7c15fa20,deepseek-chat,671,346,1017
436e7154626c489192c5032a7c15fa20,unknown,0,0,0
436ee01b558445d392c359a9a46506e7,ark/deepseek-v3-1,528,231,759
436ee01b558445d392c359a9a46506e7,unknown,0,0,0
437174114f6143319c3ba63c8796d34e,ark/deepseek-v3,4606,552,5158
437174114f6143319c3ba63c8796d34e,unknown,0,0,0
437578507e8842639a60a8f688b98712,ark/deepseek-v3,13444,2496,15940
437578507e8842639a60a8f688b98712,unknown,0,0,0
4376bc6817db4fb19995b11ef8435f81,ark/deepseek-v3,0,0,0
4376bc6817db4fb19995b11ef8435f81,unknown,0,0,0
4377cf3de460467e9913b0da472f4678,ark/deepseek-v3,701,180,881
4377cf3de460467e9913b0da472f4678,unknown,0,0,0
4378c40438284510aa17b3eae2bdf92f,ark/deepseek-v3-1,2706,843,3549
4378c40438284510aa17b3eae2bdf92f,unknown,0,0,0
4386f0eac05343f783f737c44444d830,ark/deepseek-v3,465,96,561
4386f0eac05343f783f737c44444d830,unknown,0,0,0
4389b0615f9f4abb924822ea7590ef04,ark/deepseek-v3,2329,1146,3475
4389b0615f9f4abb924822ea7590ef04,unknown,0,0,0
438ab032d66f466980435c82f75c161c,ark/deepseek-v3,1636,553,2189
438ab032d66f466980435c82f75c161c,unknown,0,0,0
438d7fe821f748e69f9ee6679cf03746,deepseek-chat,803,590,1393
438d7fe821f748e69f9ee6679cf03746,unknown,0,0,0
438eae93b04541c89c24a3f3ff0fc528,deepseek-chat,932,230,1162
438eae93b04541c89c24a3f3ff0fc528,gpt-4.1,672,269,941
438eae93b04541c89c24a3f3ff0fc528,unknown,0,0,0
43902cffe9c341588f3cb9d7ba9ca349,ark/deepseek-v3,467,95,562
43902cffe9c341588f3cb9d7ba9ca349,unknown,0,0,0
439db5e61c744255812283f0147d27d4,ark/deepseek-v3-1,1405,1032,2437
439db5e61c744255812283f0147d27d4,unknown,0,0,0
43a18cd01b0a4222a713af6c4bc695de,ark/deepseek-v3,7913,1643,9556
43a18cd01b0a4222a713af6c4bc695de,unknown,0,0,0
43a361fa68b14123b814c3262a8775a2,ark/deepseek-v3,1263,605,1868
43a361fa68b14123b814c3262a8775a2,unknown,0,0,0
43aeb93896c6482499c6079a2a5f5454,gpt-4o-mini,11763,1211,12974
43aeb93896c6482499c6079a2a5f5454,unknown,0,0,0
43b41d2e1f79418582cf878dc405f73c,ark/deepseek-v3,2982,627,3609
43b41d2e1f79418582cf878dc405f73c,unknown,0,0,0
43b5579afb04473cb67ed710866baccd,deepseek-chat,4282,1397,5679
43b5579afb04473cb67ed710866baccd,gpt-4.1,5370,1218,6588
43b5579afb04473cb67ed710866baccd,unknown,0,0,0
43bade04fb3f4aab977402e37971ed31,ark/deepseek-v3,2401,785,3186
43bade04fb3f4aab977402e37971ed31,unknown,0,0,0
43c60df0f6c24d49894ffbc26085943a,deepseek-chat,2100,734,2834
43c60df0f6c24d49894ffbc26085943a,unknown,0,0,0
43ca77a524634960811cbe1401e35185,ark/deepseek-v3-1,4132,1485,5617
43ca77a524634960811cbe1401e35185,unknown,0,0,0
43cab5395f0c42088736f1107fecc0d0,deepseek-chat,1000,375,1375
43cab5395f0c42088736f1107fecc0d0,unknown,0,0,0
43ced02539b44db7afdf623b99b757ec,ark/deepseek-v3,4471,912,5383
43ced02539b44db7afdf623b99b757ec,deepseek-chat,749,644,1393
43ced02539b44db7afdf623b99b757ec,unknown,0,0,0
43d1a35b57f443a188aca6fb2e9bbdb8,ark/deepseek-v3,933,231,1164
43d1a35b57f443a188aca6fb2e9bbdb8,unknown,0,0,0
43d337b00bce4a1585aa3cb54853fdaf,ark/deepseek-v3,1455,200,1655
43d337b00bce4a1585aa3cb54853fdaf,unknown,0,0,0
43d5dd7e36c047e3b2c4bac945a41f46,ark/deepseek-v3,1932,820,2752
43d5dd7e36c047e3b2c4bac945a41f46,unknown,0,0,0
43e37de8feeb452c8a6eeadcca344792,ark/deepseek-v3,467,83,550
43e37de8feeb452c8a6eeadcca344792,unknown,0,0,0
43e3d380926444048432710ff99af662,ark/deepseek-v3,8321,1181,9502
43e3d380926444048432710ff99af662,unknown,0,0,0
43e5e24d592543bea2e4238ac28e6973,ark/deepseek-v3,687,316,1003
43e5e24d592543bea2e4238ac28e6973,unknown,0,0,0
43ec97fcdcf34fa8a09a0abca5600889,deepseek-chat,3751,1089,4840
43ec97fcdcf34fa8a09a0abca5600889,gpt-4.1,3305,904,4209
43ec97fcdcf34fa8a09a0abca5600889,unknown,0,0,0
43edf60246dc4454b6a3bbc40d102ce2,deepseek-chat,561,221,782
43edf60246dc4454b6a3bbc40d102ce2,unknown,0,0,0
43f2fbce23e24153a5fdf6546e2446e5,ark/deepseek-v3-1,1405,883,2288
43f2fbce23e24153a5fdf6546e2446e5,unknown,0,0,0
43f4330e8b6b4ec98908ada66407cd26,unknown,0,0,0
43f5de89e7564d82aa480a7d3df25c27,deepseek-chat,1163,320,1483
43f5de89e7564d82aa480a7d3df25c27,unknown,0,0,0
43ff96dea84d4345af282c64372b5336,deepseek-chat,561,206,767
43ff96dea84d4345af282c64372b5336,unknown,0,0,0
44242fe20f9a402faae3b2e51ed76b71,ark/deepseek-v3,6250,1715,7965
44242fe20f9a402faae3b2e51ed76b71,gpt-4.1,725,80,805
44242fe20f9a402faae3b2e51ed76b71,unknown,0,0,0
4426362d714d4b35b96241bbf123af7f,ark/deepseek-v3,1089,276,1365
4426362d714d4b35b96241bbf123af7f,unknown,0,0,0
4426ac2cbb9e4b1e8228c41feb601af6,deepseek-chat,902,283,1185
4426ac2cbb9e4b1e8228c41feb601af6,unknown,0,0,0
4430911123524395b82d53b6c2a662e7,ark/deepseek-v3-1,2769,951,3720
4430911123524395b82d53b6c2a662e7,unknown,0,0,0
443746301d1e40958feb5dcd1d958453,ark/deepseek-v3,467,93,560
443746301d1e40958feb5dcd1d958453,unknown,0,0,0
4440757fe2624c20b52e7c3bb2b5e8f0,ark/deepseek-v3,2850,1512,4362
4440757fe2624c20b52e7c3bb2b5e8f0,unknown,0,0,0
4442f7028c464cd1ab758308d29ec410,ark/deepseek-v3,1625,66,1691
4442f7028c464cd1ab758308d29ec410,deepseek-chat,9993,2703,12696
4442f7028c464cd1ab758308d29ec410,unknown,0,0,0
444670be9b064dc3b7f75c1a05add5e8,ark/deepseek-v3,1455,193,1648
444670be9b064dc3b7f75c1a05add5e8,unknown,0,0,0
4449eb58d12b45a9ae770a1e8e97e35c,deepseek-chat,4179,389,4568
4449eb58d12b45a9ae770a1e8e97e35c,unknown,0,0,0
4449ed3d3bb5421186094a8fb6d90900,ark/deepseek-v3,1455,249,1704
4449ed3d3bb5421186094a8fb6d90900,unknown,0,0,0
444b23c76ff545c9bd44232868a63f0d,ark/deepseek-v3,8676,1837,10513
444b23c76ff545c9bd44232868a63f0d,unknown,0,0,0
444cce19bc2543fa905ee9e47ad43cb7,ark/deepseek-v3,1480,872,2352
444cce19bc2543fa905ee9e47ad43cb7,unknown,0,0,0
444fcbd4a2834bf6b9ca8161b45521ab,ark/deepseek-v3,14037,2429,16466
444fcbd4a2834bf6b9ca8161b45521ab,unknown,0,0,0
4456eb1d725746feb44b2192c2d24bbf,ark/deepseek-v3,2372,523,2895
4456eb1d725746feb44b2192c2d24bbf,unknown,0,0,0
44658bbc6763459883a38c78460c1fad,deepseek-chat,1410,663,2073
44658bbc6763459883a38c78460c1fad,unknown,0,0,0
446c6b2987a242039069932d9e96ffd0,deepseek-chat,2288,1061,3349
446c6b2987a242039069932d9e96ffd0,unknown,0,0,0
446e4e98e1834507b446be620554ee38,ark/deepseek-v3,1065,305,1370
446e4e98e1834507b446be620554ee38,unknown,0,0,0
4470bda32f424f9f9fcbaf54acffd9b5,ark/deepseek-v3,2281,1143,3424
4470bda32f424f9f9fcbaf54acffd9b5,unknown,0,0,0
44718ade286c4db1a2710f54b9dc14ab,deepseek-chat,561,222,783
44718ade286c4db1a2710f54b9dc14ab,unknown,0,0,0
447b3270f3864b4bbfb2cf02beeaa5bd,ark/deepseek-v3,58,145,203
447b3270f3864b4bbfb2cf02beeaa5bd,unknown,0,0,0
44838843b4734b1d9c43449e0ffd16aa,ark/deepseek-v3,0,0,0
44838843b4734b1d9c43449e0ffd16aa,unknown,0,0,0
448ec69e6c0f4f839009fcbbc3066c24,deepseek-chat,600,325,925
448ec69e6c0f4f839009fcbbc3066c24,unknown,0,0,0
448fa2eaffeb4393bc6dccd341efb617,ark/deepseek-v3,0,0,0
448fa2eaffeb4393bc6dccd341efb617,unknown,0,0,0
448fe8041f704dd9b1872d55da1c24e0,deepseek-chat,1053,420,1473
448fe8041f704dd9b1872d55da1c24e0,gpt-4.1,942,29,971
448fe8041f704dd9b1872d55da1c24e0,unknown,0,0,0
4494b676bd3042c5bb3254a2aa305bc7,ark/deepseek-v3,9427,1377,10804
4494b676bd3042c5bb3254a2aa305bc7,unknown,0,0,0
4495a6a97f374a6489ba3a19eff8544b,ark/deepseek-v3,1455,149,1604
4495a6a97f374a6489ba3a19eff8544b,unknown,0,0,0
44a1eb0b102443f4b300ce02c95cb2ff,deepseek-chat,561,207,768
44a1eb0b102443f4b300ce02c95cb2ff,unknown,0,0,0
44a2b9eb4fe24410988fecc716ef901a,ark/deepseek-v3,467,82,549
44a2b9eb4fe24410988fecc716ef901a,unknown,0,0,0
44ae983b5aaf4cabaf7edbe71b3edc05,deepseek-chat,1365,441,1806
44ae983b5aaf4cabaf7edbe71b3edc05,unknown,0,0,0
44aeb7dacefc4ef8b902f3daf49872f3,deepseek-chat,2757,1308,4065
44aeb7dacefc4ef8b902f3daf49872f3,unknown,0,0,0
44b3f8d0b89e4cf0aabf96f98b8686d3,deepseek-chat,671,379,1050
44b3f8d0b89e4cf0aabf96f98b8686d3,unknown,0,0,0
44b6011b0af4454489b854fd1a0a3a90,deepseek-chat,2459,885,3344
44b6011b0af4454489b854fd1a0a3a90,gpt-4.1,3321,477,3798
44b6011b0af4454489b854fd1a0a3a90,unknown,0,0,0
44b6bf59598f452a97fb0c5290586cb2,ark/deepseek-v3,743,74,817
44b6bf59598f452a97fb0c5290586cb2,unknown,0,0,0
44b79435220346caa48267a16fbc9a21,ark/deepseek-v3,467,106,573
44b79435220346caa48267a16fbc9a21,unknown,0,0,0
44bbbc27fafd420db31a1f46b7c58642,deepseek-chat,561,229,790
44bbbc27fafd420db31a1f46b7c58642,unknown,0,0,0
44bdd45266a845439df141459ad4e009,ark/deepseek-v3-1,1594,179,1773
44bdd45266a845439df141459ad4e009,unknown,0,0,0
44c4ac578e564beab06146cd509ff44c,deepseek-chat,2790,1106,3896
44c4ac578e564beab06146cd509ff44c,gpt-4.1,4560,1242,5802
44c4ac578e564beab06146cd509ff44c,unknown,0,0,0
44c652fb76bf4a11828b5f77fc676b1a,deepseek-chat,714,350,1064
44c652fb76bf4a11828b5f77fc676b1a,unknown,0,0,0
44c9d7ec5aee4ba797591ee81288c65d,ark/deepseek-v3,1596,344,1940
44c9d7ec5aee4ba797591ee81288c65d,unknown,0,0,0
44cee5738b9d426786ed4f5ba62ebca9,ark/deepseek-v3,0,0,0
44cee5738b9d426786ed4f5ba62ebca9,unknown,0,0,0
44d919a56a134dd6a9b4b68df4d632cf,ark/deepseek-v3-1,3904,1680,5584
44d919a56a134dd6a9b4b68df4d632cf,unknown,0,0,0
44da6f22276c45aab65a75d57f55affb,ark/deepseek-v3,1089,253,1342
44da6f22276c45aab65a75d57f55affb,unknown,0,0,0
44dce7a2fe784a91a4810f22a6dbf344,ark/deepseek-v3-1,1405,798,2203
44dce7a2fe784a91a4810f22a6dbf344,unknown,0,0,0
44dec4df21484ab99a0590d44832ccae,unknown,0,0,0
44e5f2005f8e429abad6b908bd945ea2,deepseek-chat,1109,355,1464
44e5f2005f8e429abad6b908bd945ea2,unknown,0,0,0
44ee22fde3bf41268a0cb395ab439f3f,deepseek-chat,670,322,992
44ee22fde3bf41268a0cb395ab439f3f,unknown,0,0,0
44f1ed83eabb4d7385151a6d39f89a72,deepseek-chat,670,324,994
44f1ed83eabb4d7385151a6d39f89a72,unknown,0,0,0
44f42f8377c04841bbe5fb6794f2e98e,deepseek-chat,670,306,976
44f42f8377c04841bbe5fb6794f2e98e,unknown,0,0,0
44fb093a295445dcbc5c9cdb53091695,ark/deepseek-v3,8168,1429,9597
44fb093a295445dcbc5c9cdb53091695,unknown,0,0,0
44fc8a7038b54e02a9c0730edeb07af7,deepseek-chat,1468,556,2024
44fc8a7038b54e02a9c0730edeb07af7,unknown,0,0,0
4505834172ca413baf875e390ece04a1,deepseek-chat,671,483,1154
4505834172ca413baf875e390ece04a1,unknown,0,0,0
4509de0a979f4458a7a64bd9b9951fd7,deepseek-chat,2197,770,2967
4509de0a979f4458a7a64bd9b9951fd7,unknown,0,0,0
450a59b08394415aa162203b258df1bd,deepseek-chat,671,367,1038
450a59b08394415aa162203b258df1bd,unknown,0,0,0
450c9cb4bded444f83105b8e36247549,deepseek-chat,46,320,366
450c9cb4bded444f83105b8e36247549,unknown,0,0,0
450d712647bd4617989dedc9d31d0f26,ark/deepseek-v3,467,85,552
450d712647bd4617989dedc9d31d0f26,unknown,0,0,0
450d96d8d9de439b8f3a05b8bbf52c27,ark/deepseek-v3-1,1749,756,2505
450d96d8d9de439b8f3a05b8bbf52c27,unknown,0,0,0
4518c774c9334fc4ac260960840731c1,deepseek-chat,1360,535,1895
4518c774c9334fc4ac260960840731c1,unknown,0,0,0
451abeebcc7d4654b67b6e6677271124,ark/deepseek-v3,5959,662,6621
451abeebcc7d4654b67b6e6677271124,unknown,0,0,0
452a4af293134db0b20dcb7262e1c8ff,deepseek-chat,1054,424,1478
452a4af293134db0b20dcb7262e1c8ff,gpt-4.1,943,28,971
452a4af293134db0b20dcb7262e1c8ff,unknown,0,0,0
452aa4fb9a4844b5901e4d6fc934e0c5,ark/deepseek-v3,2380,1251,3631
452aa4fb9a4844b5901e4d6fc934e0c5,unknown,0,0,0
453c5747b1044ab095addedb7b3c6a6b,deepseek-chat,852,464,1316
453c5747b1044ab095addedb7b3c6a6b,unknown,0,0,0
4549b8b52d164acca99b924585043ab5,deepseek-chat,1055,404,1459
4549b8b52d164acca99b924585043ab5,gpt-4.1,941,28,969
4549b8b52d164acca99b924585043ab5,unknown,0,0,0
454dad19ad8a4ed2afcb4ec8d82bbe83,ark/deepseek-v3,1088,417,1505
454dad19ad8a4ed2afcb4ec8d82bbe83,unknown,0,0,0
455385d1dffe414aaab40942c3aefe54,ark/deepseek-v3,6348,1783,8131
455385d1dffe414aaab40942c3aefe54,gpt-4.1,638,19,657
455385d1dffe414aaab40942c3aefe54,unknown,0,0,0
4557cb5381764d3fbc75a08f8ac653ee,deepseek-chat,2837,1085,3922
4557cb5381764d3fbc75a08f8ac653ee,unknown,0,0,0
45603206aeeb44eeb542f2ec75bfb014,ark/deepseek-v3,6197,1513,7710
45603206aeeb44eeb542f2ec75bfb014,gpt-4.1,640,57,697
45603206aeeb44eeb542f2ec75bfb014,unknown,0,0,0
4560b802e151425b927719d0c8a6a6f8,deepseek-chat,561,207,768
4560b802e151425b927719d0c8a6a6f8,unknown,0,0,0
45641a2a90f048c78229e8f9dbcd66d5,deepseek-chat,927,471,1398
45641a2a90f048c78229e8f9dbcd66d5,unknown,0,0,0
4568fc0eb2c74cfd99a0b2f81d124496,deepseek-chat,2612,1639,4251
4568fc0eb2c74cfd99a0b2f81d124496,unknown,0,0,0
457718d8e31f472088b6d8117e03bcbf,deepseek-chat,865,400,1265
457718d8e31f472088b6d8117e03bcbf,unknown,0,0,0
45779b518540407faa73c5cce4b2a51f,ark/deepseek-v3,1849,872,2721
45779b518540407faa73c5cce4b2a51f,unknown,0,0,0
45786c1705e84711a2182ab31b2b68a9,ark/deepseek-v3,3499,1411,4910
45786c1705e84711a2182ab31b2b68a9,unknown,0,0,0
457cb2d0066d4edf9fd90e78fa4778e2,ark/deepseek-v3,1251,216,1467
457cb2d0066d4edf9fd90e78fa4778e2,unknown,0,0,0
458c40514b2148df9679254329c155b9,deepseek-chat,671,445,1116
458c40514b2148df9679254329c155b9,unknown,0,0,0
45981dd50d2a40e3a218d2041107a878,deepseek-chat,2258,719,2977
45981dd50d2a40e3a218d2041107a878,unknown,0,0,0
4599d256e97e422595d555d5641c80ac,ark/deepseek-v3,5983,717,6700
4599d256e97e422595d555d5641c80ac,unknown,0,0,0
45af238957b94319ac7350a9240c8960,deepseek-chat,561,207,768
45af238957b94319ac7350a9240c8960,unknown,0,0,0
45afae56b8c348a0a44a930f192d95cc,ark/deepseek-v3,758,118,876
45afae56b8c348a0a44a930f192d95cc,unknown,0,0,0
45b5955aad6e4d23855d967c619c0943,ark/deepseek-v3,29981,5871,35852
45b5955aad6e4d23855d967c619c0943,unknown,0,0,0
45b6de89eca242b1b419bfd1165df652,ark/deepseek-v3,0,0,0
45b6de89eca242b1b419bfd1165df652,unknown,0,0,0
45b6e56259694f37980d3dbe37bac6fe,deepseek-chat,2312,766,3078
45b6e56259694f37980d3dbe37bac6fe,unknown,0,0,0
45b9735dc74f44a7a2cb516d5cb1e432,ark/deepseek-v3,2360,632,2992
45b9735dc74f44a7a2cb516d5cb1e432,unknown,0,0,0
45bf5f8172ba41fdb7a0fe2ec0837a96,deepseek-chat,0,0,0
45bf5f8172ba41fdb7a0fe2ec0837a96,unknown,0,0,0
45c08af124c64cb38300c57e65fda210,ark/deepseek-v3,3083,494,3577
45c08af124c64cb38300c57e65fda210,unknown,0,0,0
45c5398a9f0343dd9e2945a3a27b7840,ark/deepseek-v3,6173,1535,7708
45c5398a9f0343dd9e2945a3a27b7840,gpt-4.1,654,25,679
45c5398a9f0343dd9e2945a3a27b7840,unknown,0,0,0
45c7e3f1b31d46eb9abf3cf403b7ab7d,ark/deepseek-v3,1711,611,2322
45c7e3f1b31d46eb9abf3cf403b7ab7d,unknown,0,0,0
45c9b4dd8fdd452a880f398a48788d1b,ark/deepseek-v3-1,2807,1102,3909
45c9b4dd8fdd452a880f398a48788d1b,unknown,0,0,0
45ceeb1b956344dd853a95b6ecac3687,ark/deepseek-v3,1457,647,2104
45ceeb1b956344dd853a95b6ecac3687,unknown,0,0,0
45cff2f304f14d3598dc728acbc1b63c,ark/deepseek-v3,758,118,876
45cff2f304f14d3598dc728acbc1b63c,unknown,0,0,0
45d0c469de9041bba8368050eab1cd12,ark/deepseek-v3,3674,336,4010
45d0c469de9041bba8368050eab1cd12,unknown,0,0,0
45dc3a388e5242d8a9e5c706470c52a8,ark/deepseek-v3,1816,990,2806
45dc3a388e5242d8a9e5c706470c52a8,unknown,0,0,0
45dfcfe8d9b14cedace91f1c83ae9987,deepseek-chat,670,334,1004
45dfcfe8d9b14cedace91f1c83ae9987,unknown,0,0,0
45eb0c53b14e4c61822c66b43dd5df39,deepseek-chat,670,336,1006
45eb0c53b14e4c61822c66b43dd5df39,gpt-4.1,943,78,1021
45eb0c53b14e4c61822c66b43dd5df39,unknown,0,0,0
45f42ad3d4534e50912dc35c306d01b3,ark/deepseek-v3-1,1892,1078,2970
45f42ad3d4534e50912dc35c306d01b3,gpt-4.1,1061,27,1088
45f42ad3d4534e50912dc35c306d01b3,unknown,0,0,0
45f57cbff1684560b1100776e64ad424,ark/deepseek-v3,1645,801,2446
45f57cbff1684560b1100776e64ad424,unknown,0,0,0
45fb121e067d4c409f1ad4753eb2054d,deepseek-chat,860,442,1302
45fb121e067d4c409f1ad4753eb2054d,unknown,0,0,0
45fca49318c642b0bd5c80021406eca5,ark/deepseek-v3,1088,294,1382
45fca49318c642b0bd5c80021406eca5,unknown,0,0,0
45fedb857afd4a359fa98714700307aa,ark/deepseek-v3,465,102,567
45fedb857afd4a359fa98714700307aa,unknown,0,0,0
460d6cd42ec74c91a79b4117fcb54374,deepseek-chat,3950,1314,5264
460d6cd42ec74c91a79b4117fcb54374,gpt-4.1,3375,908,4283
460d6cd42ec74c91a79b4117fcb54374,unknown,0,0,0
461199c693a04438857b22221b714da4,deepseek-chat,9537,1451,10988
461199c693a04438857b22221b714da4,gpt-4.1,5142,982,6124
461199c693a04438857b22221b714da4,unknown,0,0,0
4619718fd58b4e5b9c99dd1006876fa6,ark/deepseek-v3,692,495,1187
4619718fd58b4e5b9c99dd1006876fa6,unknown,0,0,0
461bafb0ed8a47e185c6b09288d41435,deepseek-chat,670,388,1058
461bafb0ed8a47e185c6b09288d41435,unknown,0,0,0
461e8b2fc2554ca19d983c292b264ce0,ark/deepseek-v3,5904,1238,7142
461e8b2fc2554ca19d983c292b264ce0,unknown,0,0,0
4634d273ce90401c94fd932afefcfb75,deepseek-chat,1166,422,1588
4634d273ce90401c94fd932afefcfb75,unknown,0,0,0
463fa8ab021343e28cf08320b38be8cb,deepseek-chat,6482,1884,8366
463fa8ab021343e28cf08320b38be8cb,unknown,0,0,0
4645437c5bf440e1947247c684f65c36,deepseek-chat,2166,1031,3197
4645437c5bf440e1947247c684f65c36,unknown,0,0,0
46487b8a167945b89eec636a75ff338c,deepseek-chat,561,206,767
46487b8a167945b89eec636a75ff338c,unknown,0,0,0
464aeac3f8be47c485076a37ad666372,deepseek-chat,1558,1095,2653
464aeac3f8be47c485076a37ad666372,unknown,0,0,0
464b2e348af14131b173c9687db25090,ark/deepseek-v3,8150,1116,9266
464b2e348af14131b173c9687db25090,unknown,0,0,0
465805c0bd9445f29e2ecdb30b06d807,deepseek-chat,10,30,40
465805c0bd9445f29e2ecdb30b06d807,unknown,0,0,0
465f05d7bbcf42da882987bee8b2003f,ark/deepseek-v3-1,11117,2815,13932
465f05d7bbcf42da882987bee8b2003f,unknown,0,0,0
466b3d6ae36c49cda6675d454fc68e47,ark/deepseek-v3,467,130,597
466b3d6ae36c49cda6675d454fc68e47,unknown,0,0,0
467d221504f6466c9366f92691e3c09a,deepseek-chat,1054,428,1482
467d221504f6466c9366f92691e3c09a,gpt-4.1,1887,106,1993
467d221504f6466c9366f92691e3c09a,unknown,0,0,0
4685536518284baa954414f485362962,ark/deepseek-v3,564,133,697
4685536518284baa954414f485362962,unknown,0,0,0
4685990cd7ae4011a7514570f3321117,ark/deepseek-v3,467,96,563
4685990cd7ae4011a7514570f3321117,unknown,0,0,0
468755f9fc45442f8b7d24eb7404584b,ark/deepseek-v3,701,200,901
468755f9fc45442f8b7d24eb7404584b,unknown,0,0,0
469485ecb5ed4d27a5e217407674c0da,deepseek-chat,561,207,768
469485ecb5ed4d27a5e217407674c0da,unknown,0,0,0
46969b71355945fc84f0107ba2430a67,deepseek-chat,1235,276,1511
46969b71355945fc84f0107ba2430a67,unknown,0,0,0
4699716af53a44f99da780a20f922e3e,ark/deepseek-v3-1,2443,1579,4022
4699716af53a44f99da780a20f922e3e,gpt-4.1,2560,429,2989
4699716af53a44f99da780a20f922e3e,unknown,0,0,0
469a3100aefa4957b90f1c1d018e402e,deepseek-chat,1079,592,1671
469a3100aefa4957b90f1c1d018e402e,unknown,0,0,0
469b2698e8ec46579ddc19056bbbf6c7,ark/deepseek-v3,6429,1038,7467
469b2698e8ec46579ddc19056bbbf6c7,unknown,0,0,0
46aebe50bc67443cbaf50340da5b739e,ark/deepseek-v3,467,84,551
46aebe50bc67443cbaf50340da5b739e,unknown,0,0,0
46afc7731ff245e6a6f8ffb7e9c8fcd9,unknown,0,0,0
46bb8fc57f10451aa569d8c17bf3540f,ark/deepseek-v3,0,0,0
46bb8fc57f10451aa569d8c17bf3540f,unknown,0,0,0
46c0ee9ff44343b886bd71c98ff8fd28,ark/deepseek-v3,0,0,0
46c0ee9ff44343b886bd71c98ff8fd28,unknown,0,0,0
46c61eddd8b84154a4aa8de765122920,deepseek-chat,561,206,767
46c61eddd8b84154a4aa8de765122920,unknown,0,0,0
46caa60b50a04bd6910e88402b0feecc,deepseek-chat,3370,272,3642
46caa60b50a04bd6910e88402b0feecc,unknown,0,0,0
46cd07903b684f5493d9bb48ab4cef63,ark/deepseek-v3-1,2781,1175,3956
46cd07903b684f5493d9bb48ab4cef63,unknown,0,0,0
46cdc6c0d99a446193283fe3100b4d67,ark/deepseek-v3,2826,702,3528
46cdc6c0d99a446193283fe3100b4d67,unknown,0,0,0
46d565a0a7a94d52bec9eab42d44be3d,ark/deepseek-v3,0,0,0
46d565a0a7a94d52bec9eab42d44be3d,unknown,0,0,0
46e1cbac8e5f4f7e89cdaf693dd353ea,ark/deepseek-v3,227,702,929
46e1cbac8e5f4f7e89cdaf693dd353ea,unknown,0,0,0
46e43a0c94b548269f9fed9ad7be5ed8,ark/deepseek-v3,22,831,853
46e43a0c94b548269f9fed9ad7be5ed8,unknown,0,0,0
46f34e34477641ae9a6b809df1236527,deepseek-chat,2784,757,3541
46f34e34477641ae9a6b809df1236527,unknown,0,0,0
46f431a02eab47d7a7a484c78b056fe8,deepseek-chat,4387,3264,7651
46f431a02eab47d7a7a484c78b056fe8,gpt-4o-mini,9610,5479,15089
46f431a02eab47d7a7a484c78b056fe8,unknown,0,0,0
46fa0006b31d4b8c98d9f28f6b87d7a0,ark/deepseek-v3,1427,648,2075
46fa0006b31d4b8c98d9f28f6b87d7a0,unknown,0,0,0
46fbaf69e9004e96b620f7292f9efab3,ark/deepseek-v3,3532,992,4524
46fbaf69e9004e96b620f7292f9efab3,unknown,0,0,0
46fded6420394db1b3d0dda3ba6cc1b3,ark/deepseek-v3,1455,191,1646
46fded6420394db1b3d0dda3ba6cc1b3,unknown,0,0,0
47029ac378144b03aede1353c0911582,ark/deepseek-v3-1,0,0,0
47029ac378144b03aede1353c0911582,unknown,0,0,0
47127eae6e8d4cf49d26b8b72fbdd58c,ark/deepseek-v3,2137,358,2495
47127eae6e8d4cf49d26b8b72fbdd58c,unknown,0,0,0
4717af181fda47859e5bb33df3233f2b,ark/deepseek-v3,2002,438,2440
4717af181fda47859e5bb33df3233f2b,unknown,0,0,0
47182d36e8264b7c9a1163ca90e4f5ee,ark/deepseek-v3,6150,1737,7887
47182d36e8264b7c9a1163ca90e4f5ee,gpt-4.1,642,20,662
47182d36e8264b7c9a1163ca90e4f5ee,unknown,0,0,0
471d29a141ba4e639b4c066ea9982061,ark/deepseek-v3,467,87,554
471d29a141ba4e639b4c066ea9982061,unknown,0,0,0
471ee5a6df9645a29da7536e1553f9b8,deepseek-chat,3809,2643,6452
471ee5a6df9645a29da7536e1553f9b8,unknown,0,0,0
471f42380e7c4256801f5a526afafac9,deepseek-chat,671,380,1051
471f42380e7c4256801f5a526afafac9,unknown,0,0,0
47235bb9a4db4a1e9f8caafb9a9d74b9,ark/deepseek-v3,2566,1293,3859
47235bb9a4db4a1e9f8caafb9a9d74b9,unknown,0,0,0
472865cb151541069565b3cc6dff0d81,ark/deepseek-v3,6045,1722,7767
472865cb151541069565b3cc6dff0d81,gpt-4.1,641,21,662
472865cb151541069565b3cc6dff0d81,unknown,0,0,0
472abb3169bf4aa589aa9bb00c4d4a35,deepseek-chat,1496,597,2093
472abb3169bf4aa589aa9bb00c4d4a35,unknown,0,0,0
4730e2d54aeb4abb9a0b13994dff0861,ark/deepseek-v3,467,93,560
4730e2d54aeb4abb9a0b13994dff0861,unknown,0,0,0
473220abf0764b15b585c7fceedc2e57,ark/deepseek-v3,6921,1595,8516
473220abf0764b15b585c7fceedc2e57,unknown,0,0,0
47324e62f77a44c4859dd031ba2cc48c,ark/deepseek-v3-1,901,316,1217
47324e62f77a44c4859dd031ba2cc48c,unknown,0,0,0
47462384c39e48f5ae3ccf63016634ca,ark/deepseek-v3,467,108,575
47462384c39e48f5ae3ccf63016634ca,unknown,0,0,0
47468bdecaee47a2962d6d59bd499fa0,ark/deepseek-v3,0,0,0
47468bdecaee47a2962d6d59bd499fa0,unknown,0,0,0
47490d1a45514c6f994d7066c2c7169c,ark/deepseek-v3,8307,1543,9850
47490d1a45514c6f994d7066c2c7169c,unknown,0,0,0
474995971b42455daef459d1c0b6eedc,ark/deepseek-v3,701,188,889
474995971b42455daef459d1c0b6eedc,unknown,0,0,0
474e5e8a5cb343608d7c1fb8803b384c,ark/deepseek-v3,1345,668,2013
474e5e8a5cb343608d7c1fb8803b384c,unknown,0,0,0
47552ed5b4c2408e91d1f53c1e039a40,ark/deepseek-v3,1455,197,1652
47552ed5b4c2408e91d1f53c1e039a40,unknown,0,0,0
4755b684548b4f73a1be6eba46bb0ca1,ark/kimi-k2,20104,2416,22520
4755b684548b4f73a1be6eba46bb0ca1,unknown,0,0,0
4756a9b06d97467ebdc9131abed01b28,ark/deepseek-v3,467,97,564
4756a9b06d97467ebdc9131abed01b28,unknown,0,0,0
47590f5f81ee447cbbc71290885443da,deepseek-chat,4373,1208,5581
47590f5f81ee447cbbc71290885443da,gpt-4.1,3301,913,4214
47590f5f81ee447cbbc71290885443da,unknown,0,0,0
475eecc58f1545c4bb1606e964f76c7e,deepseek-chat,1440,360,1800
475eecc58f1545c4bb1606e964f76c7e,unknown,0,0,0
475f4fba3a2146abae64c14bf6c5c5f1,deepseek-chat,288,407,695
475f4fba3a2146abae64c14bf6c5c5f1,gpt-4o-2024-05-13,607,27,634
475f4fba3a2146abae64c14bf6c5c5f1,unknown,0,0,0
477fcd4b42774a5abb4d108de5b62381,deepseek-chat,1304,306,1610
477fcd4b42774a5abb4d108de5b62381,gpt-4.1,1606,223,1829
477fcd4b42774a5abb4d108de5b62381,unknown,0,0,0
47997cb41de54238b07621d68df6f67b,ark/deepseek-v3-1,665,132,797
47997cb41de54238b07621d68df6f67b,deepseek-chat,2702,1202,3904
47997cb41de54238b07621d68df6f67b,unknown,0,0,0
479b4c73442a40aa94eb74b3b655697b,ark/deepseek-v3,1837,339,2176
479b4c73442a40aa94eb74b3b655697b,unknown,0,0,0
479c8909f1714330bd1d31f7774b3cfe,deepseek-chat,1068,346,1414
479c8909f1714330bd1d31f7774b3cfe,unknown,0,0,0
47a699e1a31f49ccbaaf4fde6188157c,ark/deepseek-v3,1705,925,2630
47a699e1a31f49ccbaaf4fde6188157c,unknown,0,0,0
47a96847ea7f4b3ebe5123742e65c864,ark/deepseek-v3,467,92,559
47a96847ea7f4b3ebe5123742e65c864,unknown,0,0,0
47aa6639677d4dd0888fa0277c72bc98,ark/deepseek-v3,11559,2363,13922
47aa6639677d4dd0888fa0277c72bc98,unknown,0,0,0
47afcc63448a4a8f9762305edadfae26,deepseek-chat,915,473,1388
47afcc63448a4a8f9762305edadfae26,unknown,0,0,0
47b856a79bdd4ce5bfccf1017488489c,ark/deepseek-v3,1251,228,1479
47b856a79bdd4ce5bfccf1017488489c,unknown,0,0,0
47ba94cb1f6145a39785c96db20fb3c9,ark/deepseek-v3,3552,1236,4788
47ba94cb1f6145a39785c96db20fb3c9,unknown,0,0,0
47bc0ebc9bf3471dbb2dc3f039eac323,deepseek-chat,3861,1393,5254
47bc0ebc9bf3471dbb2dc3f039eac323,unknown,0,0,0
47bd6c5171704bea81c3b8404148a13d,ark/deepseek-v3,4423,890,5313
47bd6c5171704bea81c3b8404148a13d,unknown,0,0,0
47c4e3c705804211bbf3fc6249c32eb4,deepseek-chat,561,207,768
47c4e3c705804211bbf3fc6249c32eb4,unknown,0,0,0
47c5eb653e4e47aebf6a4cb540163a51,deepseek-chat,671,375,1046
47c5eb653e4e47aebf6a4cb540163a51,unknown,0,0,0
47c6fc457597425d90ae8c394d9ce4a4,unknown,0,0,0
47cd9c3484624fd7b543819ce200f42d,deepseek-chat,670,376,1046
47cd9c3484624fd7b543819ce200f42d,unknown,0,0,0
47d475055d044480b9d4e1192444e1f6,deepseek-chat,0,0,0
47d475055d044480b9d4e1192444e1f6,unknown,0,0,0
47d677234d8540239157bd6e12254bce,unknown,0,0,0
47e353f950844827b96023610c2ab1c0,deepseek-chat,1274,485,1759
47e353f950844827b96023610c2ab1c0,unknown,0,0,0
47e3918edc9641cc9afc42ad184154b2,deepseek-chat,658,314,972
47e3918edc9641cc9afc42ad184154b2,unknown,0,0,0
47e6c530d0c8405385e4f88ea3fe09ec,deepseek-chat,561,207,768
47e6c530d0c8405385e4f88ea3fe09ec,unknown,0,0,0
47f6ba55e0a64a60989b5d830626a749,ark/deepseek-v3-1,1778,1057,2835
47f6ba55e0a64a60989b5d830626a749,gpt-4.1,1582,379,1961
47f6ba55e0a64a60989b5d830626a749,unknown,0,0,0
47fff607338a4722b130c93cbf819e1f,deepseek-chat,0,0,0
47fff607338a4722b130c93cbf819e1f,unknown,0,0,0
4805910e7ab348f0bf59af7e63b093eb,ark/deepseek-v3,1089,374,1463
4805910e7ab348f0bf59af7e63b093eb,unknown,0,0,0
480bc0a5333e45ada0fec10f78ec86a9,ark/deepseek-v3,467,82,549
480bc0a5333e45ada0fec10f78ec86a9,unknown,0,0,0
4816b2f403b64b699e473c6a2f08a2ec,ark/deepseek-v3,701,196,897
4816b2f403b64b699e473c6a2f08a2ec,unknown,0,0,0
481d33bbe83847e6ab5dc591de92a72d,deepseek-chat,945,298,1243
481d33bbe83847e6ab5dc591de92a72d,unknown,0,0,0
48223a1047004d5aa4e7e0c7d939cb6a,ark/deepseek-v3,1150,649,1799
48223a1047004d5aa4e7e0c7d939cb6a,unknown,0,0,0
4828bf6a73cf43018b7444da87242eb0,ark/deepseek-v3,8176,1113,9289
4828bf6a73cf43018b7444da87242eb0,unknown,0,0,0
4842473955734174a169cfbdf5e21e71,ark/deepseek-v3,1107,264,1371
4842473955734174a169cfbdf5e21e71,deepseek-chat,24799,551,25350
4842473955734174a169cfbdf5e21e71,unknown,0,0,0
48481c6ca1dd415083d3569c71752dd5,unknown,0,0,0
484b87add6cf40d0997b8c07d3a70263,ark/deepseek-v3,5165,1396,6561
484b87add6cf40d0997b8c07d3a70263,unknown,0,0,0
484f4970946740a7a49e990538c89105,ark/deepseek-v3,1053,327,1380
484f4970946740a7a49e990538c89105,unknown,0,0,0
4855cf4fc5d54e59aed7290583674b5f,ark/deepseek-v3,701,200,901
4855cf4fc5d54e59aed7290583674b5f,unknown,0,0,0
4857527c381e4a2fbc3fc9adf5d9dfc0,ark/deepseek-v3,0,0,0
4857527c381e4a2fbc3fc9adf5d9dfc0,unknown,0,0,0
4863f56ee73d44759557aee1766e5997,ark/deepseek-v3,3260,385,3645
4863f56ee73d44759557aee1766e5997,unknown,0,0,0
4866c5707b6e41b29fb01b010e9ad1fb,ark/deepseek-v3,467,129,596
4866c5707b6e41b29fb01b010e9ad1fb,unknown,0,0,0
4867ab4335ce4c18ad8cd535062b727c,deepseek-chat,0,0,0
4867ab4335ce4c18ad8cd535062b727c,unknown,0,0,0
4871882023e74d419273805dddeb5a91,ark/deepseek-v3,2304,362,2666
4871882023e74d419273805dddeb5a91,unknown,0,0,0
4871c29fccd6459cb698bdcc1a2486ce,deepseek-chat,1388,574,1962
4871c29fccd6459cb698bdcc1a2486ce,unknown,0,0,0
48731b06c4dd4908953ed8700629eed9,ark/deepseek-v3,5519,1362,6881
48731b06c4dd4908953ed8700629eed9,unknown,0,0,0
4883123f27154e73ac1a77c1fb2d97f0,ark/deepseek-v3,2664,413,3077
4883123f27154e73ac1a77c1fb2d97f0,unknown,0,0,0
488c3f3a1a3d4d0f87cc751ec4100dd9,ark/deepseek-v3,457,69,526
488c3f3a1a3d4d0f87cc751ec4100dd9,unknown,0,0,0
488dde9d8c2b4bbd90b7458889f733ef,deepseek-chat,2336,884,3220
488dde9d8c2b4bbd90b7458889f733ef,unknown,0,0,0
4890da60c3cc40eba2605809810dece9,ark/deepseek-v3,7467,1486,8953
4890da60c3cc40eba2605809810dece9,unknown,0,0,0
489ed3e18e5846c2a6a0ebd52e70a247,ark/deepseek-v3,9567,2274,11841
489ed3e18e5846c2a6a0ebd52e70a247,deepseek-chat,5030,1930,6960
489ed3e18e5846c2a6a0ebd52e70a247,unknown,0,0,0
48a13c3aeb8c4f338e23548f9755b2d4,ark/deepseek-v3,2089,1048,3137
48a13c3aeb8c4f338e23548f9755b2d4,unknown,0,0,0
48a7512a8a5f4cbaa2164684b535d2c3,deepseek-chat,2209,975,3184
48a7512a8a5f4cbaa2164684b535d2c3,unknown,0,0,0
48aca4e97b0e4d7bb538685405475697,unknown,0,0,0
48aece37c98b4d7a9c9caeec7131332f,ark/deepseek-v3,701,176,877
48aece37c98b4d7a9c9caeec7131332f,unknown,0,0,0
48b908abb06043c7be4b4ea876cd03cb,ark/deepseek-v3,6929,1524,8453
48b908abb06043c7be4b4ea876cd03cb,unknown,0,0,0
48bdd7ba08324af19855e952017c31ed,deepseek-chat,0,0,0
48bdd7ba08324af19855e952017c31ed,unknown,0,0,0
48c7465da9774662ad871c5dfd911779,ark/deepseek-v3,3534,1486,5020
48c7465da9774662ad871c5dfd911779,deepseek-chat,7168,547,7715
48c7465da9774662ad871c5dfd911779,unknown,0,0,0
48d3336d572348a3acdc2ea08d450e19,ark/deepseek-v3,5557,541,6098
48d3336d572348a3acdc2ea08d450e19,unknown,0,0,0
48d34cf64c064dfaa3a91e81e8c726d3,ark/kimi-k2,1704,136,1840
48d34cf64c064dfaa3a91e81e8c726d3,gpt-4.1,2041,480,2521
48d34cf64c064dfaa3a91e81e8c726d3,unknown,0,0,0
48d385cb526242a4a722dbe2f8bfe7a5,ark/deepseek-v3,1170,500,1670
48d385cb526242a4a722dbe2f8bfe7a5,unknown,0,0,0
48d3a35d08fd4271807c9371046e4ae2,ark/deepseek-v3,1455,241,1696
48d3a35d08fd4271807c9371046e4ae2,unknown,0,0,0
48d45a42a4df46e7a31da28ce878f7a4,ark/deepseek-v3-1,1183,488,1671
48d45a42a4df46e7a31da28ce878f7a4,unknown,0,0,0
48d54d77f4164e2aac06fc22ea3a0687,ark/deepseek-v3,467,132,599
48d54d77f4164e2aac06fc22ea3a0687,unknown,0,0,0
48d9f43ce483416aafddd055b2b6c626,deepseek-chat,671,466,1137
48d9f43ce483416aafddd055b2b6c626,unknown,0,0,0
48e37438b42d440d9c6ad4bfea849dbc,deepseek-chat,1517,956,2473
48e37438b42d440d9c6ad4bfea849dbc,gpt-4.1,2197,347,2544
48e37438b42d440d9c6ad4bfea849dbc,unknown,0,0,0
48e88a2fb62f424092ac18c1581f851d,ark/deepseek-v3,5466,986,6452
48e88a2fb62f424092ac18c1581f851d,unknown,0,0,0
48e9a35c541a47f2810f6345450c24e4,deepseek-chat,2100,750,2850
48e9a35c541a47f2810f6345450c24e4,unknown,0,0,0
48ee06bc1d8547abad015f4c3f218474,deepseek-chat,670,271,941
48ee06bc1d8547abad015f4c3f218474,unknown,0,0,0
48f04e3c71034f9f9549cbdff667a590,ark/deepseek-v3,0,0,0
48f04e3c71034f9f9549cbdff667a590,unknown,0,0,0
48f179f460054c569df4efab95ed19dc,deepseek-chat,0,0,0
48f179f460054c569df4efab95ed19dc,unknown,0,0,0
48f4038688904d189e13eae1766e9f99,deepseek-chat,2441,1074,3515
48f4038688904d189e13eae1766e9f99,unknown,0,0,0
48f487b6e05d4f3aba8df47d2d7cf484,ark/deepseek-v3,863,199,1062
48f487b6e05d4f3aba8df47d2d7cf484,unknown,0,0,0
48ff010d7f3047cbadc90679eec23f2f,ark/deepseek-v3,2102,765,2867
48ff010d7f3047cbadc90679eec23f2f,unknown,0,0,0
4917dc91d080456cada877005961c1ff,ark/deepseek-v3,2038,1028,3066
4917dc91d080456cada877005961c1ff,unknown,0,0,0
492242ed450940a79426f81dbcbd70a3,ark/deepseek-v3-1,1892,851,2743
492242ed450940a79426f81dbcbd70a3,unknown,0,0,0
492865b0fdbb407994f811078a15752e,ark/deepseek-v3,16208,2723,18931
492865b0fdbb407994f811078a15752e,unknown,0,0,0
49300c7aa02f4acfbe6c4cffc3e4f15d,ark/deepseek-v3,467,96,563
49300c7aa02f4acfbe6c4cffc3e4f15d,unknown,0,0,0
49379667f8074f46838652a749f40a8b,ark/deepseek-v3,0,0,0
49379667f8074f46838652a749f40a8b,unknown,0,0,0
49464ac6e67448c9b5616b730262073f,unknown,0,0,0
4947a652f85f4050907918101510890b,ark/deepseek-v3,465,92,557
4947a652f85f4050907918101510890b,unknown,0,0,0
494aa878dc36453cbaf2b6976d635384,ark/deepseek-v3,2397,439,2836
494aa878dc36453cbaf2b6976d635384,unknown,0,0,0
494b9a249dcd4c8a8e63877ef1bcc90e,ark/deepseek-v3,467,94,561
494b9a249dcd4c8a8e63877ef1bcc90e,unknown,0,0,0
495184042d4d4e9d91dec01a85787c45,ark/deepseek-v3,467,93,560
495184042d4d4e9d91dec01a85787c45,unknown,0,0,0
4952f469046547168d1e18c6146bfbb3,deepseek-chat,2246,1129,3375
4952f469046547168d1e18c6146bfbb3,unknown,0,0,0
49582fbc9f6c48c3bad47dfd2d582dde,deepseek-chat,670,317,987
49582fbc9f6c48c3bad47dfd2d582dde,unknown,0,0,0
49604fa870f747e0b230c1321082cde4,deepseek-chat,5,10,15
49604fa870f747e0b230c1321082cde4,unknown,0,0,0
499c4e5460cd4625aef9effa707f1a91,ark/deepseek-v3,5307,1020,6327
499c4e5460cd4625aef9effa707f1a91,unknown,0,0,0
49a3d75cba204a8086b1422829df372c,ark/deepseek-v3,0,0,0
49a3d75cba204a8086b1422829df372c,unknown,0,0,0
49a6713b81de42319ac74e56abba718f,ark/deepseek-v3,2295,1128,3423
49a6713b81de42319ac74e56abba718f,deepseek-chat,12266,1187,13453
49a6713b81de42319ac74e56abba718f,unknown,0,0,0
49a896c0013f4c89a11d7a80930524df,deepseek-chat,1054,471,1525
49a896c0013f4c89a11d7a80930524df,gpt-4.1,946,28,974
49a896c0013f4c89a11d7a80930524df,unknown,0,0,0
49abaa5356354074929d6a4ba48b0882,deepseek-chat,2553,1260,3813
49abaa5356354074929d6a4ba48b0882,gpt-4.1,1255,366,1621
49abaa5356354074929d6a4ba48b0882,unknown,0,0,0
49b0afd4a5fe44888da279cfc7b0c2a1,ark/deepseek-v3,467,93,560
49b0afd4a5fe44888da279cfc7b0c2a1,unknown,0,0,0
49bbb5304f844dbba7c6459aebf90cc5,deepseek-chat,0,0,0
49bbb5304f844dbba7c6459aebf90cc5,unknown,0,0,0
49bfa077b34448dbaa507c730c2cc105,ark/deepseek-v3,3088,472,3560
49bfa077b34448dbaa507c730c2cc105,unknown,0,0,0
49c58cd72cbd45039ab2666af43a544b,deepseek-chat,1647,666,2313
49c58cd72cbd45039ab2666af43a544b,unknown,0,0,0
49c5d08b29514a89a480144d8bdf3df8,unknown,0,0,0
49cc80dfb8834261a8a3ae5a9433cbbf,deepseek-chat,428,136,564
49cc80dfb8834261a8a3ae5a9433cbbf,unknown,0,0,0
49cfb52d47754066b230af21d1a00b41,deepseek-chat,945,245,1190
49cfb52d47754066b230af21d1a00b41,gpt-4.1,688,219,907
49cfb52d47754066b230af21d1a00b41,unknown,0,0,0
49d387c90e1f47e9a25a1c2df5549433,ark/deepseek-v3,5359,806,6165
49d387c90e1f47e9a25a1c2df5549433,unknown,0,0,0
49db9feb9230446a9d643af5057a0d94,ark/deepseek-v3,6067,1846,7913
49db9feb9230446a9d643af5057a0d94,gpt-4.1,641,20,661
49db9feb9230446a9d643af5057a0d94,unknown,0,0,0
49dbc629b7834f3cac67ae1e6fdc8851,ark/deepseek-v3,0,0,0
49dbc629b7834f3cac67ae1e6fdc8851,unknown,0,0,0
49dea987fa0a4eaa913874ea3640821b,deepseek-chat,4000,412,4412
49dea987fa0a4eaa913874ea3640821b,unknown,0,0,0
49df913faca041e1a80ef0be0a0645bf,ark/deepseek-v3,5716,470,6186
49df913faca041e1a80ef0be0a0645bf,unknown,0,0,0
49dfc3ba1dd84ee28f1c5190677a08e6,ark/deepseek-v3,1251,221,1472
49dfc3ba1dd84ee28f1c5190677a08e6,unknown,0,0,0
49eebcc46bd34074bf919dfdb4220599,deepseek-chat,2219,1106,3325
49eebcc46bd34074bf919dfdb4220599,unknown,0,0,0
49f2ecb6fd5c488ab95feec6809e0955,ark/deepseek-v3,2226,1263,3489
49f2ecb6fd5c488ab95feec6809e0955,unknown,0,0,0
49f56da405354de880b613ea8f0be37a,ark/deepseek-v3-1,1405,928,2333
49f56da405354de880b613ea8f0be37a,unknown,0,0,0
49f878f608a94a4da13419aab0622f92,ark/deepseek-v3,11461,2185,13646
49f878f608a94a4da13419aab0622f92,unknown,0,0,0
4a027c10a1f848eb8c7945be6e44000b,ark/deepseek-v3,0,0,0
4a027c10a1f848eb8c7945be6e44000b,unknown,0,0,0
4a031ea44e4b46d8b4faa480224372a2,ark/deepseek-v3-1,528,350,878
4a031ea44e4b46d8b4faa480224372a2,unknown,0,0,0
4a09cd217e0b4a05909abd2e1fb4e44c,ark/deepseek-v3,1089,296,1385
4a09cd217e0b4a05909abd2e1fb4e44c,unknown,0,0,0
4a09f7fa5c8242e0a867f654d3cd5160,deepseek-chat,0,0,0
4a09f7fa5c8242e0a867f654d3cd5160,unknown,0,0,0
4a0cbb3f19ae40e6bdb97cb1e34de1e1,ark/deepseek-v3,8406,1574,9980
4a0cbb3f19ae40e6bdb97cb1e34de1e1,unknown,0,0,0
4a20ba1ed3434d2a9198bc65991db259,deepseek-chat,1428,1163,2591
4a20ba1ed3434d2a9198bc65991db259,unknown,0,0,0
4a21ae39495842b68d5e9e562883b2e0,deepseek-chat,0,0,0
4a21ae39495842b68d5e9e562883b2e0,unknown,0,0,0
4a329b99401a434499ca9a27668d4f95,ark/deepseek-v3,1065,304,1369
4a329b99401a434499ca9a27668d4f95,unknown,0,0,0
4a4022b2270f44c4b00e8ae21b80ac8e,ark/deepseek-v3,467,91,558
4a4022b2270f44c4b00e8ae21b80ac8e,unknown,0,0,0
4a46c211ff3f433e811647ff51410a9b,deepseek-chat,561,207,768
4a46c211ff3f433e811647ff51410a9b,unknown,0,0,0
4a4fcb9694704bb0a7399be353cff6b9,ark/deepseek-v3,467,91,558
4a4fcb9694704bb0a7399be353cff6b9,unknown,0,0,0
4a645c3c0fe240138cd437dae99b4959,deepseek-chat,0,0,0
4a645c3c0fe240138cd437dae99b4959,unknown,0,0,0
4a6cedca5bad4b95a3f134ca1457a790,ark/deepseek-v3,9409,1845,11254
4a6cedca5bad4b95a3f134ca1457a790,unknown,0,0,0
4a6e074de0944cf188898701e000c7ff,ark/deepseek-v3-1,1405,800,2205
4a6e074de0944cf188898701e000c7ff,unknown,0,0,0
4a721c210f4041d597472dc68b7ac331,deepseek-chat,1337,523,1860
4a721c210f4041d597472dc68b7ac331,unknown,0,0,0
4a79195c24e54a4abf3575865a8d2fd6,deepseek-chat,671,390,1061
4a79195c24e54a4abf3575865a8d2fd6,unknown,0,0,0
4a7dbe67efee48aa9233b8a62177254d,deepseek-chat,736,317,1053
4a7dbe67efee48aa9233b8a62177254d,unknown,0,0,0
4a7e95f7d95e4290a410a68058d08f56,ark/deepseek-v3,467,91,558
4a7e95f7d95e4290a410a68058d08f56,unknown,0,0,0
4a88508b2b224d659e3c9fc355dcc9df,deepseek-chat,561,207,768
4a88508b2b224d659e3c9fc355dcc9df,unknown,0,0,0
4a9ee4622f594cedbd15fdd1e0699462,deepseek-chat,670,313,983
4a9ee4622f594cedbd15fdd1e0699462,unknown,0,0,0
4aa117fab51f431ca755ac5b7b9de7a8,ark/deepseek-v3-1,1405,758,2163
4aa117fab51f431ca755ac5b7b9de7a8,unknown,0,0,0
4aa15417e627456d918dcc7a11c8c0c6,deepseek-chat,905,669,1574
4aa15417e627456d918dcc7a11c8c0c6,unknown,0,0,0
4aa367ef10664a8996d396171f692fe9,ark/deepseek-v3,6750,1795,8545
4aa367ef10664a8996d396171f692fe9,gpt-4.1,660,35,695
4aa367ef10664a8996d396171f692fe9,unknown,0,0,0
4aa4d6f522a64dcc95be54820b97de14,ark/deepseek-v3,9095,2263,11358
4aa4d6f522a64dcc95be54820b97de14,gpt-4.1,660,31,691
4aa4d6f522a64dcc95be54820b97de14,unknown,0,0,0
4aa74d55243b4dabb10e0f342d692a4c,ark/deepseek-v3,467,93,560
4aa74d55243b4dabb10e0f342d692a4c,unknown,0,0,0
4aae104952dc41b7be5c845bf7aa675d,ark/deepseek-v3,1455,201,1656
4aae104952dc41b7be5c845bf7aa675d,unknown,0,0,0
4ab00c214d6c48c682d2d3c662acdd54,deepseek-chat,671,443,1114
4ab00c214d6c48c682d2d3c662acdd54,unknown,0,0,0
4ab172c8f26a462aab9945a1b7193942,deepseek-chat,680,287,967
4ab172c8f26a462aab9945a1b7193942,unknown,0,0,0
4ab1779e6fb44033b496f4c40239e76a,ark/deepseek-v3-1,933,291,1224
4ab1779e6fb44033b496f4c40239e76a,unknown,0,0,0
4ab803058b1044c38938f9f42398a4fc,ark/deepseek-v3,6138,1772,7910
4ab803058b1044c38938f9f42398a4fc,gpt-4.1,642,23,665
4ab803058b1044c38938f9f42398a4fc,unknown,0,0,0
4ac50341a07244a8a2fcba90f1616c08,ark/deepseek-v3,0,0,0
4ac50341a07244a8a2fcba90f1616c08,unknown,0,0,0
4ac65747be524471940e5878f91902f5,deepseek-chat,561,207,768
4ac65747be524471940e5878f91902f5,unknown,0,0,0
4ace05c3881748908d7bb975d0b3d1f6,ark/deepseek-v3,701,175,876
4ace05c3881748908d7bb975d0b3d1f6,unknown,0,0,0
4ad3f1bd8518403eb6e8808929bed113,ark/deepseek-v3,1089,277,1366
4ad3f1bd8518403eb6e8808929bed113,unknown,0,0,0
4ae72e9b4be244e0aba15e23d1cc59c6,deepseek-chat,1186,320,1506
4ae72e9b4be244e0aba15e23d1cc59c6,unknown,0,0,0
4af01b4557204949a0d1f22be7a80a9a,deepseek-chat,2942,1384,4326
4af01b4557204949a0d1f22be7a80a9a,unknown,0,0,0
4af2e3e97dd64e7a8d0cfc73935c5bce,ark/deepseek-v3,465,96,561
4af2e3e97dd64e7a8d0cfc73935c5bce,unknown,0,0,0
4af536e3c4cb48409741b1c6dffcc8f1,ark/deepseek-v3,467,97,564
4af536e3c4cb48409741b1c6dffcc8f1,unknown,0,0,0
4af63bd580c24dd4ba7a309570d1de85,ark/deepseek-v3,467,119,586
4af63bd580c24dd4ba7a309570d1de85,unknown,0,0,0
4af83ff1e7cf418784d0cbcd18a2798d,deepseek-chat,1052,389,1441
4af83ff1e7cf418784d0cbcd18a2798d,gpt-4.1,2962,514,3476
4af83ff1e7cf418784d0cbcd18a2798d,unknown,0,0,0
4aff896cf1fe4bfca488247916d2e9e7,deepseek-chat,3303,1334,4637
4aff896cf1fe4bfca488247916d2e9e7,unknown,0,0,0
4b00db4f8ebc4a5896038125f4492a68,ark/deepseek-v3,8641,2065,10706
4b00db4f8ebc4a5896038125f4492a68,unknown,0,0,0
4b018dc2d4dd4e5aab30ebd90711d1d7,ark/deepseek-v3,1088,317,1405
4b018dc2d4dd4e5aab30ebd90711d1d7,unknown,0,0,0
4b019331a67e4d88b3f545f60457367c,ark/deepseek-v3,1455,202,1657
4b019331a67e4d88b3f545f60457367c,unknown,0,0,0
4b08eaf870df45738f59fdb15a9028fa,deepseek-chat,2838,1142,3980
4b08eaf870df45738f59fdb15a9028fa,unknown,0,0,0
4b0ae5c092434fb0afb9270f1caf7bf3,ark/deepseek-v3-1,1405,870,2275
4b0ae5c092434fb0afb9270f1caf7bf3,unknown,0,0,0
4b0ef11aab8842499ff237230a6ed2e2,deepseek-chat,0,0,0
4b0ef11aab8842499ff237230a6ed2e2,unknown,0,0,0
4b14c1cd4b414f879561101069a676a0,ark/deepseek-v3,0,0,0
4b14c1cd4b414f879561101069a676a0,unknown,0,0,0
4b151adb0a98493fb97f086990ed89b6,deepseek-chat,671,506,1177
4b151adb0a98493fb97f086990ed89b6,unknown,0,0,0
4b186b9027cf471292d892bb32bf2336,deepseek-chat,670,344,1014
4b186b9027cf471292d892bb32bf2336,unknown,0,0,0
4b1b3982364541f5ad1363782662f573,deepseek-chat,561,207,768
4b1b3982364541f5ad1363782662f573,unknown,0,0,0
4b1d12a6bb734a83bfcc531f6738fc38,deepseek-chat,2237,1236,3473
4b1d12a6bb734a83bfcc531f6738fc38,unknown,0,0,0
4b22d87b08d645c899c7730a3041935d,ark/deepseek-v3,2312,312,2624
4b22d87b08d645c899c7730a3041935d,unknown,0,0,0
4b2cddf427c946b1b13a8aa88131a81d,ark/deepseek-v3,1455,203,1658
4b2cddf427c946b1b13a8aa88131a81d,unknown,0,0,0
4b39c27dc9c548a4933f2a87cb8158e9,ark/deepseek-v3,2732,1459,4191
4b39c27dc9c548a4933f2a87cb8158e9,unknown,0,0,0
4b3a82f6291e46739f7bba376726aabc,ark/deepseek-v3,13442,2655,16097
4b3a82f6291e46739f7bba376726aabc,unknown,0,0,0
4b3cb755da504aad9de4d7e538248f4f,ark/deepseek-v3,467,91,558
4b3cb755da504aad9de4d7e538248f4f,unknown,0,0,0
4b3e4c9ebe5b466cb976ed726764fef1,ark/deepseek-v3,487,87,574
4b3e4c9ebe5b466cb976ed726764fef1,unknown,0,0,0
4b40445bcabe4812aabbeb2f5fe1d08a,ark/deepseek-v3,2638,1318,3956
4b40445bcabe4812aabbeb2f5fe1d08a,unknown,0,0,0
4b484816414d4df998c53af5644e8bcf,deepseek-chat,3645,1726,5371
4b484816414d4df998c53af5644e8bcf,unknown,0,0,0
4b57f4c0a8894b708eac639dc725975f,unknown,0,0,0
4b5950f87366488aafe24e53a86e975f,deepseek-chat,0,0,0
4b5950f87366488aafe24e53a86e975f,unknown,0,0,0
4b5cc8e1cd9f48b4ae00397be817f025,ark/deepseek-v3-1,3960,1680,5640
4b5cc8e1cd9f48b4ae00397be817f025,unknown,0,0,0
4b62bd0fd0534c469c37441d565d3bdc,ark/deepseek-v3,758,102,860
4b62bd0fd0534c469c37441d565d3bdc,unknown,0,0,0
4b68877e6234496abaa6983a2f67b381,deepseek-chat,1337,650,1987
4b68877e6234496abaa6983a2f67b381,unknown,0,0,0
4b716c79abf24dc6b999d3ef4ec13220,deepseek-chat,846,227,1073
4b716c79abf24dc6b999d3ef4ec13220,unknown,0,0,0
4b727c30a4a1467e9a1ecd150d9b74fc,ark/deepseek-v3,1251,217,1468
4b727c30a4a1467e9a1ecd150d9b74fc,unknown,0,0,0
4b753dab459143858e0b9c41ce903908,deepseek-chat,1001,306,1307
4b753dab459143858e0b9c41ce903908,unknown,0,0,0
4b7c208d68254b0cb427de9361ec74fb,ark/deepseek-v3,2367,483,2850
4b7c208d68254b0cb427de9361ec74fb,unknown,0,0,0
4b7dd9d5d9474c4bbbc76ba78ae140da,deepseek-chat,1053,430,1483
4b7dd9d5d9474c4bbbc76ba78ae140da,gpt-4.1,941,28,969
4b7dd9d5d9474c4bbbc76ba78ae140da,unknown,0,0,0
4b856544b97e48c0a95dbfa262d56401,ark/deepseek-v3,467,97,564
4b856544b97e48c0a95dbfa262d56401,unknown,0,0,0
4b86af9db5bd47b0951150ea5b9af7ce,ark/deepseek-v3,2865,461,3326
4b86af9db5bd47b0951150ea5b9af7ce,unknown,0,0,0
4b8d32f2951646d798d9ff3e0bbec36e,ark/deepseek-v3,2978,5784,8762
4b8d32f2951646d798d9ff3e0bbec36e,unknown,0,0,0
4b8efaa744764e928d91568e63b1df80,ark/deepseek-v3,1251,236,1487
4b8efaa744764e928d91568e63b1df80,unknown,0,0,0
4b91818a5cae4946826f98c2fe91748e,deepseek-chat,1596,503,2099
4b91818a5cae4946826f98c2fe91748e,unknown,0,0,0
4b919d538a2747c296a6cbd4291ca0af,ark/deepseek-v3,1558,915,2473
4b919d538a2747c296a6cbd4291ca0af,deepseek-chat,60049,4295,64344
4b919d538a2747c296a6cbd4291ca0af,unknown,0,0,0
4b92e0ae2341457d8e1ab38ea5cc8654,deepseek-chat,2691,610,3301
4b92e0ae2341457d8e1ab38ea5cc8654,unknown,0,0,0
4b9c40efca82410db3b85322992a157f,deepseek-chat,836,578,1414
4b9c40efca82410db3b85322992a157f,unknown,0,0,0
4ba157ef487b403c86416820af4eab18,ark/deepseek-v3,758,104,862
4ba157ef487b403c86416820af4eab18,unknown,0,0,0
4ba8883dc2094e61b68f62b7a18a5d0c,deepseek-chat,2244,1238,3482
4ba8883dc2094e61b68f62b7a18a5d0c,unknown,0,0,0
4bb2318afa594697aa6c6e96c005ecd6,ark/deepseek-v3,701,175,876
4bb2318afa594697aa6c6e96c005ecd6,unknown,0,0,0
4bb8a7e9a5c2463f8a29e1313a88ae95,deepseek-chat,2370,778,3148
4bb8a7e9a5c2463f8a29e1313a88ae95,unknown,0,0,0
4bc44086072c448d9c1989e55f2942b7,unknown,0,0,0
4bc600d9ce314e87bdd77c3ed43c0171,ark/deepseek-v3,2978,6176,9154
4bc600d9ce314e87bdd77c3ed43c0171,unknown,0,0,0
4bc7712f259540c6a5c9eb445c493338,deepseek-chat,5,267,272
4bc7712f259540c6a5c9eb445c493338,unknown,0,0,0
4bca3bc5aad14bd28efe72da7ba36900,deepseek-chat,1176,338,1514
4bca3bc5aad14bd28efe72da7ba36900,unknown,0,0,0
4bcc74f6e443478ea254aed409a5592d,ark/deepseek-v3,1065,322,1387
4bcc74f6e443478ea254aed409a5592d,unknown,0,0,0
4bcd053e08914ed1bbc17b3d336c47c5,deepseek-chat,671,481,1152
4bcd053e08914ed1bbc17b3d336c47c5,unknown,0,0,0
4be5b7b5df4f418cb67953d110d7f317,deepseek-chat,561,207,768
4be5b7b5df4f418cb67953d110d7f317,unknown,0,0,0
4bee6865847f44bea52a064525f75c89,ark/deepseek-v3,1091,285,1376
4bee6865847f44bea52a064525f75c89,unknown,0,0,0
4bf11118b47b4f5ebf225a383a52b1ac,deepseek-chat,1711,1110,2821
4bf11118b47b4f5ebf225a383a52b1ac,unknown,0,0,0
4bf39eb4c7ec4d9b9db5cba0e7c2548b,deepseek-chat,954,507,1461
4bf39eb4c7ec4d9b9db5cba0e7c2548b,unknown,0,0,0
4bf7b7a53d944575b6eacd8cc97bf0bb,deepseek-chat,10,41,51
4bf7b7a53d944575b6eacd8cc97bf0bb,unknown,0,0,0
4bf9f0873f9243f1a37d94b10965bd29,ark/deepseek-v3,465,87,552
4bf9f0873f9243f1a37d94b10965bd29,unknown,0,0,0
4bfa5008e8144e4aa3fc73b9d7eb9e26,ark/deepseek-v3,9185,952,10137
4bfa5008e8144e4aa3fc73b9d7eb9e26,deepseek-chat,4893,154,5047
4bfa5008e8144e4aa3fc73b9d7eb9e26,unknown,0,0,0
4bfb1efa46434d12957edad479232da2,ark/deepseek-v3,1455,192,1647
4bfb1efa46434d12957edad479232da2,unknown,0,0,0
4bff92b7985045e684c7fdec3d85bac4,ark/deepseek-v3,3076,315,3391
4bff92b7985045e684c7fdec3d85bac4,unknown,0,0,0
4c0113b83b4a4f98ab68dfa7a96bcd1c,deepseek-chat,817,355,1172
4c0113b83b4a4f98ab68dfa7a96bcd1c,unknown,0,0,0
4c08646c9d754861a99d08d4aea3c1c3,ark/deepseek-v3-1,1405,938,2343
4c08646c9d754861a99d08d4aea3c1c3,unknown,0,0,0
4c08c16b78c545fbb242c4b830b50669,ark/deepseek-v3,467,95,562
4c08c16b78c545fbb242c4b830b50669,unknown,0,0,0
4c0bb403b9ea4a9f9d7cc6615263a19d,ark/deepseek-v3-1,690,239,929
4c0bb403b9ea4a9f9d7cc6615263a19d,deepseek-chat,3034,995,4029
4c0bb403b9ea4a9f9d7cc6615263a19d,unknown,0,0,0
4c0cda0b08f24294975f6bb7255e0616,ark/deepseek-v3,0,0,0
4c0cda0b08f24294975f6bb7255e0616,unknown,0,0,0
4c10d4e4e89643e7bb512cccb970850c,deepseek-chat,53,1501,1554
4c10d4e4e89643e7bb512cccb970850c,unknown,0,0,0
4c15fc6ca614479eb2005c3ae9deaf5a,ark/deepseek-v3-1,1405,960,2365
4c15fc6ca614479eb2005c3ae9deaf5a,unknown,0,0,0
4c19ba3a066a4679967b646e9f67cb69,deepseek-chat,905,697,1602
4c19ba3a066a4679967b646e9f67cb69,unknown,0,0,0
4c19c7657aca427d876839666dd9e001,ark/deepseek-v3,467,122,589
4c19c7657aca427d876839666dd9e001,unknown,0,0,0
4c1bf5ef53e940d78b469305ef98b6b9,deepseek-chat,0,0,0
4c1bf5ef53e940d78b469305ef98b6b9,unknown,0,0,0
4c21c58e5eed453dadeea9e0f72fab2b,deepseek-chat,738,315,1053
4c21c58e5eed453dadeea9e0f72fab2b,unknown,0,0,0
4c292569ed7244d6a31dece3cb19a3e6,deepseek-chat,2139,618,2757
4c292569ed7244d6a31dece3cb19a3e6,gpt-4.1,1936,392,2328
4c292569ed7244d6a31dece3cb19a3e6,unknown,0,0,0
4c2c43b6db104e198d1beb03dfd5e434,ark/deepseek-v3,465,97,562
4c2c43b6db104e198d1beb03dfd5e434,unknown,0,0,0
4c36924c2e2b4a3ab900cc509a92940c,ark/deepseek-v3,467,95,562
4c36924c2e2b4a3ab900cc509a92940c,unknown,0,0,0
4c391006b7884c658e84c8290a5674e7,unknown,0,0,0
4c3c8a48117842d7a3793cbe385905da,ark/deepseek-v3,14032,2713,16745
4c3c8a48117842d7a3793cbe385905da,unknown,0,0,0
4c3e70d26d4146bb9129983408579d0b,deepseek-chat,853,398,1251
4c3e70d26d4146bb9129983408579d0b,unknown,0,0,0
4c3ee65fe24344bfb7cbfd8498268bdb,deepseek-chat,671,343,1014
4c3ee65fe24344bfb7cbfd8498268bdb,unknown,0,0,0
4c3fd8a85aa74c38a641685ce4632a75,ark/deepseek-v3,467,117,584
4c3fd8a85aa74c38a641685ce4632a75,unknown,0,0,0
4c42140305d04008aac1a73c543cee20,deepseek-chat,671,356,1027
4c42140305d04008aac1a73c543cee20,unknown,0,0,0
4c466928c938442cb4edc8fe5be4cd7f,deepseek-chat,0,0,0
4c466928c938442cb4edc8fe5be4cd7f,unknown,0,0,0
4c46a328ded844d7863c4a1c21ccdc76,deepseek-chat,677,279,956
4c46a328ded844d7863c4a1c21ccdc76,unknown,0,0,0
4c4808bf60894861a38b09db317d4ed9,ark/deepseek-v3,467,85,552
4c4808bf60894861a38b09db317d4ed9,unknown,0,0,0
4c4acdbc1de44a0b9ee0b69648695afd,ark/deepseek-v3,467,97,564
4c4acdbc1de44a0b9ee0b69648695afd,unknown,0,0,0
4c4bb30d36604ed2a9edbaf1069a98d3,ark/deepseek-v3,2369,512,2881
4c4bb30d36604ed2a9edbaf1069a98d3,deepseek-chat,34147,1351,35498
4c4bb30d36604ed2a9edbaf1069a98d3,unknown,0,0,0
4c4c69b8486b4cbd84b8e8a5f373990a,deepseek-chat,35,129,164
4c4c69b8486b4cbd84b8e8a5f373990a,gpt-4o-mini,7051,2043,9094
4c4c69b8486b4cbd84b8e8a5f373990a,unknown,0,0,0
4c556cc40cc3438da7ad87c589276289,ark/deepseek-v3,1065,309,1374
4c556cc40cc3438da7ad87c589276289,unknown,0,0,0
4c5698086df3430facd02f3c16a8b394,ark/deepseek-v3,1089,316,1405
4c5698086df3430facd02f3c16a8b394,unknown,0,0,0
4c5dfacf20594b9f9c0f2be170db3e49,ark/deepseek-v3,2397,531,2928
4c5dfacf20594b9f9c0f2be170db3e49,unknown,0,0,0
4c614b261c2f44458aab8126e29fc672,ark/deepseek-v3,2193,1250,3443
4c614b261c2f44458aab8126e29fc672,unknown,0,0,0
4c622b3bebf64bd8adf67730008f31f4,ark/deepseek-v3,2551,950,3501
4c622b3bebf64bd8adf67730008f31f4,unknown,0,0,0
4c62ef4a43df47c498b56e906fbf2bdd,ark/deepseek-v3,2304,396,2700
4c62ef4a43df47c498b56e906fbf2bdd,unknown,0,0,0
4c67c0a600e043e2a522b0d1b619e2fe,deepseek-chat,1445,770,2215
4c67c0a600e043e2a522b0d1b619e2fe,unknown,0,0,0
4c69ce5d159f4abeb9df492c7fd59fdf,deepseek-chat,0,0,0
4c69ce5d159f4abeb9df492c7fd59fdf,unknown,0,0,0
4c6ba901553348a387a4a51c88b1d824,ark/deepseek-v3,467,87,554
4c6ba901553348a387a4a51c88b1d824,unknown,0,0,0
4c6d13d90ea3454ea9963fbd1dbb7d25,ark/deepseek-v3,701,183,884
4c6d13d90ea3454ea9963fbd1dbb7d25,unknown,0,0,0
4c7bd6d4e0d641809752b8405cf5d220,ark/deepseek-v3-1,2823,1351,4174
4c7bd6d4e0d641809752b8405cf5d220,unknown,0,0,0
4c7e5c41eeb74e0fab32565c7c8164dd,ark/deepseek-v3-1,1813,762,2575
4c7e5c41eeb74e0fab32565c7c8164dd,unknown,0,0,0
4c7fee96b07f4650bc8d5c2fd7ec856e,deepseek-chat,2793,977,3770
4c7fee96b07f4650bc8d5c2fd7ec856e,unknown,0,0,0
4c815b8539f1466795a096dd6e6cb5c6,ark/deepseek-v3,467,97,564
4c815b8539f1466795a096dd6e6cb5c6,unknown,0,0,0
4c83218683654e40a13e93258f4ef495,ark/deepseek-v3,10931,2208,13139
4c83218683654e40a13e93258f4ef495,deepseek-chat,5093,127,5220
4c83218683654e40a13e93258f4ef495,unknown,0,0,0
4c88a1afd68840c18e33b2fe25dda125,ark/deepseek-v3,467,98,565
4c88a1afd68840c18e33b2fe25dda125,unknown,0,0,0
4c8ddcebcaf541228400e526c1f3d76d,ark/deepseek-v3,701,180,881
4c8ddcebcaf541228400e526c1f3d76d,unknown,0,0,0
4c8fa70310cf4270b04d5e27401cd750,deepseek-chat,670,374,1044
4c8fa70310cf4270b04d5e27401cd750,unknown,0,0,0
4c92474919044ad4ba3d116bb775b53a,ark/deepseek-v3-1,2719,529,3248
4c92474919044ad4ba3d116bb775b53a,unknown,0,0,0
4c979ab8b60b4de39467071560a533e6,deepseek-chat,671,351,1022
4c979ab8b60b4de39467071560a533e6,unknown,0,0,0
4c997e0eeab94918ad2094eff13e01f9,ark/deepseek-v3,467,92,559
4c997e0eeab94918ad2094eff13e01f9,unknown,0,0,0
4ca6fa5fca8240aea275ab92c0b16eab,deepseek-chat,0,0,0
4ca6fa5fca8240aea275ab92c0b16eab,unknown,0,0,0
4ca96e684b8f43019852ef73213190ab,ark/deepseek-v3,2395,301,2696
4ca96e684b8f43019852ef73213190ab,unknown,0,0,0
4ca9e03cfef941a1b4a183d396b41798,deepseek-chat,1380,630,2010
4ca9e03cfef941a1b4a183d396b41798,unknown,0,0,0
4cb70711936649708930b02c8d468ef6,ark/deepseek-v3-1,1405,635,2040
4cb70711936649708930b02c8d468ef6,unknown,0,0,0
4cbe28b991ab461c99238170c2147f52,deepseek-chat,2249,872,3121
4cbe28b991ab461c99238170c2147f52,unknown,0,0,0
4cca0f4f5af74f019d66fd4579a2c3ff,deepseek-chat,13,393,406
4cca0f4f5af74f019d66fd4579a2c3ff,unknown,0,0,0
4cd23aba73a04f8a9c5ef09211fd330f,deepseek-chat,2957,1364,4321
4cd23aba73a04f8a9c5ef09211fd330f,unknown,0,0,0
4cd3923c1ee44eb1bf34dac35ce10b81,ark/deepseek-v3,2242,1154,3396
4cd3923c1ee44eb1bf34dac35ce10b81,unknown,0,0,0
4cd5db8e42f646cc8384cf3f0a1eb565,ark/deepseek-v3,0,0,0
4cd5db8e42f646cc8384cf3f0a1eb565,unknown,0,0,0
4cd75d02643c4587b336b591cad812d3,ark/deepseek-v3,467,97,564
4cd75d02643c4587b336b591cad812d3,unknown,0,0,0
4cdffc2425714ebbb094acd1f01a68de,deepseek-chat,561,207,768
4cdffc2425714ebbb094acd1f01a68de,unknown,0,0,0
4ce077656a37422c97ddf87864fe3ce9,ark/deepseek-v3,4032,776,4808
4ce077656a37422c97ddf87864fe3ce9,unknown,0,0,0
4ce3909e1c38470fbb965d28fb38b6e4,deepseek-chat,0,0,0
4ce3909e1c38470fbb965d28fb38b6e4,unknown,0,0,0
4cf0099de4d64d7fa07bc925f7b8e132,ark/deepseek-v3,467,97,564
4cf0099de4d64d7fa07bc925f7b8e132,unknown,0,0,0
4cf13074d277455ab0c29a57e5e3df77,ark/deepseek-v3,467,95,562
4cf13074d277455ab0c29a57e5e3df77,unknown,0,0,0
4cf363e95a6e48cc8780d9c7d8a190e5,ark/deepseek-v3,1726,415,2141
4cf363e95a6e48cc8780d9c7d8a190e5,unknown,0,0,0
4cf9a83f33e048a8bff14198e958d084,deepseek-chat,643,404,1047
4cf9a83f33e048a8bff14198e958d084,unknown,0,0,0
4cfe22b8d6884f9bb80234ecf83e4481,ark/deepseek-v3,2242,159,2401
4cfe22b8d6884f9bb80234ecf83e4481,deepseek-chat,4341,139,4480
4cfe22b8d6884f9bb80234ecf83e4481,unknown,0,0,0
4cffae14073341b495e37f825e1b1bc0,ark/deepseek-v3,9702,2297,11999
4cffae14073341b495e37f825e1b1bc0,unknown,0,0,0
4cffd16acefb486eb14c9828433f9e37,deepseek-chat,913,378,1291
4cffd16acefb486eb14c9828433f9e37,unknown,0,0,0
4d03659033614282a57411c35d91a44e,ark/deepseek-v3,1089,285,1374
4d03659033614282a57411c35d91a44e,unknown,0,0,0
4d076b5e64db4ed0a81f75ed22e88207,ark/deepseek-v3,1398,605,2003
4d076b5e64db4ed0a81f75ed22e88207,unknown,0,0,0
4d1813cccba94e73bd9c7aa4726f1079,ark/deepseek-v3,4062,789,4851
4d1813cccba94e73bd9c7aa4726f1079,unknown,0,0,0
4d1e6291b761475090083835576b2cec,deepseek-chat,561,207,768
4d1e6291b761475090083835576b2cec,unknown,0,0,0
4d218702cd0440d9bcf840fbe5f27eac,ark/deepseek-v3,620,308,928
4d218702cd0440d9bcf840fbe5f27eac,unknown,0,0,0
4d246115f4524055a0a561cce17b567f,ark/deepseek-v3,1455,236,1691
4d246115f4524055a0a561cce17b567f,unknown,0,0,0
4d27ffb118684e72b383a094483ab321,ark/deepseek-v3,30159,6003,36162
4d27ffb118684e72b383a094483ab321,unknown,0,0,0
4d2afc8183c44f7ea14513638ac911e5,deepseek-chat,1276,684,1960
4d2afc8183c44f7ea14513638ac911e5,unknown,0,0,0
4d2d690e5d3c46a891a7c4d56a61f845,deepseek-chat,2083,1583,3666
4d2d690e5d3c46a891a7c4d56a61f845,unknown,0,0,0
4d52577288f446d4b33cb8b79c93276f,ark/deepseek-v3,10464,1655,12119
4d52577288f446d4b33cb8b79c93276f,unknown,0,0,0
4d553e4f4b334de5bca67ed3c0884b5f,ark/deepseek-v3,1065,295,1360
4d553e4f4b334de5bca67ed3c0884b5f,unknown,0,0,0
4d5e79936f47487bab74b159efae3aac,ark/deepseek-v3,2398,459,2857
4d5e79936f47487bab74b159efae3aac,unknown,0,0,0
4d656a2eb9d54e7f9d0bec52287e7034,deepseek-chat,3617,1626,5243
4d656a2eb9d54e7f9d0bec52287e7034,gpt-4.1,4174,876,5050
4d656a2eb9d54e7f9d0bec52287e7034,unknown,0,0,0
4d6c7bfb0f634eafbfd8054d27441eaf,ark/deepseek-v3,8033,1490,9523
4d6c7bfb0f634eafbfd8054d27441eaf,unknown,0,0,0
4d6c9ad205704baa89e792a97c13f39e,unknown,0,0,0
4d6eb86ee79c43fb8f10d59b8a8bf97b,deepseek-chat,806,346,1152
4d6eb86ee79c43fb8f10d59b8a8bf97b,unknown,0,0,0
4d795cca067f458e967b9d38a59b40c4,deepseek-chat,658,334,992
4d795cca067f458e967b9d38a59b40c4,unknown,0,0,0
4d7ce06e50bc4efe820be167fbf5ccd9,ark/deepseek-v3,5522,1379,6901
4d7ce06e50bc4efe820be167fbf5ccd9,unknown,0,0,0
4d825245996f4815a7b26112d8b1eca4,ark/deepseek-v3,14007,2723,16730
4d825245996f4815a7b26112d8b1eca4,unknown,0,0,0
4d85d1d7d7594ee5b20974ac26befc83,unknown,0,0,0
4d875de60568498da5e1cb293897e09e,deepseek-chat,26469,2779,29248
4d875de60568498da5e1cb293897e09e,unknown,0,0,0
4d88e61af3254b6fb21635e5ff0b308d,ark/deepseek-v3-1,1097,484,1581
4d88e61af3254b6fb21635e5ff0b308d,unknown,0,0,0
4d9c4906dc594d9da4927c5c19c25b49,deepseek-chat,1128,741,1869
4d9c4906dc594d9da4927c5c19c25b49,unknown,0,0,0
4d9ca4bc37974f36ad70809cd3af93cb,ark/deepseek-v3,2261,1215,3476
4d9ca4bc37974f36ad70809cd3af93cb,unknown,0,0,0
4da40216f5094e4985b7e5923af90e4c,unknown,0,0,0
4da774b08b044f9c95bd824a5fd9df5d,deepseek-chat,893,301,1194
4da774b08b044f9c95bd824a5fd9df5d,unknown,0,0,0
4db57462fe9a4ee48b5e8e9759e80bc6,ark/deepseek-v3,1837,319,2156
4db57462fe9a4ee48b5e8e9759e80bc6,unknown,0,0,0
4db5e213a253408ca7e375560ff5936b,ark/deepseek-v3,701,200,901
4db5e213a253408ca7e375560ff5936b,unknown,0,0,0
4db6b70b6c964f52bec9815c5dd0428d,ark/deepseek-v3,467,96,563
4db6b70b6c964f52bec9815c5dd0428d,unknown,0,0,0
4db9443833eb4708ac010ff194dd9e68,deepseek-chat,1000,459,1459
4db9443833eb4708ac010ff194dd9e68,unknown,0,0,0
4dbf999f57154d6392562364d556bf41,ark/deepseek-v3,467,94,561
4dbf999f57154d6392562364d556bf41,unknown,0,0,0
4dc8e57dc4db46b28fbca3bd676f466f,ark/deepseek-v3,6115,1789,7904
4dc8e57dc4db46b28fbca3bd676f466f,gpt-4.1,647,27,674
4dc8e57dc4db46b28fbca3bd676f466f,unknown,0,0,0
4dcc38ee469a4a809c9a0dfefa186818,ark/deepseek-v3,901,180,1081
4dcc38ee469a4a809c9a0dfefa186818,unknown,0,0,0
4dd59b47b88c4141933047a8bdad85f4,deepseek-chat,2094,631,2725
4dd59b47b88c4141933047a8bdad85f4,unknown,0,0,0
4dde0dbc9dd74e73ba2de2d74ef99805,ark/deepseek-v3,1627,68,1695
4dde0dbc9dd74e73ba2de2d74ef99805,deepseek-chat,9243,3908,13151
4dde0dbc9dd74e73ba2de2d74ef99805,unknown,0,0,0
4ddebfda97e644d691342397e21bc82a,deepseek-chat,670,319,989
4ddebfda97e644d691342397e21bc82a,unknown,0,0,0
4de136fa6f5c4df9a8bfe0cc169ab92a,ark/deepseek-v3,1089,298,1387
4de136fa6f5c4df9a8bfe0cc169ab92a,unknown,0,0,0
4de284c2df6346739591a6475033a1cf,deepseek-chat,2142,822,2964
4de284c2df6346739591a6475033a1cf,unknown,0,0,0
4de7b2ca1b004be5ac061fb6459d231c,ark/deepseek-v3,1881,1074,2955
4de7b2ca1b004be5ac061fb6459d231c,unknown,0,0,0
4e00e4dc104e40c4b5bda7717261f32a,ark/deepseek-v3,1455,170,1625
4e00e4dc104e40c4b5bda7717261f32a,unknown,0,0,0
4e037283a2e1489eba59b828b116b9dc,deepseek-chat,3258,1358,4616
4e037283a2e1489eba59b828b116b9dc,gpt-4.1,3372,920,4292
4e037283a2e1489eba59b828b116b9dc,unknown,0,0,0
4e0a8ee02b1a49b5a4f5626ee8d3322e,deepseek-chat,561,207,768
4e0a8ee02b1a49b5a4f5626ee8d3322e,unknown,0,0,0
4e16101932a34945b052f90200b9300f,deepseek-chat,2119,473,2592
4e16101932a34945b052f90200b9300f,unknown,0,0,0
4e16c503d6cd46f0bb709c972f621c76,ark/deepseek-v3,0,0,0
4e16c503d6cd46f0bb709c972f621c76,unknown,0,0,0
4e16c57705864ac2a599f36ae0ab8f0a,ark/deepseek-v3,467,97,564
4e16c57705864ac2a599f36ae0ab8f0a,unknown,0,0,0
4e1c05abb6704186a71c3c657e9c6f9d,unknown,0,0,0
4e234d1aca984ea8a047826a14bc46c4,deepseek-chat,1449,573,2022
4e234d1aca984ea8a047826a14bc46c4,unknown,0,0,0
4e28c014198e452f9100f2436e3620d0,deepseek-chat,3485,1128,4613
4e28c014198e452f9100f2436e3620d0,gpt-4.1,4127,926,5053
4e28c014198e452f9100f2436e3620d0,unknown,0,0,0
4e2c7890e2384d95956ce00b1bc6375d,ark/deepseek-v3,1060,444,1504
4e2c7890e2384d95956ce00b1bc6375d,unknown,0,0,0
4e30971d61c4468bae4bf7522e48b53d,gpt-4o-mini,10135,3028,13163
4e30971d61c4468bae4bf7522e48b53d,unknown,0,0,0
4e354b0311b748d0afc095b7d551592d,deepseek-chat,456,76,532
4e354b0311b748d0afc095b7d551592d,unknown,0,0,0
4e3c46bf278e4ba0a713b05d5fc9d6d9,ark/deepseek-v3,467,96,563
4e3c46bf278e4ba0a713b05d5fc9d6d9,unknown,0,0,0
4e3fc094769d471284fb67b927086741,ark/deepseek-v3,2357,508,2865
4e3fc094769d471284fb67b927086741,unknown,0,0,0
4e46bd5f55f248e088df87ee9666fe4d,deepseek-chat,849,403,1252
4e46bd5f55f248e088df87ee9666fe4d,unknown,0,0,0
4e4751620bfc4d63813dc3821fd8f35d,ark/deepseek-v3,2404,1305,3709
4e4751620bfc4d63813dc3821fd8f35d,unknown,0,0,0
4e47737e4b2b460a8b954157975e53a7,ark/deepseek-v3,1455,204,1659
4e47737e4b2b460a8b954157975e53a7,unknown,0,0,0
4e530c0546f849149c93abcc2b90625d,ark/deepseek-v3,2034,1241,3275
4e530c0546f849149c93abcc2b90625d,unknown,0,0,0
4e5676b5733648e6b267a0de645260f5,ark/deepseek-v3,2304,301,2605
4e5676b5733648e6b267a0de645260f5,unknown,0,0,0
4e5a53c744d1431288a5ab18ee95df4b,ark/deepseek-v3,0,0,0
4e5a53c744d1431288a5ab18ee95df4b,unknown,0,0,0
4e61440ecedb4f9fa30b6e9a46e07a75,ark/deepseek-v3,1455,209,1664
4e61440ecedb4f9fa30b6e9a46e07a75,unknown,0,0,0
4e63833415b349d39a9705b43c3ca444,ark/deepseek-v3-1,2385,890,3275
4e63833415b349d39a9705b43c3ca444,unknown,0,0,0
4e6b4e6dd96e4550b2523652dec8e655,ark/deepseek-v3,1152,551,1703
4e6b4e6dd96e4550b2523652dec8e655,unknown,0,0,0
4e6dbe82257047d3b887f5dd36245f83,ark/deepseek-v3,4743,1688,6431
4e6dbe82257047d3b887f5dd36245f83,unknown,0,0,0
4e6eb859641b40a5b867c1df1480f786,ark/deepseek-v3,594,163,757
4e6eb859641b40a5b867c1df1480f786,unknown,0,0,0
4e707b95cf3840d48c26f9ac8de681ff,ark/deepseek-v3,1937,407,2344
4e707b95cf3840d48c26f9ac8de681ff,unknown,0,0,0
4e7a98c56d5d47dfad1136b48461bb99,ark/deepseek-v3,8641,1759,10400
4e7a98c56d5d47dfad1136b48461bb99,unknown,0,0,0
4e83af34a2a34d36b901fd1f5edcee2e,deepseek-chat,2243,882,3125
4e83af34a2a34d36b901fd1f5edcee2e,unknown,0,0,0
4e8fb6b4ee2a44e8a9da86bcd866770a,ark/deepseek-v3,467,95,562
4e8fb6b4ee2a44e8a9da86bcd866770a,unknown,0,0,0
4e923bc559c64173ac376c15bc492558,deepseek-chat,1041,397,1438
4e923bc559c64173ac376c15bc492558,gpt-4.1,940,27,967
4e923bc559c64173ac376c15bc492558,unknown,0,0,0
4e935c0e50434a24bdd44e3ac99d6679,ark/deepseek-v3,7065,1878,8943
4e935c0e50434a24bdd44e3ac99d6679,gpt-4.1,640,21,661
4e935c0e50434a24bdd44e3ac99d6679,unknown,0,0,0
4e949e7b8aa64fd889ce41a50106145d,deepseek-chat,671,368,1039
4e949e7b8aa64fd889ce41a50106145d,unknown,0,0,0
4e9beb11019a4048a5e990395e8bf160,ark/deepseek-v3,3996,724,4720
4e9beb11019a4048a5e990395e8bf160,unknown,0,0,0
4e9c09b018294e81b6a7c8fbfb10cc39,deepseek-chat,910,222,1132
4e9c09b018294e81b6a7c8fbfb10cc39,unknown,0,0,0
4e9ec6ad3a4647a4969070ef541bdd26,ark/deepseek-v3,1426,919,2345
4e9ec6ad3a4647a4969070ef541bdd26,unknown,0,0,0
4ea90808018a4ecf9f66bd683b997d43,deepseek-chat,2258,690,2948
4ea90808018a4ecf9f66bd683b997d43,unknown,0,0,0
4ea9357112934552b7daf3ef89bafe85,deepseek-chat,1452,1114,2566
4ea9357112934552b7daf3ef89bafe85,unknown,0,0,0
4eae3cbefbf542e0a13d83b59c7afca3,deepseek-chat,671,362,1033
4eae3cbefbf542e0a13d83b59c7afca3,unknown,0,0,0
4ebec405d8e14f27b23364ec5694a8a7,ark/deepseek-v3,467,100,567
4ebec405d8e14f27b23364ec5694a8a7,unknown,0,0,0
4ec08ddb06ba4c6fa6fa4f2167d6b3bf,ark/deepseek-v3-1,2533,392,2925
4ec08ddb06ba4c6fa6fa4f2167d6b3bf,unknown,0,0,0
4ec3a8cdd8684f189d7d778f05dfb9d8,deepseek-chat,962,536,1498
4ec3a8cdd8684f189d7d778f05dfb9d8,unknown,0,0,0
4ec88c95a4274823b2fc759001daab40,ark/deepseek-v3,0,0,0
4ec88c95a4274823b2fc759001daab40,unknown,0,0,0
4ec8fd2089464158b1cd695209d5685d,deepseek-chat,600,285,885
4ec8fd2089464158b1cd695209d5685d,unknown,0,0,0
4eca00f71bc94b1a806912622207e0af,ark/deepseek-v3,0,0,0
4eca00f71bc94b1a806912622207e0af,unknown,0,0,0
4ecaa36f980d4a08bbbd3fe71e523674,deepseek-chat,1445,737,2182
4ecaa36f980d4a08bbbd3fe71e523674,unknown,0,0,0
4ed09c90854e49568f74d0c611516ac1,deepseek-chat,509,227,736
4ed09c90854e49568f74d0c611516ac1,unknown,0,0,0
4ed6e98d58464849ba7bbed1640714db,ark/deepseek-v3,14032,2432,16464
4ed6e98d58464849ba7bbed1640714db,unknown,0,0,0
4edf7ac9becf48c9a027f34286c338f0,deepseek-chat,761,303,1064
4edf7ac9becf48c9a027f34286c338f0,unknown,0,0,0
4ee1c21279b44db685e176aaeb9d6c94,ark/deepseek-v3,697,73,770
4ee1c21279b44db685e176aaeb9d6c94,unknown,0,0,0
4eea0ab1de9446f5af58b62a8ec8eaa6,ark/deepseek-v3,1455,212,1667
4eea0ab1de9446f5af58b62a8ec8eaa6,unknown,0,0,0
4ef11e6a669d42a9960242e92684e7da,deepseek-chat,3684,1341,5025
4ef11e6a669d42a9960242e92684e7da,gpt-4.1,4798,982,5780
4ef11e6a669d42a9960242e92684e7da,unknown,0,0,0
4ef6e83274954fa0ada9664f37d4639f,deepseek-chat,2256,974,3230
4ef6e83274954fa0ada9664f37d4639f,unknown,0,0,0
4efd66a9783f4a8ca42cbe745db8448e,unknown,0,0,0
4f0065aae0254bfbaf14ad2cf65b59b5,ark/kimi-k2,1690,708,2398
4f0065aae0254bfbaf14ad2cf65b59b5,gpt-4.1,1215,27,1242
4f0065aae0254bfbaf14ad2cf65b59b5,unknown,0,0,0
4f0ab168648943b5b384b2bb5fece2e9,deepseek-chat,1437,607,2044
4f0ab168648943b5b384b2bb5fece2e9,unknown,0,0,0
4f0ddbf20eb84afa9ea16d73b0675f28,ark/deepseek-v3,701,182,883
4f0ddbf20eb84afa9ea16d73b0675f28,unknown,0,0,0
4f0f31054f32409586371b6fd07e87c8,unknown,0,0,0
4f1b8b4965074a44a9e134fd2954178b,deepseek-chat,1161,740,1901
4f1b8b4965074a44a9e134fd2954178b,unknown,0,0,0
4f1edc8f37b34d8f965df82836efe7a8,ark/deepseek-v3,1847,743,2590
4f1edc8f37b34d8f965df82836efe7a8,unknown,0,0,0
4f220a0a817a4fda94499b5bc40b19d3,unknown,0,0,0
4f28c1b34e4249d6a0830a4c17bb8d54,ark/deepseek-v3,2256,1321,3577
4f28c1b34e4249d6a0830a4c17bb8d54,unknown,0,0,0
4f2ecc858a904fe897ea7d04d307458c,ark/deepseek-v3,0,0,0
4f2ecc858a904fe897ea7d04d307458c,unknown,0,0,0
4f3176dee25d43d8bd0859c2e157663b,deepseek-chat,1054,509,1563
4f3176dee25d43d8bd0859c2e157663b,gpt-4.1,940,27,967
4f3176dee25d43d8bd0859c2e157663b,unknown,0,0,0
4f34409c36b84b67aa4af6f50ebb6e47,deepseek-chat,3450,1438,4888
4f34409c36b84b67aa4af6f50ebb6e47,gpt-4.1,4116,812,4928
4f34409c36b84b67aa4af6f50ebb6e47,unknown,0,0,0
4f380fc728be47b09461503153cad1cf,ark/deepseek-v3,1908,1080,2988
4f380fc728be47b09461503153cad1cf,unknown,0,0,0
4f38c3f2f4d5412aa08d50b3690e8aed,ark/deepseek-v3,5950,760,6710
4f38c3f2f4d5412aa08d50b3690e8aed,unknown,0,0,0
4f43822038d24957ad99c633bafbcf51,deepseek-chat,2288,950,3238
4f43822038d24957ad99c633bafbcf51,unknown,0,0,0
4f47ca9056f74d3a99327a500eaf0544,ark/deepseek-v3,701,176,877
4f47ca9056f74d3a99327a500eaf0544,unknown,0,0,0
4f4a0e15d1e5484b859830aa0146ea33,ark/deepseek-v3,6551,1507,8058
4f4a0e15d1e5484b859830aa0146ea33,unknown,0,0,0
4f4e4b0905b145e298e4123f7c85948f,ark/deepseek-v3,7143,1135,8278
4f4e4b0905b145e298e4123f7c85948f,unknown,0,0,0
4f61ae804d444df3b1a049613119331c,deepseek-chat,383,53,436
4f61ae804d444df3b1a049613119331c,gpt-4.1,1417,301,1718
4f61ae804d444df3b1a049613119331c,unknown,0,0,0
4f6574e6613a402fa61dd182f5508b8c,deepseek-chat,670,343,1013
4f6574e6613a402fa61dd182f5508b8c,unknown,0,0,0
4f6921292f2c43db8944bf713fbc8973,ark/deepseek-v3,2318,1340,3658
4f6921292f2c43db8944bf713fbc8973,unknown,0,0,0
4f6c5a2879ad439dabcd9fddb0c248f7,ark/kimi-k2,653,412,1065
4f6c5a2879ad439dabcd9fddb0c248f7,unknown,0,0,0
4f6df873fd3543dc944020f2815d57f8,deepseek-chat,0,0,0
4f6df873fd3543dc944020f2815d57f8,unknown,0,0,0
4f6f6bc6e8244221a658e28720c784a7,ark/deepseek-v3,701,180,881
4f6f6bc6e8244221a658e28720c784a7,unknown,0,0,0
4f7ed6e0b3e54bceb853eec5bfbb8ee1,deepseek-chat,670,360,1030
4f7ed6e0b3e54bceb853eec5bfbb8ee1,unknown,0,0,0
4f8c900deed14c84996ed1fc76fbe84c,ark/deepseek-v3,1837,330,2167
4f8c900deed14c84996ed1fc76fbe84c,unknown,0,0,0
4f9240e2be2a480cb716620f8171e0fe,deepseek-chat,1385,992,2377
4f9240e2be2a480cb716620f8171e0fe,unknown,0,0,0
4f94721c21444794bd4075435a04faf5,ark/deepseek-v3,701,176,877
4f94721c21444794bd4075435a04faf5,unknown,0,0,0
4f9b03dce95e492f95ce4b8ff0dd0ae6,deepseek-chat,153,325,478
4f9b03dce95e492f95ce4b8ff0dd0ae6,unknown,0,0,0
4faff487a4e04f78b496177644786f6f,ark/deepseek-v3,1438,889,2327
4faff487a4e04f78b496177644786f6f,unknown,0,0,0
4fb5a1a7cb704a43b426b08ebba5f367,ark/deepseek-v3,701,200,901
4fb5a1a7cb704a43b426b08ebba5f367,unknown,0,0,0
4fb6e6308bec4c9faea5437a57e867a6,ark/deepseek-v3-1,1329,1169,2498
4fb6e6308bec4c9faea5437a57e867a6,unknown,0,0,0
4fbbacd9856b4921a7824f2727e27617,deepseek-chat,759,503,1262
4fbbacd9856b4921a7824f2727e27617,unknown,0,0,0
4fbe6d8af9a24310b4d5b17de1bcd212,unknown,0,0,0
4fd0265a34734f2fb822133f47019616,deepseek-chat,670,344,1014
4fd0265a34734f2fb822133f47019616,unknown,0,0,0
4fd2f9081a34433bbfdb6b72f2ab8588,deepseek-chat,862,310,1172
4fd2f9081a34433bbfdb6b72f2ab8588,unknown,0,0,0
4fd442f141c7452b920290f09b519863,ark/deepseek-v3,1455,210,1665
4fd442f141c7452b920290f09b519863,unknown,0,0,0
4fd44c871f7946a0b2b6c577c6a24629,ark/deepseek-v3,701,185,886
4fd44c871f7946a0b2b6c577c6a24629,unknown,0,0,0
4fd45a211354489bab87cc32a4eb760c,deepseek-chat,4767,1528,6295
4fd45a211354489bab87cc32a4eb760c,gpt-4.1,2848,1226,4074
4fd45a211354489bab87cc32a4eb760c,unknown,0,0,0
4fd6c2271d8a4428865584b0fc81f144,ark/deepseek-v3,3291,27248,30539
4fd6c2271d8a4428865584b0fc81f144,deepseek-chat,1973477,48711,2022188
4fd6c2271d8a4428865584b0fc81f144,unknown,0,0,0
4fdcee997da147f59c0341183790a471,deepseek-chat,3411,1313,4724
4fdcee997da147f59c0341183790a471,unknown,0,0,0
4fde958359694935999ef75441673346,deepseek-chat,670,324,994
4fde958359694935999ef75441673346,unknown,0,0,0
4fe2c6072abc47a382008548b4a29b67,deepseek-chat,6072,1792,7864
4fe2c6072abc47a382008548b4a29b67,unknown,0,0,0
4fe43b6f1a8f459aa8c6026ae6e2f0cb,deepseek-chat,671,409,1080
4fe43b6f1a8f459aa8c6026ae6e2f0cb,unknown,0,0,0
4fe985a17a8d4945bf762fac1dbb16c4,ark/deepseek-v3,1455,206,1661
4fe985a17a8d4945bf762fac1dbb16c4,unknown,0,0,0
4feab092bf344266b6919d7b081ad931,deepseek-chat,0,0,0
4feab092bf344266b6919d7b081ad931,unknown,0,0,0
4feb5c3b148a4f8fbee6dc16ce392e57,deepseek-chat,1331,228,1559
4feb5c3b148a4f8fbee6dc16ce392e57,unknown,0,0,0
4fecd48e759c45caba8ebd38f779e4b5,deepseek-chat,2702,1187,3889
4fecd48e759c45caba8ebd38f779e4b5,unknown,0,0,0
4fef6e9f96984629ab11af39c8e474a2,deepseek-chat,12949,3104,16053
4fef6e9f96984629ab11af39c8e474a2,unknown,0,0,0
4ff82d5def2244269bbf151155cf56ed,ark/deepseek-v3,4178,2330,6508
4ff82d5def2244269bbf151155cf56ed,unknown,0,0,0
4fff2872dd0440539536f8c993c9ca62,ark/deepseek-v3,695,85,780
4fff2872dd0440539536f8c993c9ca62,unknown,0,0,0
50059534ca0f4bc98fd136aeb5b21f87,ark/deepseek-v3,1455,906,2361
50059534ca0f4bc98fd136aeb5b21f87,unknown,0,0,0
50069eb841d84a04be16942eac5a10ac,ark/deepseek-v3,6726,740,7466
50069eb841d84a04be16942eac5a10ac,unknown,0,0,0
500bf6031bbb454aa6dc10323479a7e9,ark/deepseek-v3,467,95,562
500bf6031bbb454aa6dc10323479a7e9,unknown,0,0,0
5010e8ed9f4b4fd2b84615da795779c4,deepseek-chat,3138,1095,4233
5010e8ed9f4b4fd2b84615da795779c4,gpt-4.1,3302,796,4098
5010e8ed9f4b4fd2b84615da795779c4,unknown,0,0,0
5015aa9fbe02454f8f2c68d819939ffc,ark/deepseek-v3,933,187,1120
5015aa9fbe02454f8f2c68d819939ffc,unknown,0,0,0
501831760f0844e59aac5bc5ed7836bb,ark/deepseek-v3,0,0,0
501831760f0844e59aac5bc5ed7836bb,unknown,0,0,0
50288f159bfa4d848526278d6c9b557e,deepseek-chat,853,298,1151
50288f159bfa4d848526278d6c9b557e,unknown,0,0,0
502954bd9b5541e5a49a98405614c544,ark/deepseek-v3,1251,210,1461
502954bd9b5541e5a49a98405614c544,unknown,0,0,0
502a479d780a44d2a5b6e52f9addc99f,ark/deepseek-v3,1158,497,1655
502a479d780a44d2a5b6e52f9addc99f,unknown,0,0,0
502b575de12b4099a2560d842e6dbc66,ark/deepseek-v3-1,1405,878,2283
502b575de12b4099a2560d842e6dbc66,unknown,0,0,0
502d4d828b5b49e7b72fcd255c37667c,ark/deepseek-v3-1,1405,782,2187
502d4d828b5b49e7b72fcd255c37667c,unknown,0,0,0
502f0a8c711d424bb977f0733ee45790,ark/deepseek-v3,4810,1031,5841
502f0a8c711d424bb977f0733ee45790,unknown,0,0,0
5036e58524dc42daaa2425cfe4f9bdc0,ark/deepseek-v3,1656,282,1938
5036e58524dc42daaa2425cfe4f9bdc0,unknown,0,0,0
50398fd187524cc7bfefaacf85063969,ark/deepseek-v3,13169,3055,16224
50398fd187524cc7bfefaacf85063969,unknown,0,0,0
503b5d4b90594262b8ccd8eef622d9df,deepseek-chat,2759,999,3758
503b5d4b90594262b8ccd8eef622d9df,gpt-4.1,2215,364,2579
503b5d4b90594262b8ccd8eef622d9df,unknown,0,0,0
504027d63dab4d57a4c6a73efbe3a239,ark/deepseek-v3,467,134,601
504027d63dab4d57a4c6a73efbe3a239,unknown,0,0,0
50442f14e4fe4d9797c85dfeb866aee9,deepseek-chat,1335,548,1883
50442f14e4fe4d9797c85dfeb866aee9,unknown,0,0,0
504509a9d14646aa8f1a96c7baeffd44,ark/deepseek-v3,467,91,558
504509a9d14646aa8f1a96c7baeffd44,unknown,0,0,0
504ca1b7a2a9404ca697936174538c96,deepseek-chat,2270,738,3008
504ca1b7a2a9404ca697936174538c96,unknown,0,0,0
5052b82b205e4d20a8d1ef042c0bfd9a,deepseek-chat,2737,1109,3846
5052b82b205e4d20a8d1ef042c0bfd9a,unknown,0,0,0
505402e2582540358fe517309f59965c,ark/deepseek-v3,4223,1072,5295
505402e2582540358fe517309f59965c,unknown,0,0,0
5054269fc8f34a71a41c4c3630b2f8ef,deepseek-chat,670,276,946
5054269fc8f34a71a41c4c3630b2f8ef,unknown,0,0,0
50592076664a4351b6ca468de0d72ad3,ark/deepseek-v3,3481,1333,4814
50592076664a4351b6ca468de0d72ad3,unknown,0,0,0
505a4de451fa425388a9b1f0ef8a2145,ark/deepseek-v3,1088,297,1385
505a4de451fa425388a9b1f0ef8a2145,unknown,0,0,0
505b1827e69442f99bc8f2a642e93401,deepseek-chat,2111,659,2770
505b1827e69442f99bc8f2a642e93401,unknown,0,0,0
5060479eee0c4e4e84ea46378808c197,ark/deepseek-v3,1837,356,2193
5060479eee0c4e4e84ea46378808c197,unknown,0,0,0
5066d5e3ed5549ca992214b9b0a05411,ark/deepseek-v3,1759,1000,2759
5066d5e3ed5549ca992214b9b0a05411,unknown,0,0,0
506df712f74841c780cdaadc1421661a,ark/deepseek-v3-1,1405,784,2189
506df712f74841c780cdaadc1421661a,unknown,0,0,0
50737922920d470a9ba225dce15ea8ac,deepseek-chat,0,0,0
50737922920d470a9ba225dce15ea8ac,unknown,0,0,0
5078dff8e9ba4485a22cb931a9e31ea4,unknown,0,0,0
507c33cceb7243d0905590f52d3ddda2,ark/deepseek-v3,1266,609,1875
507c33cceb7243d0905590f52d3ddda2,ark/deepseek-v3-1,0,0,0
507c33cceb7243d0905590f52d3ddda2,unknown,0,0,0
5084940122f24e4886abefea44ce04f5,deepseek-chat,1640,938,2578
5084940122f24e4886abefea44ce04f5,unknown,0,0,0
50987a2c7c3e453aba9646b5a0d74493,ark/deepseek-v3,701,183,884
50987a2c7c3e453aba9646b5a0d74493,unknown,0,0,0
509a2f343ba041e9bb5898513c0c4f6b,ark/deepseek-v3,3312,814,4126
509a2f343ba041e9bb5898513c0c4f6b,unknown,0,0,0
509af6f6cf65425eb28b5c733e1e023f,ark/deepseek-v3,1075,360,1435
509af6f6cf65425eb28b5c733e1e023f,unknown,0,0,0
50a063c4e9fc4d35ab8e2a8c85ac05a1,ark/deepseek-v3,467,102,569
50a063c4e9fc4d35ab8e2a8c85ac05a1,unknown,0,0,0
50a1076e44e24b1fae5bd78cc8edecdf,ark/deepseek-v3,4444,540,4984
50a1076e44e24b1fae5bd78cc8edecdf,unknown,0,0,0
50a4387f070a4b6fbc2d8ec5deb33acc,ark/deepseek-v3,1185,548,1733
50a4387f070a4b6fbc2d8ec5deb33acc,unknown,0,0,0
50c4d538acbc42289ba3aa51a9727f99,ark/deepseek-v3-1,1064,121,1185
50c4d538acbc42289ba3aa51a9727f99,unknown,0,0,0
50d9143460ab4c1fb5b3f5063cb52d62,ark/deepseek-v3,0,0,0
50d9143460ab4c1fb5b3f5063cb52d62,unknown,0,0,0
50df97bdeb1a4891883a9962ad595c11,ark/deepseek-v3,9697,2722,12419
50df97bdeb1a4891883a9962ad595c11,deepseek-chat,5369,180,5549
50df97bdeb1a4891883a9962ad595c11,unknown,0,0,0
50e69394d67e4bdba16e88c181d8cc50,ark/deepseek-v3,0,0,0
50e69394d67e4bdba16e88c181d8cc50,unknown,0,0,0
50ec0d64523740fd8a144eed93dd1cf8,ark/deepseek-v3,701,175,876
50ec0d64523740fd8a144eed93dd1cf8,unknown,0,0,0
50ec81af3c64459fa71cded0da007682,unknown,0,0,0
50f54eba3a294cf3b42613d77456d54e,ark/deepseek-v3,0,0,0
50f54eba3a294cf3b42613d77456d54e,unknown,0,0,0
50f71e2b9e0948f6a5b5e6c5e105dd77,deepseek-chat,0,0,0
50f71e2b9e0948f6a5b5e6c5e105dd77,unknown,0,0,0
50ff3aadeed146509913d77831e429fe,ark/deepseek-v3,1562,624,2186
50ff3aadeed146509913d77831e429fe,unknown,0,0,0
51031da10782404fa26d61650d190838,deepseek-chat,705,288,993
51031da10782404fa26d61650d190838,unknown,0,0,0
5103683298cb416fa674fffaa9c03771,unknown,0,0,0
5105759ab66c40cb9337180eb5b9cc73,deepseek-chat,561,206,767
5105759ab66c40cb9337180eb5b9cc73,unknown,0,0,0
5109c1975e664ee1813c424e51caf857,deepseek-chat,1370,414,1784
5109c1975e664ee1813c424e51caf857,unknown,0,0,0
510afdc7e80143f680c2f798e45bd30b,ark/kimi-k2,1069,28,1097
510afdc7e80143f680c2f798e45bd30b,unknown,0,0,0
510e8b6914a64b84b78a1952dd87ab4f,deepseek-chat,2637,1308,3945
510e8b6914a64b84b78a1952dd87ab4f,unknown,0,0,0
5114f283fb494a838979ec9cbb5434ca,ark/deepseek-v3,0,0,0
5114f283fb494a838979ec9cbb5434ca,unknown,0,0,0
51151a48f2714757aae351fbb40b5d77,deepseek-chat,1396,599,1995
51151a48f2714757aae351fbb40b5d77,unknown,0,0,0
5120892fcf4e45e9bc0bf47710f40513,deepseek-chat,0,0,0
5120892fcf4e45e9bc0bf47710f40513,unknown,0,0,0
5121b6a9d9ac4a82b2cfe6feb3e25b04,deepseek-chat,581,173,754
5121b6a9d9ac4a82b2cfe6feb3e25b04,unknown,0,0,0
512660d77888493fabf85f8bf4cc9183,deepseek-chat,561,206,767
512660d77888493fabf85f8bf4cc9183,unknown,0,0,0
512718f53a2e4c12b2468c12b77ce695,ark/deepseek-v3,2948,1433,4381
512718f53a2e4c12b2468c12b77ce695,unknown,0,0,0
512cbe8cc17e43d4b1dc1b724fb7f007,ark/deepseek-v3,24582,4935,29517
512cbe8cc17e43d4b1dc1b724fb7f007,unknown,0,0,0
513375375da3483e92a67c753fb2b327,deepseek-chat,2227,986,3213
513375375da3483e92a67c753fb2b327,unknown,0,0,0
51379807ef8444109737679f5e1f2c71,ark/deepseek-v3-1,986,458,1444
51379807ef8444109737679f5e1f2c71,unknown,0,0,0
513d859dcf0d4907a39ef31213ccc194,ark/deepseek-v3,6616,709,7325
513d859dcf0d4907a39ef31213ccc194,unknown,0,0,0
5147a239ec5d41bb91036fdb1259bc3a,ark/deepseek-v3,1455,195,1650
5147a239ec5d41bb91036fdb1259bc3a,unknown,0,0,0
5147fa9e0be448f79530738cb9704349,deepseek-chat,3038,1683,4721
5147fa9e0be448f79530738cb9704349,unknown,0,0,0
514d871f7244425897f4168d211c96a8,deepseek-chat,5,155,160
514d871f7244425897f4168d211c96a8,unknown,0,0,0
514f88df226d4c96bf36953e55953817,ark/deepseek-v3,467,94,561
514f88df226d4c96bf36953e55953817,unknown,0,0,0
5152d266180146f9954d2652ca4304e6,deepseek-chat,294,53,347
5152d266180146f9954d2652ca4304e6,unknown,0,0,0
51612d0539ff45ffa7ac293e7f9acbf4,ark/deepseek-v3,467,98,565
51612d0539ff45ffa7ac293e7f9acbf4,unknown,0,0,0
516842813d344a68a8dc8b9155421be3,unknown,0,0,0
516f98a4640743b68dcd670e4e38b7cc,ark/deepseek-v3,1242,573,1815
516f98a4640743b68dcd670e4e38b7cc,unknown,0,0,0
5170bacb74a04c5a9234cb75b77b419e,ark/deepseek-v3,2983,616,3599
5170bacb74a04c5a9234cb75b77b419e,unknown,0,0,0
5170d6e211bf44ff903bd5fe266aedba,deepseek-chat,1465,710,2175
5170d6e211bf44ff903bd5fe266aedba,unknown,0,0,0
5178f5ff03de4db6b4c362b10210da39,ark/deepseek-v3,467,127,594
5178f5ff03de4db6b4c362b10210da39,unknown,0,0,0
517a4e671d814d5cb6bb2ebbb7d0a0c9,deepseek-chat,0,0,0
517a4e671d814d5cb6bb2ebbb7d0a0c9,unknown,0,0,0
5180e811399b469aaa8b0dfead87f091,deepseek-chat,658,339,997
5180e811399b469aaa8b0dfead87f091,unknown,0,0,0
5185aae479b94ef8afafd5856fc04786,ark/deepseek-v3,2399,431,2830
5185aae479b94ef8afafd5856fc04786,unknown,0,0,0
51880516cead4a45ba0a80ed102b51d4,ark/deepseek-v3,701,176,877
51880516cead4a45ba0a80ed102b51d4,unknown,0,0,0
5189d2adfd2c421980c7974a15ae969c,ark/deepseek-v3,695,77,772
5189d2adfd2c421980c7974a15ae969c,unknown,0,0,0
518a6ca8cd044e448237d445a14dcfbd,deepseek-chat,1029,401,1430
518a6ca8cd044e448237d445a14dcfbd,gpt-4.1,940,27,967
518a6ca8cd044e448237d445a14dcfbd,unknown,0,0,0
518bc7082a744aa4a8947767541ef6b8,ark/deepseek-v3,467,96,563
518bc7082a744aa4a8947767541ef6b8,unknown,0,0,0
518d319e51354fbb95c0600a16f0d849,ark/deepseek-v3,7458,726,8184
518d319e51354fbb95c0600a16f0d849,unknown,0,0,0
5191de22ec2e4cfe9859688e573f8420,ark/deepseek-v3,467,96,563
5191de22ec2e4cfe9859688e573f8420,unknown,0,0,0
51920c02d8bb4141a4668615cc5aefef,ark/deepseek-v3,467,105,572
51920c02d8bb4141a4668615cc5aefef,unknown,0,0,0
5198b863f4a44f8ca2439d99e65fbf6c,ark/deepseek-v3,701,175,876
5198b863f4a44f8ca2439d99e65fbf6c,unknown,0,0,0
519a0992c63c435f8c7eb096f9591585,ark/deepseek-v3,2017,1112,3129
519a0992c63c435f8c7eb096f9591585,unknown,0,0,0
51a10051c16340c7a5b2f3085ad2f5ed,ark/deepseek-v3-1,4690,1734,6424
51a10051c16340c7a5b2f3085ad2f5ed,unknown,0,0,0
51a361571d97415e9ff485ac0cf0f59d,ark/deepseek-v3,701,181,882
51a361571d97415e9ff485ac0cf0f59d,unknown,0,0,0
51a89ed19e54415baa91743d15d67276,ark/deepseek-v3,4364,2201,6565
51a89ed19e54415baa91743d15d67276,unknown,0,0,0
51b1c753122f46b28c39f601ac64f828,deepseek-chat,5768,2545,8313
51b1c753122f46b28c39f601ac64f828,unknown,0,0,0
51b691e3f14b4e2db66edb18234166c6,deepseek-chat,3483,1360,4843
51b691e3f14b4e2db66edb18234166c6,gpt-4.1,3451,1019,4470
51b691e3f14b4e2db66edb18234166c6,unknown,0,0,0
51c1fe76c7d046cb94955eede03f83d8,ark/deepseek-v3,309,496,805
51c1fe76c7d046cb94955eede03f83d8,unknown,0,0,0
51ca2b3cc9d64714ba8e404d23945629,ark/kimi-k2,1069,754,1823
51ca2b3cc9d64714ba8e404d23945629,unknown,0,0,0
51cf7ec8cc44471eac7dd1ee7f24f57d,deepseek-chat,1491,497,1988
51cf7ec8cc44471eac7dd1ee7f24f57d,unknown,0,0,0
51d282f75a58483ab03ba833d66cbdca,ark/deepseek-v3,467,97,564
51d282f75a58483ab03ba833d66cbdca,unknown,0,0,0
51d8da79e6f24c4b91bd69f959905f38,ark/deepseek-v3,2273,1068,3341
51d8da79e6f24c4b91bd69f959905f38,unknown,0,0,0
51dad4d3d2b94250ae7765a24f264289,deepseek-chat,670,321,991
51dad4d3d2b94250ae7765a24f264289,unknown,0,0,0
51e2b8164bb34160a9ac969a3e7c8bf2,ark/deepseek-v3,6080,1644,7724
51e2b8164bb34160a9ac969a3e7c8bf2,gpt-4.1,1274,61,1335
51e2b8164bb34160a9ac969a3e7c8bf2,unknown,0,0,0
51e61aa2ece840c4add597a9cb344318,ark/deepseek-v3,5912,1246,7158
51e61aa2ece840c4add597a9cb344318,unknown,0,0,0
51f1d8483e70455cb8bc8efcd3afc112,deepseek-chat,2073,926,2999
51f1d8483e70455cb8bc8efcd3afc112,unknown,0,0,0
51f9261fd9d544df89824ad2e22bef0a,deepseek-chat,690,237,927
51f9261fd9d544df89824ad2e22bef0a,unknown,0,0,0
52011aed792f448bace3c16a5691a6d6,ark/deepseek-v3,1855,952,2807
52011aed792f448bace3c16a5691a6d6,unknown,0,0,0
5203afa9a66d403094b9e7ba681823e9,unknown,0,0,0
520472bcaba3403fb24d9d7599545036,ark/deepseek-v3,2305,973,3278
520472bcaba3403fb24d9d7599545036,unknown,0,0,0
5211182d37ec421b93d8cc5edcf0f9cc,ark/deepseek-v3,1937,497,2434
5211182d37ec421b93d8cc5edcf0f9cc,unknown,0,0,0
5216fcb4b4f34edcb349e1a8d8d994fb,ark/deepseek-v3,0,0,0
5216fcb4b4f34edcb349e1a8d8d994fb,unknown,0,0,0
52211aa053d84430ad2d45a5bfccd8ad,ark/deepseek-v3,1162,689,1851
52211aa053d84430ad2d45a5bfccd8ad,unknown,0,0,0
5229c00eb3f5404cb66ef995df894086,deepseek-chat,0,0,0
5229c00eb3f5404cb66ef995df894086,unknown,0,0,0
5231bb3261a44cbaa793aea013b7ac86,ark/deepseek-v3,701,202,903
5231bb3261a44cbaa793aea013b7ac86,unknown,0,0,0
5234cc1565d440d4b0337c594166fbb3,deepseek-chat,865,474,1339
5234cc1565d440d4b0337c594166fbb3,unknown,0,0,0
523cc4b0f26e45e9a443de3de9774a7d,ark/deepseek-v3,1061,304,1365
523cc4b0f26e45e9a443de3de9774a7d,unknown,0,0,0
524c6e6a066f4668b8d70134b5e127d7,ark/deepseek-v3,6000,1392,7392
524c6e6a066f4668b8d70134b5e127d7,unknown,0,0,0
52523b6d485e43329c15193a3d481c17,ark/deepseek-v3,467,93,560
52523b6d485e43329c15193a3d481c17,unknown,0,0,0
525405ea1b5048d88ae5348524dec062,unknown,0,0,0
5259760deba845fd805715b6f8bdb3db,ark/deepseek-v3,1455,232,1687
5259760deba845fd805715b6f8bdb3db,unknown,0,0,0
525b28043c88407d8eadcd60c4fcb0f5,ark/deepseek-v3,2399,484,2883
525b28043c88407d8eadcd60c4fcb0f5,unknown,0,0,0
525f77b31743457394b08f643a0ca6c3,ark/deepseek-v3,1184,562,1746
525f77b31743457394b08f643a0ca6c3,unknown,0,0,0
525fda25ee2744d8b62492df14ad73de,deepseek-chat,6069,1777,7846
525fda25ee2744d8b62492df14ad73de,unknown,0,0,0
52634a8115d64a378209cb52f8b209d9,deepseek-chat,2058,605,2663
52634a8115d64a378209cb52f8b209d9,unknown,0,0,0
52649aee15194a3e84442c0d069c0539,ark/deepseek-v3,3641,845,4486
52649aee15194a3e84442c0d069c0539,unknown,0,0,0
52662d906bd74f56a2db47f4b539f66d,deepseek-chat,658,336,994
52662d906bd74f56a2db47f4b539f66d,unknown,0,0,0
52667af6b81b494f8da02b071290d2e4,deepseek-chat,658,288,946
52667af6b81b494f8da02b071290d2e4,unknown,0,0,0
52735adb3b654320a3a7d8af827da096,deepseek-chat,671,345,1016
52735adb3b654320a3a7d8af827da096,unknown,0,0,0
527459495626448ab013acda50b973bb,ark/deepseek-v3,678,88,766
527459495626448ab013acda50b973bb,deepseek-chat,1109,534,1643
527459495626448ab013acda50b973bb,unknown,0,0,0
5274decdc9b44b52aec837fee5d14289,deepseek-chat,1320,587,1907
5274decdc9b44b52aec837fee5d14289,unknown,0,0,0
5275ce6f6f5347f6b500dd341f2facca,ark/deepseek-v3,3150,280,3430
5275ce6f6f5347f6b500dd341f2facca,unknown,0,0,0
52769b3f598143d3af45795b07467e1f,ark/deepseek-v3,0,0,0
52769b3f598143d3af45795b07467e1f,unknown,0,0,0
527a23121819454ab16726807c4ea7ce,ark/deepseek-v3,1089,318,1407
527a23121819454ab16726807c4ea7ce,unknown,0,0,0
527f13d860fa42b98a9c3991ae9a21b3,ark/deepseek-v3-1,1405,794,2199
527f13d860fa42b98a9c3991ae9a21b3,unknown,0,0,0
5286cf10eb574e9f83eb879020156b7c,ark/deepseek-v3,2054,943,2997
5286cf10eb574e9f83eb879020156b7c,unknown,0,0,0
528b4351316341bcbe9eff2e887026d7,deepseek-chat,671,368,1039
528b4351316341bcbe9eff2e887026d7,unknown,0,0,0
528deede149e41ba83ba9e9634515aa7,deepseek-chat,671,367,1038
528deede149e41ba83ba9e9634515aa7,unknown,0,0,0
5299db5f4b0f4f0c83b8f2df7b5be37d,ark/deepseek-v3,2313,1050,3363
5299db5f4b0f4f0c83b8f2df7b5be37d,unknown,0,0,0
529a51bd8ae7410f881bbf084a5f21ec,ark/deepseek-v3,1455,194,1649
529a51bd8ae7410f881bbf084a5f21ec,unknown,0,0,0
529b6ffc7a5343e28447b00a6ef6bec8,ark/deepseek-v3,701,175,876
529b6ffc7a5343e28447b00a6ef6bec8,unknown,0,0,0
52a68eb396aa4de388c6c1a50135d43b,ark/deepseek-v3,1455,183,1638
52a68eb396aa4de388c6c1a50135d43b,unknown,0,0,0
52a9d345d4e14095b412de11a5715cce,ark/deepseek-v3-1,1405,989,2394
52a9d345d4e14095b412de11a5715cce,unknown,0,0,0
52ac8a870aec4a43aadbcc48875d6db5,deepseek-chat,2312,879,3191
52ac8a870aec4a43aadbcc48875d6db5,unknown,0,0,0
52b2a61b6c8545aeb6e44244ffbdbf43,ark/deepseek-v3,1455,238,1693
52b2a61b6c8545aeb6e44244ffbdbf43,unknown,0,0,0
52ba6d1e801241d5b8939cf90848764c,ark/deepseek-v3,0,0,0
52ba6d1e801241d5b8939cf90848764c,unknown,0,0,0
52c38c85f9e24d7d8ff72fc88c4b3f20,ark/deepseek-v3-1,1068,494,1562
52c38c85f9e24d7d8ff72fc88c4b3f20,unknown,0,0,0
52cb3991adb440a5bee24d8f61dbf07b,ark/deepseek-v3,1956,1038,2994
52cb3991adb440a5bee24d8f61dbf07b,unknown,0,0,0
52cc7d9ba915413f94a365063e902aa7,ark/deepseek-v3,4182,649,4831
52cc7d9ba915413f94a365063e902aa7,unknown,0,0,0
52e16f0e865c401ba0a19f1772116284,unknown,0,0,0
52e71c91faef4768a8ca71731105d210,ark/deepseek-v3-1,1749,835,2584
52e71c91faef4768a8ca71731105d210,unknown,0,0,0
52e7c38b86f9478bba658175d0d3233a,deepseek-chat,561,207,768
52e7c38b86f9478bba658175d0d3233a,unknown,0,0,0
52eb954865a14ab0b613bd65f638e1bc,ark/deepseek-v3,1089,311,1400
52eb954865a14ab0b613bd65f638e1bc,unknown,0,0,0
52ef6142177c448fa49c597c16369ff7,ark/deepseek-v3,4106,755,4861
52ef6142177c448fa49c597c16369ff7,unknown,0,0,0
52f21aaaa6704770964ae6f55d6d8ef8,deepseek-chat,670,341,1011
52f21aaaa6704770964ae6f55d6d8ef8,unknown,0,0,0
52f4d36bc3c54eac979a0a07d5f4a0ea,ark/deepseek-v3,71,678,749
52f4d36bc3c54eac979a0a07d5f4a0ea,unknown,0,0,0
52fb313b83e542bcaccbb30830e83223,ark/deepseek-v3,701,175,876
52fb313b83e542bcaccbb30830e83223,unknown,0,0,0
53025e32b7d74f9998a1345f7f4495d8,deepseek-chat,3892,1270,5162
53025e32b7d74f9998a1345f7f4495d8,gpt-4.1,5072,779,5851
53025e32b7d74f9998a1345f7f4495d8,unknown,0,0,0
5306df5f0eab4b0891cd86b1338417d6,ark/deepseek-v3,701,197,898
5306df5f0eab4b0891cd86b1338417d6,unknown,0,0,0
5308c06017cc451ea76286768eab29f0,ark/deepseek-v3,467,96,563
5308c06017cc451ea76286768eab29f0,unknown,0,0,0
53173d6bc32c4bbea7a37f169197a389,ark/deepseek-v3-1,1405,797,2202
53173d6bc32c4bbea7a37f169197a389,unknown,0,0,0
531a1b4916d84f99b48ef77b26a9bbb0,ark/deepseek-v3,701,176,877
531a1b4916d84f99b48ef77b26a9bbb0,unknown,0,0,0
531fa7f4d041434b8ffbfd49b1db4c1e,deepseek-chat,1308,287,1595
531fa7f4d041434b8ffbfd49b1db4c1e,gpt-4.1,2566,317,2883
531fa7f4d041434b8ffbfd49b1db4c1e,unknown,0,0,0
532414cf25c44fa2a0312b59ca67a24a,ark/deepseek-v3,4963,1081,6044
532414cf25c44fa2a0312b59ca67a24a,unknown,0,0,0
5325e01ee6fa4ba3a6988728f31442dd,ark/deepseek-v3,1937,434,2371
5325e01ee6fa4ba3a6988728f31442dd,unknown,0,0,0
5327e662ff54437087d146358f1294d3,ark/deepseek-v3-1,2715,1158,3873
5327e662ff54437087d146358f1294d3,unknown,0,0,0
5328d49337644e0d9180b1dbabde58a3,ark/deepseek-v3,467,84,551
5328d49337644e0d9180b1dbabde58a3,unknown,0,0,0
5330e3e84c1741c1b9454774718ac949,ark/deepseek-v3,701,171,872
5330e3e84c1741c1b9454774718ac949,unknown,0,0,0
5331ecbcabab4fdbab348f0b8bb6155e,ark/deepseek-v3,758,104,862
5331ecbcabab4fdbab348f0b8bb6155e,unknown,0,0,0
533347e707e84feda27c3e7b67ec170a,ark/deepseek-v3,1220,584,1804
533347e707e84feda27c3e7b67ec170a,unknown,0,0,0
533663fa040143d38d01c27ceda0a10d,deepseek-chat,2626,1664,4290
533663fa040143d38d01c27ceda0a10d,unknown,0,0,0
534978599e5544be8a62b7f3df0ee880,ark/deepseek-v3,472,13,485
534978599e5544be8a62b7f3df0ee880,unknown,0,0,0
534b0a5947f644c2a691e1da0804ccfd,ark/deepseek-v3,467,94,561
534b0a5947f644c2a691e1da0804ccfd,unknown,0,0,0
534bb4e6e22846aebe96cad8328d9727,unknown,0,0,0
535395a1b6db460f9cd1157eef36bfec,deepseek-chat,0,0,0
535395a1b6db460f9cd1157eef36bfec,unknown,0,0,0
53556925378846dda115b4711a202b96,ark/deepseek-v3,467,83,550
53556925378846dda115b4711a202b96,unknown,0,0,0
535aa34adac240bca23e00f2c2afd918,ark/deepseek-v3,701,203,904
535aa34adac240bca23e00f2c2afd918,unknown,0,0,0
535ad8722fa44cc596d320f1e2bffaa0,deepseek-chat,178,1660,1838
535ad8722fa44cc596d320f1e2bffaa0,unknown,0,0,0
5364cf4710994f3eb4e5e313910ccbd3,deepseek-chat,49,232,281
5364cf4710994f3eb4e5e313910ccbd3,unknown,0,0,0
53670d66d2a0411fba1c3126990084a7,deepseek-chat,670,340,1010
53670d66d2a0411fba1c3126990084a7,unknown,0,0,0
536ca74d6055494fb6e9cb7c6f2971b7,ark/deepseek-v3,1088,314,1402
536ca74d6055494fb6e9cb7c6f2971b7,unknown,0,0,0
5373c68ce1f940d38458d3f7c4b4f42f,deepseek-chat,124,2791,2915
5373c68ce1f940d38458d3f7c4b4f42f,unknown,0,0,0
5377f6c38d184cd7a468334790c9793e,deepseek-chat,828,432,1260
5377f6c38d184cd7a468334790c9793e,unknown,0,0,0
53798a660096460298d008fdd95188ae,ark/deepseek-v3,7041,1426,8467
53798a660096460298d008fdd95188ae,unknown,0,0,0
537a9bd379b74cb9aeceba27b03ecc2b,deepseek-chat,2594,842,3436
537a9bd379b74cb9aeceba27b03ecc2b,unknown,0,0,0
53865a2156ba4951888fb240d37700da,deepseek-chat,9484,4294,13778
53865a2156ba4951888fb240d37700da,unknown,0,0,0
538e4fafaf0e4364812bc4e3cc4162d6,deepseek-chat,1169,335,1504
538e4fafaf0e4364812bc4e3cc4162d6,unknown,0,0,0
5397e40b99c34a9b93bfcfdf294d823d,deepseek-chat,1318,337,1655
5397e40b99c34a9b93bfcfdf294d823d,gpt-4.1,1627,305,1932
5397e40b99c34a9b93bfcfdf294d823d,unknown,0,0,0
539c027580414c3795c022cfbf1bd263,ark/deepseek-v3,465,97,562
539c027580414c3795c022cfbf1bd263,unknown,0,0,0
53a2bfa948a94d749988a32a4db69856,deepseek-chat,542,136,678
53a2bfa948a94d749988a32a4db69856,unknown,0,0,0
53a87f79807745fdb2aac2721b991e57,ark/deepseek-v3,1455,185,1640
53a87f79807745fdb2aac2721b991e57,unknown,0,0,0
53ae2bf027264402a3753166455e0fdb,deepseek-chat,671,347,1018
53ae2bf027264402a3753166455e0fdb,unknown,0,0,0
53b9924573b94ace8272291060eb055c,deepseek-chat,2089,607,2696
53b9924573b94ace8272291060eb055c,unknown,0,0,0
53bd53d019454e30a5db9612df85b848,deepseek-chat,580,163,743
53bd53d019454e30a5db9612df85b848,unknown,0,0,0
53c1f6d356c7470ead3459db74446c46,ark/deepseek-v3,13442,2736,16178
53c1f6d356c7470ead3459db74446c46,unknown,0,0,0
53c4dd25f34a46559a45225df9f0ff7b,ark/deepseek-v3,467,109,576
53c4dd25f34a46559a45225df9f0ff7b,unknown,0,0,0
53cb87339b1f4d95991ba542b845d036,deepseek-chat,2113,1547,3660
53cb87339b1f4d95991ba542b845d036,unknown,0,0,0
53cbd497b3cd4bc59689d3325cf773d1,deepseek-chat,787,387,1174
53cbd497b3cd4bc59689d3325cf773d1,unknown,0,0,0
53cdb75fda02493aaf7a4cecb41d9ffc,ark/deepseek-v3,1172,419,1591
53cdb75fda02493aaf7a4cecb41d9ffc,unknown,0,0,0
53d955b1c5614dcfaf32ad5acd5d8753,deepseek-chat,670,348,1018
53d955b1c5614dcfaf32ad5acd5d8753,unknown,0,0,0
53ecdfa1f73b42ad800c594b839d0585,ark/deepseek-v3,6568,1855,8423
53ecdfa1f73b42ad800c594b839d0585,gpt-4.1,639,20,659
53ecdfa1f73b42ad800c594b839d0585,unknown,0,0,0
53eeaa5a45144e2382bee25ba3aae83b,deepseek-chat,671,387,1058
53eeaa5a45144e2382bee25ba3aae83b,unknown,0,0,0
53f49e8becc243388063b118e9dbd361,deepseek-chat,934,232,1166
53f49e8becc243388063b118e9dbd361,gpt-4.1,957,0,957
53f49e8becc243388063b118e9dbd361,unknown,0,0,0
53f7817f1b3a43c995b5441e42a5e7f1,ark/deepseek-v3,624,265,889
53f7817f1b3a43c995b5441e42a5e7f1,unknown,0,0,0
53fc9e26bcf14387b7bba1ce3e8b4693,ark/deepseek-v3-1,8792,1149,9941
53fc9e26bcf14387b7bba1ce3e8b4693,unknown,0,0,0
53fe93b83ff248cb8f10077d092cbbcb,ark/deepseek-v3,5984,708,6692
53fe93b83ff248cb8f10077d092cbbcb,unknown,0,0,0
540799c153a04598a4dcd775a8b9af1a,ark/deepseek-v3,1193,701,1894
540799c153a04598a4dcd775a8b9af1a,deepseek-chat,20268,940,21208
540799c153a04598a4dcd775a8b9af1a,unknown,0,0,0
540d8508c1d14bfd9f6add760bc393f1,deepseek-chat,2178,907,3085
540d8508c1d14bfd9f6add760bc393f1,unknown,0,0,0
54135ed456da4ff98f68681242a8872b,deepseek-chat,7008,944,7952
54135ed456da4ff98f68681242a8872b,unknown,0,0,0
5415478c4596405c9389b25b0b23cac7,ark/deepseek-v3,2260,944,3204
5415478c4596405c9389b25b0b23cac7,unknown,0,0,0
54164203d8784303a183ab5a26c0f61d,deepseek-chat,1546,1109,2655
54164203d8784303a183ab5a26c0f61d,gpt-4.1,943,27,970
54164203d8784303a183ab5a26c0f61d,unknown,0,0,0
541d5947c5514a8fb3658d1e1328e73b,deepseek-chat,561,207,768
541d5947c5514a8fb3658d1e1328e73b,unknown,0,0,0
541e1cb2beb94953839ca79e70b683f0,ark/deepseek-v3,2399,441,2840
541e1cb2beb94953839ca79e70b683f0,unknown,0,0,0
541f2553ace7425aadf00da0052bff50,ark/deepseek-v3,467,94,561
541f2553ace7425aadf00da0052bff50,deepseek-chat,6028,44,6072
541f2553ace7425aadf00da0052bff50,unknown,0,0,0
54200e405ee241cfa350aea2ceb4755d,deepseek-chat,1056,486,1542
54200e405ee241cfa350aea2ceb4755d,gpt-4.1,943,30,973
54200e405ee241cfa350aea2ceb4755d,unknown,0,0,0
54237435e5064b05bc0e1820276c77f7,ark/deepseek-v3,467,102,569
54237435e5064b05bc0e1820276c77f7,unknown,0,0,0
54253e9486fe4209a6033ec7fbe20e18,ark/deepseek-v3,467,90,557
54253e9486fe4209a6033ec7fbe20e18,unknown,0,0,0
542ac438dfe244a6822d6645924195a8,ark/deepseek-v3-1,2173,362,2535
542ac438dfe244a6822d6645924195a8,unknown,0,0,0
54326550cb534e938f1bd3e7b51399dc,ark/deepseek-v3,467,88,555
54326550cb534e938f1bd3e7b51399dc,unknown,0,0,0
54369710a3dd4282b93a3aa26abea9ad,ark/deepseek-v3,2303,471,2774
54369710a3dd4282b93a3aa26abea9ad,unknown,0,0,0
543ae4775a614cb79993915429318b4b,deepseek-chat,1054,458,1512
543ae4775a614cb79993915429318b4b,gpt-4.1,940,27,967
543ae4775a614cb79993915429318b4b,unknown,0,0,0
543e2d8b240c4b2aa1a252c4d7d5e625,unknown,0,0,0
54411bb75c124a8aab0058dc9c00cc06,ark/deepseek-v3-1,5109,2492,7601
54411bb75c124a8aab0058dc9c00cc06,gpt-4.1,3868,974,4842
54411bb75c124a8aab0058dc9c00cc06,unknown,0,0,0
54415082100b4bceba1dd06c53910a5c,deepseek-chat,671,356,1027
54415082100b4bceba1dd06c53910a5c,unknown,0,0,0
544393f6b39049078c3079ad4179fc81,ark/deepseek-v3,758,129,887
544393f6b39049078c3079ad4179fc81,unknown,0,0,0
544647b32a9c43a3ae1ddc933ba00dff,deepseek-chat,2300,1053,3353
544647b32a9c43a3ae1ddc933ba00dff,unknown,0,0,0
544d848dede749f7aa025d6cd5b5fec8,ark/deepseek-v3,1455,189,1644
544d848dede749f7aa025d6cd5b5fec8,unknown,0,0,0
54572fb5df4c49b88a531b485971645f,ark/deepseek-v3,13444,2561,16005
54572fb5df4c49b88a531b485971645f,unknown,0,0,0
54700ce5eecf4f2eaa77814d6fb0168a,ark/deepseek-v3,1088,336,1424
54700ce5eecf4f2eaa77814d6fb0168a,unknown,0,0,0
5472e79820134ac6afce8e5a88503e9a,deepseek-chat,1044,412,1456
5472e79820134ac6afce8e5a88503e9a,gpt-4.1,942,29,971
5472e79820134ac6afce8e5a88503e9a,unknown,0,0,0
54845424037b446fae62903ab3e8f50f,deepseek-chat,1188,332,1520
54845424037b446fae62903ab3e8f50f,unknown,0,0,0
54858fc7de24455f9169b50889e2d22f,ark/deepseek-v3,758,122,880
54858fc7de24455f9169b50889e2d22f,unknown,0,0,0
548ad97693ca4359b9ed25d0f5070243,ark/deepseek-v3,0,0,0
548ad97693ca4359b9ed25d0f5070243,unknown,0,0,0
548e17de61ad4ad5b3be245ec21c1f3e,ark/deepseek-v3,701,210,911
548e17de61ad4ad5b3be245ec21c1f3e,unknown,0,0,0
549162ccc5854e9096650b67df0c5c96,ark/deepseek-v3,6100,1746,7846
549162ccc5854e9096650b67df0c5c96,gpt-4.1,650,27,677
549162ccc5854e9096650b67df0c5c96,unknown,0,0,0
54933d9c986547a6a14dfe62cbd8ca47,ark/deepseek-v3,3143,313,3456
54933d9c986547a6a14dfe62cbd8ca47,unknown,0,0,0
549360a24eec4fc995e8f1cbea5b96e7,deepseek-chat,1424,1137,2561
549360a24eec4fc995e8f1cbea5b96e7,unknown,0,0,0
549b585da270414fbd78a04f07b6b479,ark/deepseek-v3,1900,1056,2956
549b585da270414fbd78a04f07b6b479,unknown,0,0,0
549e56af1bd6418db48724df8e2d76ba,deepseek-chat,1378,435,1813
549e56af1bd6418db48724df8e2d76ba,unknown,0,0,0
549fd3aa751649249cc8b960f5f628c8,ark/deepseek-v3-1,1778,924,2702
549fd3aa751649249cc8b960f5f628c8,gpt-4.1,1581,421,2002
549fd3aa751649249cc8b960f5f628c8,unknown,0,0,0
54b003f2254f43b4ade26e297d9b642a,deepseek-chat,1826,588,2414
54b003f2254f43b4ade26e297d9b642a,unknown,0,0,0
54c37f3c0bde4054a1d1424a64bca163,ark/deepseek-v3-1,5484,703,6187
54c37f3c0bde4054a1d1424a64bca163,unknown,0,0,0
54c3928cfcf2439ba6f1e92e3a270a7a,deepseek-chat,0,0,0
54c3928cfcf2439ba6f1e92e3a270a7a,unknown,0,0,0
54c7b9edac9c4685abc6ae96aad6f59a,deepseek-chat,2233,1107,3340
54c7b9edac9c4685abc6ae96aad6f59a,unknown,0,0,0
54d117ce67bc4bd88d01ba4e8dafc76a,ark/deepseek-v3,3852,501,4353
54d117ce67bc4bd88d01ba4e8dafc76a,unknown,0,0,0
54dbebbd3dd2426abccfa94cbcbcbb15,deepseek-chat,561,207,768
54dbebbd3dd2426abccfa94cbcbcbb15,unknown,0,0,0
54e6bbb78165405c8a3cf4f18c512490,ark/deepseek-v3,6971,1476,8447
54e6bbb78165405c8a3cf4f18c512490,unknown,0,0,0
54eb648ebbe24ede9a6a5c9d9c53e00a,ark/deepseek-v3,1455,219,1674
54eb648ebbe24ede9a6a5c9d9c53e00a,unknown,0,0,0
54ee7fda6b724db4b5a60fcfd2a08a81,deepseek-chat,0,0,0
54ee7fda6b724db4b5a60fcfd2a08a81,unknown,0,0,0
54f74887c75e40dfb328c6b8834c5e10,ark/deepseek-v3,8143,1557,9700
54f74887c75e40dfb328c6b8834c5e10,unknown,0,0,0
54fb7b76dfee4e119f87824a31bb3d70,ark/deepseek-v3-1,1405,948,2353
54fb7b76dfee4e119f87824a31bb3d70,gpt-4.1,2125,227,2352
54fb7b76dfee4e119f87824a31bb3d70,unknown,0,0,0
54fe652860e34219b6ce67e84e05792c,deepseek-chat,670,329,999
54fe652860e34219b6ce67e84e05792c,unknown,0,0,0
54ffb5f77a9440bb95d9e317bb9a53fd,ark/deepseek-v3,2319,1175,3494
54ffb5f77a9440bb95d9e317bb9a53fd,unknown,0,0,0
5506c7981f9147f39777758d2bc217da,ark/deepseek-v3,701,199,900
5506c7981f9147f39777758d2bc217da,unknown,0,0,0
5507473acf5a46c8a19c1c370f80befd,deepseek-chat,487,247,734
5507473acf5a46c8a19c1c370f80befd,unknown,0,0,0
551676baf5f64a429bdea67cc14927d0,deepseek-chat,765,325,1090
551676baf5f64a429bdea67cc14927d0,unknown,0,0,0
5523a8a337954555a36bd822bfcd88e0,deepseek-chat,3201,974,4175
5523a8a337954555a36bd822bfcd88e0,unknown,0,0,0
5523acbff44c48d4b73ef51ad96f1039,ark/deepseek-v3,0,0,0
5523acbff44c48d4b73ef51ad96f1039,unknown,0,0,0
552747af9dce4463a2b0858706d5e30d,ark/deepseek-v3,3143,347,3490
552747af9dce4463a2b0858706d5e30d,unknown,0,0,0
552cbe28b69a453e97d1d1f9ab51f699,deepseek-chat,2112,386,2498
552cbe28b69a453e97d1d1f9ab51f699,unknown,0,0,0
5533255e34d54639a2d781156420c663,ark/deepseek-v3,465,119,584
5533255e34d54639a2d781156420c663,unknown,0,0,0
5535416a6b744d418cbee102f677ab73,ark/deepseek-v3-1,1891,955,2846
5535416a6b744d418cbee102f677ab73,gpt-4.1,1658,357,2015
5535416a6b744d418cbee102f677ab73,unknown,0,0,0
553b0e8e69974674950fffb7c717d444,deepseek-chat,0,0,0
553b0e8e69974674950fffb7c717d444,unknown,0,0,0
553b3fbeb21a4a7aa499cb2e7c636a67,ark/deepseek-v3,38965,6389,45354
553b3fbeb21a4a7aa499cb2e7c636a67,unknown,0,0,0
553fe52ab0904e53bf96d1811cbaa212,unknown,0,0,0
557a2c676193435aab94786ac54b3674,ark/deepseek-v3,3119,312,3431
557a2c676193435aab94786ac54b3674,unknown,0,0,0
557a7859c6344381a41379c64b0754e8,deepseek-chat,561,207,768
557a7859c6344381a41379c64b0754e8,unknown,0,0,0
55810672e47647c6b6f5222f1def9235,deepseek-chat,561,207,768
55810672e47647c6b6f5222f1def9235,unknown,0,0,0
5583e4ccde17414a9461eec868b31206,ark/deepseek-v3,2965,760,3725
5583e4ccde17414a9461eec868b31206,unknown,0,0,0
5588724045c94da59c0a8e1a2eb666fb,ark/deepseek-v3,5985,664,6649
5588724045c94da59c0a8e1a2eb666fb,unknown,0,0,0
558e04eff7cb44b8951274b018cd4d2a,unknown,0,0,0
55946d7ecd10420e949561d984c3659f,ark/deepseek-v3,465,87,552
55946d7ecd10420e949561d984c3659f,unknown,0,0,0
55a06e90d0694d16a466aff6c1ce605d,ark/deepseek-v3,5502,569,6071
55a06e90d0694d16a466aff6c1ce605d,unknown,0,0,0
55a265900e604bcd8f37fcbc9eeb8a4a,ark/deepseek-v3,1455,212,1667
55a265900e604bcd8f37fcbc9eeb8a4a,unknown,0,0,0
55a295823173496594444c549a3e4c46,deepseek-chat,2793,1234,4027
55a295823173496594444c549a3e4c46,unknown,0,0,0
55a4fd4917f54188959da4370c4e8c84,deepseek-chat,2582,1640,4222
55a4fd4917f54188959da4370c4e8c84,unknown,0,0,0
55a60f6944994dcb9fec17c0c753fc34,ark/deepseek-v3,1251,228,1479
55a60f6944994dcb9fec17c0c753fc34,unknown,0,0,0
55a9c979401a4ff9a975db38f1f9095b,ark/deepseek-v3,6931,1677,8608
55a9c979401a4ff9a975db38f1f9095b,unknown,0,0,0
55ad4e7801ba4b2faa95b14ef49c0b58,ark/deepseek-v3,6145,1824,7969
55ad4e7801ba4b2faa95b14ef49c0b58,gpt-4.1,651,28,679
55ad4e7801ba4b2faa95b14ef49c0b58,unknown,0,0,0
55b1269de49846959985d240f68f4934,ark/deepseek-v3,4676,1913,6589
55b1269de49846959985d240f68f4934,unknown,0,0,0
55b1ae444db44decb6e7f4bbe3a25815,ark/deepseek-v3,2315,1218,3533
55b1ae444db44decb6e7f4bbe3a25815,unknown,0,0,0
55b5cd290a614d4da04774193ce3fee2,deepseek-chat,941,244,1185
55b5cd290a614d4da04774193ce3fee2,gpt-4.1,681,264,945
55b5cd290a614d4da04774193ce3fee2,unknown,0,0,0
55bb9ee7ed094e67829fe5102e17fc19,ark/deepseek-v3,1455,237,1692
55bb9ee7ed094e67829fe5102e17fc19,unknown,0,0,0
55bd7fab97f14820b86aee1e40eff7e1,deepseek-chat,0,0,0
55bd7fab97f14820b86aee1e40eff7e1,unknown,0,0,0
55c4ef1c871a454393ba448e163ca328,deepseek-chat,3261,1341,4602
55c4ef1c871a454393ba448e163ca328,gpt-4.1,4031,873,4904
55c4ef1c871a454393ba448e163ca328,unknown,0,0,0
55c74326e6be4483a00411ab15ed28f3,ark/deepseek-v3,3222,540,3762
55c74326e6be4483a00411ab15ed28f3,unknown,0,0,0
55cff6abc22049fe8b52b722014b0833,ark/deepseek-v3,467,94,561
55cff6abc22049fe8b52b722014b0833,unknown,0,0,0
55d9518dfede40cfb0ae070f940b209d,ark/deepseek-v3,3144,273,3417
55d9518dfede40cfb0ae070f940b209d,unknown,0,0,0
55e3d39288984c9cbc64af77aaba3f96,deepseek-chat,1463,1118,2581
55e3d39288984c9cbc64af77aaba3f96,unknown,0,0,0
55e6d2363f50418e9e750bdf770b5d39,ark/deepseek-v3-1,2963,1123,4086
55e6d2363f50418e9e750bdf770b5d39,unknown,0,0,0
55ee9296bff841f48c71e1d987d9b4a0,ark/deepseek-v3,688,284,972
55ee9296bff841f48c71e1d987d9b4a0,unknown,0,0,0
55f3b088a5254a438719aa3ce16ac0d2,ark/deepseek-v3,3416,1296,4712
55f3b088a5254a438719aa3ce16ac0d2,unknown,0,0,0
55fba1671ff74fe5be034386eb005a57,deepseek-chat,1069,354,1423
55fba1671ff74fe5be034386eb005a57,unknown,0,0,0
55fc1f1d020743c4a26ce870d718cadd,ark/deepseek-v3,2204,1134,3338
55fc1f1d020743c4a26ce870d718cadd,unknown,0,0,0
55fcaa60075c46fe8f67300b74272eb3,ark/deepseek-v3,5055,727,5782
55fcaa60075c46fe8f67300b74272eb3,unknown,0,0,0
5600020b790841c19c82c7addc82ecf0,deepseek-chat,0,0,0
5600020b790841c19c82c7addc82ecf0,unknown,0,0,0
5601c2e292f94b58a5f643968016760b,deepseek-chat,1516,677,2193
5601c2e292f94b58a5f643968016760b,unknown,0,0,0
5602164036754729b389a5ce27bea8d5,ark/deepseek-v3,1455,188,1643
5602164036754729b389a5ce27bea8d5,unknown,0,0,0
560366e4e64c450fa4003d0f87fa5942,deepseek-chat,1414,592,2006
560366e4e64c450fa4003d0f87fa5942,unknown,0,0,0
56044bcf477d4b8c954d5c770cf76b89,unknown,0,0,0
560cb5bf217a4fd2b8cdb953081b4746,ark/deepseek-v3,3145,282,3427
560cb5bf217a4fd2b8cdb953081b4746,unknown,0,0,0
5617c16c3b8a4d2d86dc9d1f08555360,deepseek-chat,671,374,1045
5617c16c3b8a4d2d86dc9d1f08555360,unknown,0,0,0
561c5a7167fc4605b265eee85ddbfdf4,unknown,0,0,0
56203bd3387245488f27b18debd07479,ark/deepseek-v3,8022,1594,9616
56203bd3387245488f27b18debd07479,unknown,0,0,0
56303b42f40c4387ba1534d895119055,ark/deepseek-v3,4775,907,5682
56303b42f40c4387ba1534d895119055,unknown,0,0,0
563520c2a5b54e56b1cdf66803c587e8,deepseek-chat,3380,1442,4822
563520c2a5b54e56b1cdf66803c587e8,gpt-4.1,3400,942,4342
563520c2a5b54e56b1cdf66803c587e8,unknown,0,0,0
5636baf09dc04b7d83a8f7375047063c,ark/deepseek-v3,2397,462,2859
5636baf09dc04b7d83a8f7375047063c,unknown,0,0,0
56488bb2506d4712a70a8fa0036a0eb8,ark/deepseek-v3,465,97,562
56488bb2506d4712a70a8fa0036a0eb8,unknown,0,0,0
565201b8e2094e33a7512bb86803b213,deepseek-chat,911,408,1319
565201b8e2094e33a7512bb86803b213,unknown,0,0,0
5669fc6b6e354142b6c6ad6c96c3730c,deepseek-chat,1410,507,1917
5669fc6b6e354142b6c6ad6c96c3730c,unknown,0,0,0
566cd94971714c9ca40cbf22bdffe97b,ark/deepseek-v3,701,183,884
566cd94971714c9ca40cbf22bdffe97b,unknown,0,0,0
566d8792998444d1863b142f3f5db97c,deepseek-chat,658,294,952
566d8792998444d1863b142f3f5db97c,unknown,0,0,0
567784d7b7094e00a3fef8dd2bc27d91,ark/deepseek-v3,2281,1395,3676
567784d7b7094e00a3fef8dd2bc27d91,ark/deepseek-v3-1,0,0,0
567784d7b7094e00a3fef8dd2bc27d91,unknown,0,0,0
568d4271b3fb45f09d96d7046304ae29,ark/deepseek-v3,1254,479,1733
568d4271b3fb45f09d96d7046304ae29,unknown,0,0,0
568e09b0f2e240cb826987eed418cf71,unknown,0,0,0
5692563ca12b4376a0fda95a7a163d77,ark/deepseek-v3,2367,463,2830
5692563ca12b4376a0fda95a7a163d77,unknown,0,0,0
5697227f8f2f4349b055fcbf2d48a4c8,ark/deepseek-v3,467,95,562
5697227f8f2f4349b055fcbf2d48a4c8,unknown,0,0,0
569dea0c0ab94f3e9ebc91287ffc785c,ark/deepseek-v3,0,0,0
569dea0c0ab94f3e9ebc91287ffc785c,unknown,0,0,0
56a26028b0c14630bd35750466e99332,deepseek-chat,3802,485,4287
56a26028b0c14630bd35750466e99332,unknown,0,0,0
56a93f400aa845c2aff1d29f54ef83c3,deepseek-chat,0,0,0
56a93f400aa845c2aff1d29f54ef83c3,unknown,0,0,0
56a94749499b457997960abb589b38d6,deepseek-chat,3207,1171,4378
56a94749499b457997960abb589b38d6,unknown,0,0,0
56ab17cda02f400e887b96b2fde6949c,ark/deepseek-v3-1,5446,2458,7904
56ab17cda02f400e887b96b2fde6949c,gpt-4.1,4084,1336,5420
56ab17cda02f400e887b96b2fde6949c,unknown,0,0,0
56ab1a51234a49d2a81615d7c996559f,ark/deepseek-v3,1089,296,1385
56ab1a51234a49d2a81615d7c996559f,unknown,0,0,0
56ab5024f11b4be0b8b93d3fa5a19237,deepseek-chat,7,469,476
56ab5024f11b4be0b8b93d3fa5a19237,unknown,0,0,0
56b556c1bc534265883a7cc584d4fd22,deepseek-chat,3330,1167,4497
56b556c1bc534265883a7cc584d4fd22,gpt-4.1,3369,884,4253
56b556c1bc534265883a7cc584d4fd22,unknown,0,0,0
56b92536df0c4947a26363ab284ca957,ark/deepseek-v3,2120,1215,3335
56b92536df0c4947a26363ab284ca957,unknown,0,0,0
56c670d3f0aa4c95a21c33878b8e2ae7,ark/deepseek-v3,4201,1637,5838
56c670d3f0aa4c95a21c33878b8e2ae7,unknown,0,0,0
56cbd866ede640c9ba6a52a7dcecb5f9,ark/deepseek-v3,695,81,776
56cbd866ede640c9ba6a52a7dcecb5f9,unknown,0,0,0
56d90620a6b14843b316d1fc5c5358ad,ark/deepseek-v3,2143,1198,3341
56d90620a6b14843b316d1fc5c5358ad,unknown,0,0,0
56e3b412f5f94f0d97fbe4a10a2091b1,ark/deepseek-v3,758,119,877
56e3b412f5f94f0d97fbe4a10a2091b1,unknown,0,0,0
56e4e9ee5b8a4f1f8d76abb7fa32d69a,ark/deepseek-v3,5405,5373,10778
56e4e9ee5b8a4f1f8d76abb7fa32d69a,unknown,0,0,0
56e634ff2ad6438fb6b06d9bae334d49,ark/deepseek-v3-1,8455,1624,10079
56e634ff2ad6438fb6b06d9bae334d49,unknown,0,0,0
56e705df018a434abad7b756e30bb127,ark/deepseek-v3-1,5100,2039,7139
56e705df018a434abad7b756e30bb127,gpt-4.1,3852,1269,5121
56e705df018a434abad7b756e30bb127,unknown,0,0,0
56f6175c7dcf4cc58810fe07ed3bbd7f,ark/deepseek-v3-1,1405,710,2115
56f6175c7dcf4cc58810fe07ed3bbd7f,unknown,0,0,0
56f90cb848394bc4b7c2a2fbb500afad,ark/deepseek-v3-1,1405,968,2373
56f90cb848394bc4b7c2a2fbb500afad,unknown,0,0,0
5704c9b2c6c74b6cbc0b50b7bd5dd1bf,ark/deepseek-v3-1,1405,836,2241
5704c9b2c6c74b6cbc0b50b7bd5dd1bf,unknown,0,0,0
5704d6d418494ced884103b8d6b6366c,ark/deepseek-v3,3144,340,3484
5704d6d418494ced884103b8d6b6366c,unknown,0,0,0
570de45f92b045cf9edd3af1ea5cef9c,ark/deepseek-v3,0,0,0
570de45f92b045cf9edd3af1ea5cef9c,unknown,0,0,0
570e4ddf49e741fa9087fe7f8cb40212,ark/deepseek-v3,1455,201,1656
570e4ddf49e741fa9087fe7f8cb40212,unknown,0,0,0
571743c7f7964abdb118aefd528dc4c8,ark/deepseek-v3-1,1064,386,1450
571743c7f7964abdb118aefd528dc4c8,unknown,0,0,0
571790fa399042daa249cf4e9947aaca,deepseek-chat,670,351,1021
571790fa399042daa249cf4e9947aaca,unknown,0,0,0
571f4d39d10a4b6ba3ad22aa7bc8d098,ark/deepseek-v3,467,96,563
571f4d39d10a4b6ba3ad22aa7bc8d098,unknown,0,0,0
57252cc963d547f68250d6c6da962a10,ark/deepseek-v3,4320,2140,6460
57252cc963d547f68250d6c6da962a10,unknown,0,0,0
572560fe00804d1fba76184f22a13ee5,ark/deepseek-v3,2305,358,2663
572560fe00804d1fba76184f22a13ee5,unknown,0,0,0
5726f167a5604889823c411d19e82b01,deepseek-chat,5884,1487,7371
5726f167a5604889823c411d19e82b01,unknown,0,0,0
5732483eb48a4a74a058f254580f7b2d,ark/deepseek-v3,467,94,561
5732483eb48a4a74a058f254580f7b2d,unknown,0,0,0
57332865a452430a865395b56e2d794f,ark/deepseek-v3,0,0,0
57332865a452430a865395b56e2d794f,unknown,0,0,0
5735688b0b0a421591d0df697567dfc0,deepseek-chat,125,918,1043
5735688b0b0a421591d0df697567dfc0,unknown,0,0,0
573a0c0982714bc48d7c042480713346,ark/deepseek-v3,6138,1631,7769
573a0c0982714bc48d7c042480713346,gpt-4.1,657,20,677
573a0c0982714bc48d7c042480713346,unknown,0,0,0
5753afcfe3344fba81aac279d6348c83,deepseek-chat,0,0,0
5753afcfe3344fba81aac279d6348c83,unknown,0,0,0
5753e028596f4e4599f28f1e38f491a8,ark/deepseek-v3,1176,714,1890
5753e028596f4e4599f28f1e38f491a8,unknown,0,0,0
575e60019d374346b33e5f23882d81e7,ark/deepseek-v3,0,0,0
575e60019d374346b33e5f23882d81e7,unknown,0,0,0
575ee93a131b4905b77ecb707a85e674,deepseek-chat,2574,1681,4255
575ee93a131b4905b77ecb707a85e674,unknown,0,0,0
575f5c8989244fcf93355b06f74bd672,deepseek-chat,2088,369,2457
575f5c8989244fcf93355b06f74bd672,unknown,0,0,0
57602421771f40b6931dc75d8abc2336,ark/deepseek-v3,0,0,0
57602421771f40b6931dc75d8abc2336,unknown,0,0,0
5762df662bc9495e989d66aa5128575e,ark/deepseek-v3,701,177,878
5762df662bc9495e989d66aa5128575e,unknown,0,0,0
5766dcd5cd3a4bda9092a15391af8ea8,ark/deepseek-v3,6932,1423,8355
5766dcd5cd3a4bda9092a15391af8ea8,unknown,0,0,0
5768b81dfbc34128af65eb030e49cac5,deepseek-chat,561,206,767
5768b81dfbc34128af65eb030e49cac5,unknown,0,0,0
576f4790627b4bf290339608eedbcddf,unknown,0,0,0
57703ec993cf4897a8debbc56dea9863,ark/deepseek-v3,0,0,0
57703ec993cf4897a8debbc56dea9863,unknown,0,0,0
577ed3a4241242228310c3986b3073b6,ark/deepseek-v3-1,2719,443,3162
577ed3a4241242228310c3986b3073b6,unknown,0,0,0
5783b5c725d74c8183abdfa1a7d90d44,deepseek-chat,670,326,996
5783b5c725d74c8183abdfa1a7d90d44,unknown,0,0,0
578682255b584d56af829914c93abc93,deepseek-chat,670,357,1027
578682255b584d56af829914c93abc93,unknown,0,0,0
578c29fdfbf0470a9a7f1bd7d9534657,ark/deepseek-v3,467,95,562
578c29fdfbf0470a9a7f1bd7d9534657,unknown,0,0,0
578c4d70e4ff483ba60b66fa95f5e078,deepseek-chat,561,207,768
578c4d70e4ff483ba60b66fa95f5e078,unknown,0,0,0
578ddfaafaa04a9db346b9d9ee099d52,ark/deepseek-v3,2295,1104,3399
578ddfaafaa04a9db346b9d9ee099d52,unknown,0,0,0
578e2a85e99c4fdc8428ba3a9a142085,ark/deepseek-v3,1251,215,1466
578e2a85e99c4fdc8428ba3a9a142085,unknown,0,0,0
578ea4a1184846a6b1c7da58035e57a9,ark/deepseek-v3,467,94,561
578ea4a1184846a6b1c7da58035e57a9,unknown,0,0,0
578f8b82c99c47b4a5b8cc7f0f6985ec,ark/deepseek-v3,2359,487,2846
578f8b82c99c47b4a5b8cc7f0f6985ec,unknown,0,0,0
5795286bec58422eadf727d3c85ae496,deepseek-chat,0,0,0
5795286bec58422eadf727d3c85ae496,unknown,0,0,0
579b86825a0248e7aead346b44739420,deepseek-chat,671,378,1049
579b86825a0248e7aead346b44739420,unknown,0,0,0
579bc1054ad24d8f9d98691c0af6a1a5,deepseek-chat,2757,957,3714
579bc1054ad24d8f9d98691c0af6a1a5,unknown,0,0,0
579c3eee1faa45f4bfd3bc1c9f82add9,deepseek-chat,1052,432,1484
579c3eee1faa45f4bfd3bc1c9f82add9,gpt-4.1,940,27,967
579c3eee1faa45f4bfd3bc1c9f82add9,unknown,0,0,0
579d6bdd7067431abd0c74508d9a51e8,ark/deepseek-v3-1,1003,373,1376
579d6bdd7067431abd0c74508d9a51e8,unknown,0,0,0
57a4a753ed8342d99dea0187c6efa715,deepseek-chat,1494,417,1911
57a4a753ed8342d99dea0187c6efa715,unknown,0,0,0
57ad66ea766a4414bb340144cb1eff33,ark/deepseek-v3,1560,691,2251
57ad66ea766a4414bb340144cb1eff33,unknown,0,0,0
57ae95b7fd7b42108795df7ba68cad58,ark/deepseek-v3,1944,448,2392
57ae95b7fd7b42108795df7ba68cad58,unknown,0,0,0
57b88fd73a1d4499a44cb642a6f052c8,ark/deepseek-v3,467,97,564
57b88fd73a1d4499a44cb642a6f052c8,unknown,0,0,0
57bece867153404094cadec4bb75ff51,ark/deepseek-v3,8998,11113,20111
57bece867153404094cadec4bb75ff51,unknown,0,0,0
57c00e82cbe24df5b2c2278d45596767,deepseek-chat,2202,1046,3248
57c00e82cbe24df5b2c2278d45596767,unknown,0,0,0
57c29c20a9eb45f998cdb15505de810c,deepseek-chat,932,230,1162
57c29c20a9eb45f998cdb15505de810c,gpt-4.1,672,262,934
57c29c20a9eb45f998cdb15505de810c,unknown,0,0,0
57c7868446ee4acc9ba87480d8695b18,ark/deepseek-v3,3812,613,4425
57c7868446ee4acc9ba87480d8695b18,unknown,0,0,0
57cfa9f1fac6445dad1ef559541f1522,deepseek-chat,711,335,1046
57cfa9f1fac6445dad1ef559541f1522,unknown,0,0,0
57d6cb4cd18c4aebaa00b1cd5bfe5fe8,deepseek-chat,2798,1270,4068
57d6cb4cd18c4aebaa00b1cd5bfe5fe8,unknown,0,0,0
57d82ec94cbd4d0492d116feef77f399,ark/deepseek-v3,467,85,552
57d82ec94cbd4d0492d116feef77f399,unknown,0,0,0
57dafb96bcd9432eb7f466ba68da8073,ark/deepseek-v3,0,0,0
57dafb96bcd9432eb7f466ba68da8073,unknown,0,0,0
57dd3e38ad3846dcaf120eb3b32f7b86,ark/deepseek-v3,2365,389,2754
57dd3e38ad3846dcaf120eb3b32f7b86,unknown,0,0,0
57dfd68e654d4aebb8a6400bfae11853,ark/deepseek-v3,655,236,891
57dfd68e654d4aebb8a6400bfae11853,unknown,0,0,0
57e439ed004948768d362d061f9b4809,ark/deepseek-v3,0,0,0
57e439ed004948768d362d061f9b4809,unknown,0,0,0
57e595fdb1c2408e96728e1863336c26,ark/deepseek-v3-1,4705,1836,6541
57e595fdb1c2408e96728e1863336c26,unknown,0,0,0
57f19f68d9aa4e8ba888a748f140f197,ark/deepseek-v3,1455,250,1705
57f19f68d9aa4e8ba888a748f140f197,unknown,0,0,0
57faf028f85e4e5eb17ebe11b6cb06b7,ark/deepseek-v3-1,1405,946,2351
57faf028f85e4e5eb17ebe11b6cb06b7,unknown,0,0,0
57fd444750734a39b178a1f9c359a0fe,deepseek-chat,3827,1162,4989
57fd444750734a39b178a1f9c359a0fe,gpt-4.1,5895,899,6794
57fd444750734a39b178a1f9c359a0fe,unknown,0,0,0
580ec42a06cd435b883d1512289ae2e8,ark/deepseek-v3,1455,208,1663
580ec42a06cd435b883d1512289ae2e8,unknown,0,0,0
581bd8efe83c44f584892790e7df6c2c,ark/deepseek-v3,0,0,0
581bd8efe83c44f584892790e7df6c2c,unknown,0,0,0
581bead4e3644086b9489c4a011ca175,deepseek-chat,1439,1109,2548
581bead4e3644086b9489c4a011ca175,unknown,0,0,0
581c2f57139f49139b8668940beec494,ark/deepseek-v3,6004,1628,7632
581c2f57139f49139b8668940beec494,gpt-4.1,1277,71,1348
581c2f57139f49139b8668940beec494,unknown,0,0,0
581d0407d40a4b79b8640ab794914b26,ark/deepseek-v3,3144,300,3444
581d0407d40a4b79b8640ab794914b26,unknown,0,0,0
5829774844844f6b8b5eee4690288de0,ark/deepseek-v3,0,0,0
5829774844844f6b8b5eee4690288de0,unknown,0,0,0
5829a5cb7531474fb41cba0c92ec77b3,deepseek-chat,48,1227,1275
5829a5cb7531474fb41cba0c92ec77b3,unknown,0,0,0
58321d48c35c4b11bfc3c32c5a6da54c,deepseek-chat,561,206,767
58321d48c35c4b11bfc3c32c5a6da54c,unknown,0,0,0
58368edfa41247518ef07b111fef6389,ark/deepseek-v3,5912,1347,7259
58368edfa41247518ef07b111fef6389,deepseek-chat,26837,1471,28308
58368edfa41247518ef07b111fef6389,unknown,0,0,0
583a5d0b393b40c997f90f87260bfbbf,deepseek-chat,689,283,972
583a5d0b393b40c997f90f87260bfbbf,unknown,0,0,0
583fa4a555714e1ea052bc7a2c2b790d,ark/deepseek-v3,2784,1556,4340
583fa4a555714e1ea052bc7a2c2b790d,deepseek-chat,23073,1477,24550
583fa4a555714e1ea052bc7a2c2b790d,unknown,0,0,0
5841eca37fdc4f98b674f412adbe485f,deepseek-chat,1526,1048,2574
5841eca37fdc4f98b674f412adbe485f,gpt-4.1,4100,565,4665
5841eca37fdc4f98b674f412adbe485f,unknown,0,0,0
5842fd2cfef844769cc54cb065b28ba3,deepseek-chat,1467,479,1946
5842fd2cfef844769cc54cb065b28ba3,unknown,0,0,0
5846a27a8ebc45b499dd7dac5d0cbc4f,unknown,0,0,0
584dcecf9642490ca78625347e81153a,ark/deepseek-v3,14007,2611,16618
584dcecf9642490ca78625347e81153a,unknown,0,0,0
584eeb8c4b1b43dea8dc7833bff852e8,ark/deepseek-v3,6663,1952,8615
584eeb8c4b1b43dea8dc7833bff852e8,gpt-4.1,640,21,661
584eeb8c4b1b43dea8dc7833bff852e8,unknown,0,0,0
5851df3b904f481e9f485afb7d148bfb,ark/deepseek-v3,701,176,877
5851df3b904f481e9f485afb7d148bfb,unknown,0,0,0
58536c6a80374db992c6b644befe6433,ark/deepseek-v3,1937,358,2295
58536c6a80374db992c6b644befe6433,unknown,0,0,0
5858fc0c4c474c15b867e16675a15961,deepseek-chat,561,207,768
5858fc0c4c474c15b867e16675a15961,unknown,0,0,0
585bec6bca164ce28e5e38e56fdd5cad,ark/deepseek-v3-1,1405,806,2211
585bec6bca164ce28e5e38e56fdd5cad,unknown,0,0,0
585dfa8a68f041ccbae3bac2bb11a093,deepseek-chat,671,426,1097
585dfa8a68f041ccbae3bac2bb11a093,gpt-4.1,941,103,1044
585dfa8a68f041ccbae3bac2bb11a093,unknown,0,0,0
5865c41f4e2d41f18f96273ec602ee1d,ark/deepseek-v3,467,94,561
5865c41f4e2d41f18f96273ec602ee1d,unknown,0,0,0
586678c65806485ebaadd4cd3e29e992,ark/deepseek-v3,467,93,560
586678c65806485ebaadd4cd3e29e992,unknown,0,0,0
586fb7fe471d44be89be27ec0757061d,ark/deepseek-v3-1,1892,761,2653
586fb7fe471d44be89be27ec0757061d,gpt-4.1,1063,29,1092
586fb7fe471d44be89be27ec0757061d,unknown,0,0,0
58741db86fe94ee9954fa61c6069d17e,ark/deepseek-v3,4062,699,4761
58741db86fe94ee9954fa61c6069d17e,unknown,0,0,0
5877913b3b4f4b768d45cfa002b18956,deepseek-chat,2232,1033,3265
5877913b3b4f4b768d45cfa002b18956,unknown,0,0,0
587970a1ff25438ea149bf81d4d0f00c,deepseek-chat,2205,708,2913
587970a1ff25438ea149bf81d4d0f00c,unknown,0,0,0
587d5cf8fe7a459eabf1932a7645edd8,deepseek-chat,23,709,732
587d5cf8fe7a459eabf1932a7645edd8,unknown,0,0,0
587eedda7db34366bcf6b50f6f7230cf,ark/deepseek-v3-1,5915,2767,8682
587eedda7db34366bcf6b50f6f7230cf,gpt-4.1,5009,1796,6805
587eedda7db34366bcf6b50f6f7230cf,unknown,0,0,0
588f9dc750fb4be6a7c12ec530325f61,ark/deepseek-v3,467,119,586
588f9dc750fb4be6a7c12ec530325f61,unknown,0,0,0
58931ebd87e040faa97ca1869119dea2,ark/deepseek-v3,6932,1363,8295
58931ebd87e040faa97ca1869119dea2,unknown,0,0,0
589ab8d9ca884d8e9db31261e74362f2,ark/deepseek-v3,1065,306,1371
589ab8d9ca884d8e9db31261e74362f2,unknown,0,0,0
58a316c8a7634bd7a41f2d75e918b0da,deepseek-chat,8537,2852,11389
58a316c8a7634bd7a41f2d75e918b0da,unknown,0,0,0
58a86d506ae54e58b4e9dafcdddc6554,ark/deepseek-v3,8629,1891,10520
58a86d506ae54e58b4e9dafcdddc6554,unknown,0,0,0
58a977f8636d4c4dad6fa996f3b10577,ark/deepseek-v3,1114,288,1402
58a977f8636d4c4dad6fa996f3b10577,unknown,0,0,0
58ac9067e5e94a68a65ca6a7de0ff359,deepseek-chat,1443,583,2026
58ac9067e5e94a68a65ca6a7de0ff359,unknown,0,0,0
58adf18749ec40d68c5a84012f2e09dc,ark/deepseek-v3-1,1405,891,2296
58adf18749ec40d68c5a84012f2e09dc,unknown,0,0,0
58af2084f2374857a1cbae4d96895f73,ark/deepseek-v3,0,0,0
58af2084f2374857a1cbae4d96895f73,unknown,0,0,0
58bc11aeeabb4894ab2ac28f315aeb34,ark/deepseek-v3,6616,688,7304
58bc11aeeabb4894ab2ac28f315aeb34,unknown,0,0,0
58be81aa8492446a90b3e5f5e6198b53,unknown,0,0,0
58c240fb10c540a597e2c1eb9f80c525,ark/deepseek-v3,933,243,1176
58c240fb10c540a597e2c1eb9f80c525,unknown,0,0,0
58c6f6ac85614ed9847d2a517de29f65,deepseek-chat,2113,548,2661
58c6f6ac85614ed9847d2a517de29f65,unknown,0,0,0
58c7967f4283424ab062443040a395f2,ark/deepseek-v3,5103,875,5978
58c7967f4283424ab062443040a395f2,unknown,0,0,0
58ccb526d04849d0b49a922f5d62d0b1,deepseek-chat,813,310,1123
58ccb526d04849d0b49a922f5d62d0b1,unknown,0,0,0
58d360bdf08f4e22a323bc4489f7e160,ark/deepseek-v3,1455,209,1664
58d360bdf08f4e22a323bc4489f7e160,unknown,0,0,0
58d449bbd30f4bd3bfe1282428e65c9e,ark/deepseek-v3,467,90,557
58d449bbd30f4bd3bfe1282428e65c9e,unknown,0,0,0
58d88d1d4f37425ca832a5152886d3ba,deepseek-chat,1363,388,1751
58d88d1d4f37425ca832a5152886d3ba,unknown,0,0,0
58e818dd6ddf469d9f6bac7c0fb86092,ark/deepseek-v3,2733,1446,4179
58e818dd6ddf469d9f6bac7c0fb86092,unknown,0,0,0
58e8f5430d244532aebc35145c8ef3be,ark/deepseek-v3-1,1405,785,2190
58e8f5430d244532aebc35145c8ef3be,unknown,0,0,0
58ea16ada75f4c6b9f65533f4bea22f6,deepseek-chat,935,231,1166
58ea16ada75f4c6b9f65533f4bea22f6,unknown,0,0,0
58f1075c85e0405182f8f6a4f22fdf1c,deepseek-chat,2369,904,3273
58f1075c85e0405182f8f6a4f22fdf1c,unknown,0,0,0
58f5ebf4223a4e8d85446e018fc5fc07,ark/deepseek-v3,112,919,1031
58f5ebf4223a4e8d85446e018fc5fc07,unknown,0,0,0
590fd09f96044f6aaf8c9b282201ba03,ark/deepseek-v3,1455,190,1645
590fd09f96044f6aaf8c9b282201ba03,unknown,0,0,0
5910a526866f405c900b0c7a70af1184,ark/deepseek-v3-1,3920,1590,5510
5910a526866f405c900b0c7a70af1184,unknown,0,0,0
5913b9ebc4364c3aa9c82bee30cdd393,deepseek-chat,671,387,1058
5913b9ebc4364c3aa9c82bee30cdd393,unknown,0,0,0
591638ec22de4b7d96aabe4c80937c87,ark/deepseek-v3,6131,1755,7886
591638ec22de4b7d96aabe4c80937c87,gpt-4.1,640,21,661
591638ec22de4b7d96aabe4c80937c87,unknown,0,0,0
591c5aed285f4dc99c3ee4ed05f1656a,deepseek-chat,2083,1540,3623
591c5aed285f4dc99c3ee4ed05f1656a,unknown,0,0,0
591eca1dc6ba4c74bac409bf35a53a55,ark/deepseek-v3,5936,1305,7241
591eca1dc6ba4c74bac409bf35a53a55,deepseek-chat,6208,235,6443
591eca1dc6ba4c74bac409bf35a53a55,unknown,0,0,0
5920fb08e2884fd8b177d170d5731d0d,ark/deepseek-v3,0,0,0
5920fb08e2884fd8b177d170d5731d0d,unknown,0,0,0
5922b27e506e44d58f391da82da96122,deepseek-chat,670,371,1041
5922b27e506e44d58f391da82da96122,unknown,0,0,0
59261e19ef6c4e8e9db1e3a21b2d5f0d,deepseek-chat,9647,884,10531
59261e19ef6c4e8e9db1e3a21b2d5f0d,unknown,0,0,0
592692f11eec426dad64b0ab3cd8e2d5,ark/deepseek-v3,701,201,902
592692f11eec426dad64b0ab3cd8e2d5,unknown,0,0,0
592bcfba7ce740a498e51a64dbdb03e2,ark/deepseek-v3,11568,2101,13669
592bcfba7ce740a498e51a64dbdb03e2,deepseek-chat,44284,7835,52119
592bcfba7ce740a498e51a64dbdb03e2,unknown,0,0,0
592df9af17e9450e80825f5273394b8b,ark/deepseek-v3,701,176,877
592df9af17e9450e80825f5273394b8b,unknown,0,0,0
592eeb175a3e4050bd5fd84ea836066b,deepseek-chat,3237,1482,4719
592eeb175a3e4050bd5fd84ea836066b,gpt-4.1,3350,917,4267
592eeb175a3e4050bd5fd84ea836066b,unknown,0,0,0
59386fc815b64f18acd2dc7037c76177,ark/deepseek-v3-1,8912,1702,10614
59386fc815b64f18acd2dc7037c76177,unknown,0,0,0
594163a6207a4337a0d2ed307d9120e8,ark/deepseek-v3,3281,1515,4796
594163a6207a4337a0d2ed307d9120e8,unknown,0,0,0
5943db141b0b4df792ab11088e96e73c,deepseek-chat,2115,1537,3652
5943db141b0b4df792ab11088e96e73c,unknown,0,0,0
5949aba84d7d425aa47a2a459a8c6aaa,deepseek-chat,9958,2248,12206
5949aba84d7d425aa47a2a459a8c6aaa,unknown,0,0,0
594c5a4275ae485f901cffdac1db0e5d,ark/deepseek-v3,6128,1882,8010
594c5a4275ae485f901cffdac1db0e5d,gpt-4.1,639,20,659
594c5a4275ae485f901cffdac1db0e5d,unknown,0,0,0
595e1d7a01fc4d3f9691146082339ef4,ark/deepseek-v3,465,107,572
595e1d7a01fc4d3f9691146082339ef4,unknown,0,0,0
59626e328f684a43be70efe2a6b90b56,ark/deepseek-v3,4505,381,4886
59626e328f684a43be70efe2a6b90b56,deepseek-chat,10246,216,10462
59626e328f684a43be70efe2a6b90b56,unknown,0,0,0
596ac4cf472c423785def267e4f533b1,ark/deepseek-v3-1,1126,148,1274
596ac4cf472c423785def267e4f533b1,unknown,0,0,0
596cd5cd66e94216ab65c3e1ce7b0e93,ark/deepseek-v3,2358,1374,3732
596cd5cd66e94216ab65c3e1ce7b0e93,unknown,0,0,0
596d471e631145fca04f23d2ebedea36,ark/deepseek-v3,1438,868,2306
596d471e631145fca04f23d2ebedea36,unknown,0,0,0
596f9555bf904e8297f8f86f280e35ad,deepseek-chat,670,315,985
596f9555bf904e8297f8f86f280e35ad,unknown,0,0,0
597212766b7d44c4a719d3a6229f9592,ark/deepseek-v3,682,91,773
597212766b7d44c4a719d3a6229f9592,unknown,0,0,0
59837581f28f44a3917f0a875b7ac94c,ark/deepseek-v3,7464,733,8197
59837581f28f44a3917f0a875b7ac94c,deepseek-chat,215,147,362
59837581f28f44a3917f0a875b7ac94c,unknown,0,0,0
599074bbd8f84915b8ecc9f65e77c748,ark/deepseek-v3,526,137,663
599074bbd8f84915b8ecc9f65e77c748,unknown,0,0,0
59910df87f9b465bb4c000b48d5ec1a6,deepseek-chat,658,345,1003
59910df87f9b465bb4c000b48d5ec1a6,unknown,0,0,0
599d4d9dcc7d447c90506a04705d4804,ark/deepseek-v3,467,96,563
599d4d9dcc7d447c90506a04705d4804,unknown,0,0,0
599daacfca814f83af93182186ab2e65,deepseek-chat,1106,453,1559
599daacfca814f83af93182186ab2e65,unknown,0,0,0
599e14f38f3249beb6ab5f71bcb20853,ark/deepseek-v3,1455,168,1623
599e14f38f3249beb6ab5f71bcb20853,unknown,0,0,0
59a544efc1ee4cfab2d06be9e6c55ac4,unknown,0,0,0
59a62e135f374544aeeffc3b5736ac06,deepseek-chat,2584,1518,4102
59a62e135f374544aeeffc3b5736ac06,unknown,0,0,0
59ac73855fcf4c56b1245a1ad6bfb489,ark/deepseek-v3,701,176,877
59ac73855fcf4c56b1245a1ad6bfb489,unknown,0,0,0
59add5e79eda4a81b8b205f564b5db21,ark/deepseek-v3,0,0,0
59add5e79eda4a81b8b205f564b5db21,unknown,0,0,0
59ae34af9c91495d99fc64a27f688bd1,ark/deepseek-v3,701,526,1227
59ae34af9c91495d99fc64a27f688bd1,unknown,0,0,0
59b29133d56f4e48afcb3b3f59ab0604,ark/deepseek-v3-1,1405,1135,2540
59b29133d56f4e48afcb3b3f59ab0604,unknown,0,0,0
59b71fd0030f4aab8163ca2fcdcfc9c7,ark/deepseek-v3,467,126,593
59b71fd0030f4aab8163ca2fcdcfc9c7,unknown,0,0,0
59ba34f764414dfba31fc48da7ecdf67,ark/deepseek-v3-1,1405,958,2363
59ba34f764414dfba31fc48da7ecdf67,unknown,0,0,0
59ba9318b079432b9ebe9ebaf066ec40,ark/deepseek-v3,1813,583,2396
59ba9318b079432b9ebe9ebaf066ec40,unknown,0,0,0
59bae141b4ba4c578325757472abcf3c,deepseek-chat,861,369,1230
59bae141b4ba4c578325757472abcf3c,unknown,0,0,0
59bb8bb4dea84d9d880182c9d0abb000,deepseek-chat,691,368,1059
59bb8bb4dea84d9d880182c9d0abb000,unknown,0,0,0
59bddec324ae49b29e5da5b9bc771774,ark/deepseek-v3,674,206,880
59bddec324ae49b29e5da5b9bc771774,unknown,0,0,0
59c24269c8fa4e50a3e8841d516723a5,ark/deepseek-v3,833,126,959
59c24269c8fa4e50a3e8841d516723a5,unknown,0,0,0
59c4bd649ff64ff38355561e3a3d48db,ark/deepseek-v3,1251,239,1490
59c4bd649ff64ff38355561e3a3d48db,unknown,0,0,0
59d459b43ed84f36bb5917786a49dd0c,ark/deepseek-v3,13442,2492,15934
59d459b43ed84f36bb5917786a49dd0c,unknown,0,0,0
59d866c5e1af4ef88127ba0e130becc6,ark/deepseek-v3,467,97,564
59d866c5e1af4ef88127ba0e130becc6,unknown,0,0,0
59d8efcbfe8a4d54af7fc8336a634207,deepseek-chat,1538,702,2240
59d8efcbfe8a4d54af7fc8336a634207,unknown,0,0,0
59def1f653974bbc80b6acc87187e954,deepseek-chat,3956,1661,5617
59def1f653974bbc80b6acc87187e954,gpt-4.1,3425,1091,4516
59def1f653974bbc80b6acc87187e954,unknown,0,0,0
59e362cd791c4c16a3315bbe24c784e6,deepseek-chat,2592,1396,3988
59e362cd791c4c16a3315bbe24c784e6,unknown,0,0,0
59e953adef3f4fa2a2ff3ff5cbc5f989,ark/deepseek-v3,18004,4347,22351
59e953adef3f4fa2a2ff3ff5cbc5f989,unknown,0,0,0
59f72b9df9314fc88cc31444b815a53c,deepseek-chat,9881,1758,11639
59f72b9df9314fc88cc31444b815a53c,unknown,0,0,0
59fa50c6062c46a7ac2ad4385a155213,ark/deepseek-v3,1226,714,1940
59fa50c6062c46a7ac2ad4385a155213,deepseek-chat,5721,133,5854
59fa50c6062c46a7ac2ad4385a155213,unknown,0,0,0
59fed069dff542589569994d99749c26,deepseek-chat,898,596,1494
59fed069dff542589569994d99749c26,unknown,0,0,0
5a07be39fdf846b3b95b983c3a806c8b,deepseek-chat,5634,540,6174
5a07be39fdf846b3b95b983c3a806c8b,unknown,0,0,0
5a0fcac220284346b9037ddf1c4dcce9,ark/deepseek-v3,701,176,877
5a0fcac220284346b9037ddf1c4dcce9,unknown,0,0,0
5a0febff027347ffb54f172aae700bf4,ark/deepseek-v3,3143,287,3430
5a0febff027347ffb54f172aae700bf4,unknown,0,0,0
5a2e30c1c24f4eb08cdf9c822c9fb22a,ark/deepseek-v3,2980,604,3584
5a2e30c1c24f4eb08cdf9c822c9fb22a,unknown,0,0,0
5a3410c1eedb4caa8b435fa3a850b325,ark/deepseek-v3,2331,1182,3513
5a3410c1eedb4caa8b435fa3a850b325,unknown,0,0,0
5a3975d57c2346c098f958654ec6321b,deepseek-chat,3361,1417,4778
5a3975d57c2346c098f958654ec6321b,gpt-4.1,3427,1007,4434
5a3975d57c2346c098f958654ec6321b,unknown,0,0,0
5a3a72c555e74e81b1f60341e4912db0,ark/deepseek-v3,3143,286,3429
5a3a72c555e74e81b1f60341e4912db0,unknown,0,0,0
5a3f5945ba634d778d2d238c2eb41bd4,ark/deepseek-v3-1,911,367,1278
5a3f5945ba634d778d2d238c2eb41bd4,unknown,0,0,0
5a4108840b9941569ed95270f7b046e2,deepseek-chat,929,467,1396
5a4108840b9941569ed95270f7b046e2,unknown,0,0,0
5a434c8f33714cbe81f8b73bdf94c80e,ark/deepseek-v3,1185,641,1826
5a434c8f33714cbe81f8b73bdf94c80e,unknown,0,0,0
5a45e7fc070b40679e58ee26380099b6,ark/deepseek-v3,1506,792,2298
5a45e7fc070b40679e58ee26380099b6,unknown,0,0,0
5a485da7b08845c5822882cf8d4a9897,ark/deepseek-v3,1089,363,1452
5a485da7b08845c5822882cf8d4a9897,unknown,0,0,0
5a496511ebf44391b2de0e6fce0af6a4,deepseek-chat,1402,544,1946
5a496511ebf44391b2de0e6fce0af6a4,unknown,0,0,0
5a49f3f1910144a5bdc49df49169ebc1,unknown,0,0,0
5a4f120ee87b4628ac2cb9060237a663,ark/deepseek-v3-1,3279,1729,5008
5a4f120ee87b4628ac2cb9060237a663,unknown,0,0,0
5a5b33f99dbc4c19bd052fae198fe738,ark/deepseek-v3,1082,440,1522
5a5b33f99dbc4c19bd052fae198fe738,deepseek-chat,134626,6429,141055
5a5b33f99dbc4c19bd052fae198fe738,unknown,0,0,0
5a5dd9f1abbc4fb6bd08e72bff0b5f70,ark/deepseek-v3,1064,371,1435
5a5dd9f1abbc4fb6bd08e72bff0b5f70,unknown,0,0,0
5a5e841841d1446cad33421c81d3f310,ark/deepseek-v3,5974,651,6625
5a5e841841d1446cad33421c81d3f310,unknown,0,0,0
5a61f1c859f04fed9d0a0087e8e1bdcc,deepseek-chat,0,0,0
5a61f1c859f04fed9d0a0087e8e1bdcc,unknown,0,0,0
5a779e78b33d40338bc4f6b0cac9bb52,ark/deepseek-v3-1,0,0,0
5a779e78b33d40338bc4f6b0cac9bb52,unknown,0,0,0
5a80f80349ed4613b1c352b9fbfe02f4,deepseek-chat,1055,415,1470
5a80f80349ed4613b1c352b9fbfe02f4,gpt-4.1,941,28,969
5a80f80349ed4613b1c352b9fbfe02f4,unknown,0,0,0
5a82969c5b514b41bc9c17e821ae07b6,deepseek-chat,0,0,0
5a82969c5b514b41bc9c17e821ae07b6,unknown,0,0,0
5a8296ac577741108d7585079e3bd9ff,deepseek-chat,670,319,989
5a8296ac577741108d7585079e3bd9ff,unknown,0,0,0
5a85e4d4c33648d2b812c1d833e3d101,ark/deepseek-v3,9686,1086,10772
5a85e4d4c33648d2b812c1d833e3d101,unknown,0,0,0
5a87ca8f12b04bc7927b09b17e6e99f7,ark/deepseek-v3,1455,199,1654
5a87ca8f12b04bc7927b09b17e6e99f7,unknown,0,0,0
5a8b799d10004305b6b7463f61394ea5,ark/deepseek-v3,3143,307,3450
5a8b799d10004305b6b7463f61394ea5,unknown,0,0,0
5a8f384a1671410ead4e1e2ef8924926,ark/deepseek-v3,5152,692,5844
5a8f384a1671410ead4e1e2ef8924926,unknown,0,0,0
5a9294b3ad964fcf972108a68df6b403,deepseek-chat,561,221,782
5a9294b3ad964fcf972108a68df6b403,unknown,0,0,0
5a9bbc59494645358b23473accb89131,ark/deepseek-v3-1,528,295,823
5a9bbc59494645358b23473accb89131,unknown,0,0,0
5a9f29d23cd0403cab26af570f4c8437,ark/deepseek-v3,465,93,558
5a9f29d23cd0403cab26af570f4c8437,unknown,0,0,0
5aa5ed2ae2054680a58807eb103b6910,deepseek-chat,728,315,1043
5aa5ed2ae2054680a58807eb103b6910,unknown,0,0,0
5aa710d647c744c2942144bab6247e23,deepseek-chat,561,221,782
5aa710d647c744c2942144bab6247e23,unknown,0,0,0
5aa7511267fb4eb48fc7eca05553c4be,ark/deepseek-v3,1787,3140,4927
5aa7511267fb4eb48fc7eca05553c4be,unknown,0,0,0
5aa77714766b4737bca420ecf2e564d7,deepseek-chat,1056,424,1480
5aa77714766b4737bca420ecf2e564d7,gpt-4.1,1418,350,1768
5aa77714766b4737bca420ecf2e564d7,unknown,0,0,0
5aaac9ba65fb43a7893e643bb697c76e,deepseek-chat,671,352,1023
5aaac9ba65fb43a7893e643bb697c76e,unknown,0,0,0
5ab62c5f910e453487448365ccb23670,ark/deepseek-v3,487,85,572
5ab62c5f910e453487448365ccb23670,unknown,0,0,0
5ab8650888ed44e6a724ea096c13abb0,ark/deepseek-v3,0,0,0
5ab8650888ed44e6a724ea096c13abb0,unknown,0,0,0
5ab9468aaa154a049467a71578adc996,ark/deepseek-v3,1586,251,1837
5ab9468aaa154a049467a71578adc996,unknown,0,0,0
5abb317035ec49208236824bfc1dce99,ark/deepseek-v3,1256,236,1492
5abb317035ec49208236824bfc1dce99,unknown,0,0,0
5abd01280b284d18be46cf4bef3ed28e,ark/deepseek-v3,3740,956,4696
5abd01280b284d18be46cf4bef3ed28e,deepseek-chat,49979,3406,53385
5abd01280b284d18be46cf4bef3ed28e,unknown,0,0,0
5abf1356426b4ce1ad2c7b5d720b7f68,deepseek-chat,561,207,768
5abf1356426b4ce1ad2c7b5d720b7f68,unknown,0,0,0
5ac4b4fbee53469b9bcd1c81616fc7b4,ark/deepseek-v3,467,79,546
5ac4b4fbee53469b9bcd1c81616fc7b4,unknown,0,0,0
5ac8397d6b16452a827a20ba2895d2c7,ark/deepseek-v3,4667,963,5630
5ac8397d6b16452a827a20ba2895d2c7,unknown,0,0,0
5ad19809972b455bae4c7e85914629e2,ark/deepseek-v3,701,201,902
5ad19809972b455bae4c7e85914629e2,unknown,0,0,0
5ad562be3f8346c89f280f7ad97b7ecc,deepseek-chat,1494,378,1872
5ad562be3f8346c89f280f7ad97b7ecc,unknown,0,0,0
5ae22cd2bec240339682ac2762a7731f,ark/deepseek-v3,627,227,854
5ae22cd2bec240339682ac2762a7731f,unknown,0,0,0
5ae522b585414135861b515d6407272b,ark/deepseek-v3,6023,1801,7824
5ae522b585414135861b515d6407272b,gpt-4.1,640,20,660
5ae522b585414135861b515d6407272b,unknown,0,0,0
5ae8b70c43e14dec8c04303cf1133356,ark/deepseek-v3,6959,1528,8487
5ae8b70c43e14dec8c04303cf1133356,unknown,0,0,0
5aefb9a9aba543acba6033ac2194a291,deepseek-chat,0,0,0
5aefb9a9aba543acba6033ac2194a291,unknown,0,0,0
5af4f1c8bf44443cae39714dc657d118,deepseek-chat,0,0,0
5af4f1c8bf44443cae39714dc657d118,unknown,0,0,0
5af89f55e21846d692349912cb79eaf1,deepseek-chat,3441,1029,4470
5af89f55e21846d692349912cb79eaf1,gpt-4.1,2815,915,3730
5af89f55e21846d692349912cb79eaf1,unknown,0,0,0
5af9ca554e2341769d754a1ebf29f72d,ark/deepseek-v3-1,528,298,826
5af9ca554e2341769d754a1ebf29f72d,unknown,0,0,0
5b0687c34f78478d81849d75c1ebc254,ark/deepseek-v3,1584,744,2328
5b0687c34f78478d81849d75c1ebc254,unknown,0,0,0
5b088fba44b5470ab1e39068656440ee,ark/deepseek-v3,1822,67,1889
5b088fba44b5470ab1e39068656440ee,deepseek-chat,7878,1911,9789
5b088fba44b5470ab1e39068656440ee,unknown,0,0,0
5b0aebeffa364547b4cb8571bb62dd3d,deepseek-chat,671,366,1037
5b0aebeffa364547b4cb8571bb62dd3d,unknown,0,0,0
5b0b018d33e9485fb1e88cfc909f13bd,deepseek-chat,671,354,1025
5b0b018d33e9485fb1e88cfc909f13bd,unknown,0,0,0
5b143abec0234a569639be33e2029aca,ark/deepseek-v3,8087,2032,10119
5b143abec0234a569639be33e2029aca,unknown,0,0,0
5b17e0636cdf4a0e9d0f5c3fa5b27e86,ark/deepseek-v3,760,137,897
5b17e0636cdf4a0e9d0f5c3fa5b27e86,unknown,0,0,0
5b202d0e8bf5445aaf0a02e69499f8a0,ark/deepseek-v3,1937,382,2319
5b202d0e8bf5445aaf0a02e69499f8a0,unknown,0,0,0
5b2aab40e85e42eb8cf56417fb6b3ccb,ark/deepseek-v3-1,2670,1027,3697
5b2aab40e85e42eb8cf56417fb6b3ccb,unknown,0,0,0
5b30429b6f0f4ebcb87920444211e5c3,deepseek-chat,0,0,0
5b30429b6f0f4ebcb87920444211e5c3,unknown,0,0,0
5b30707434ed49f9a18c425d90207102,ark/deepseek-v3,1455,250,1705
5b30707434ed49f9a18c425d90207102,unknown,0,0,0
5b3144b4cfb642698fccd47be75ff0a1,deepseek-chat,561,206,767
5b3144b4cfb642698fccd47be75ff0a1,unknown,0,0,0
5b31b14af93343dfa689673677494be5,ark/deepseek-v3,701,193,894
5b31b14af93343dfa689673677494be5,unknown,0,0,0
5b334ef2779b4418ae3a39c76f00712e,deepseek-chat,670,347,1017
5b334ef2779b4418ae3a39c76f00712e,unknown,0,0,0
5b346afa886b4fae8a3fd8c2b0b5f66c,ark/deepseek-v3,467,83,550
5b346afa886b4fae8a3fd8c2b0b5f66c,unknown,0,0,0
5b368da8e17d4e0ba107c258c81e36e4,ark/deepseek-v3,2847,592,3439
5b368da8e17d4e0ba107c258c81e36e4,unknown,0,0,0
5b3e537e30784b049f13f433051fb4ba,deepseek-chat,670,310,980
5b3e537e30784b049f13f433051fb4ba,unknown,0,0,0
5b3f737ea69a4f789374c8329732fe10,deepseek-chat,561,207,768
5b3f737ea69a4f789374c8329732fe10,unknown,0,0,0
5b3fb38b82a54320b440db4aed446aad,deepseek-chat,561,207,768
5b3fb38b82a54320b440db4aed446aad,unknown,0,0,0
5b4259b1306e41a2ac3f056e7ed45c4b,ark/deepseek-v3,1455,240,1695
5b4259b1306e41a2ac3f056e7ed45c4b,unknown,0,0,0
5b46f17e4a004ccc806f99dbe3a1591e,deepseek-chat,867,388,1255
5b46f17e4a004ccc806f99dbe3a1591e,unknown,0,0,0
5b486fe1e6e745f399f748d7610ec479,ark/deepseek-v3-1,1405,1013,2418
5b486fe1e6e745f399f748d7610ec479,unknown,0,0,0
5b4b2bd1ff194ad8a290ac1a71f48e6b,ark/deepseek-v3,758,102,860
5b4b2bd1ff194ad8a290ac1a71f48e6b,unknown,0,0,0
5b54605b0d9e4b7b88494601a8b03558,ark/deepseek-v3,14886,3461,18347
5b54605b0d9e4b7b88494601a8b03558,unknown,0,0,0
5b55851c8418416e8936d025cd7e0b8b,ark/deepseek-v3,701,200,901
5b55851c8418416e8936d025cd7e0b8b,unknown,0,0,0
5b62c77c4f64498e893c5506248d52c9,deepseek-chat,2204,950,3154
5b62c77c4f64498e893c5506248d52c9,unknown,0,0,0
5b66c3fe84024535928f6f04dab757e2,deepseek-chat,1506,558,2064
5b66c3fe84024535928f6f04dab757e2,unknown,0,0,0
5b6b84cec44b4c048638785a21e1a6ec,ark/deepseek-v3,0,0,0
5b6b84cec44b4c048638785a21e1a6ec,unknown,0,0,0
5b6ce0c9c4c243a092a87e5e929685ee,ark/deepseek-v3,6624,2047,8671
5b6ce0c9c4c243a092a87e5e929685ee,deepseek-chat,6757,547,7304
5b6ce0c9c4c243a092a87e5e929685ee,gpt-4.1,640,21,661
5b6ce0c9c4c243a092a87e5e929685ee,unknown,0,0,0
5b7922e38ffb468e84f29333254e17f3,deepseek-chat,2115,511,2626
5b7922e38ffb468e84f29333254e17f3,unknown,0,0,0
5b7e91b7585b4eea90acd799375f0075,ark/deepseek-v3,13447,2625,16072
5b7e91b7585b4eea90acd799375f0075,unknown,0,0,0
5b80d1eb2c5d473c97d7ac536f19d513,deepseek-chat,705,337,1042
5b80d1eb2c5d473c97d7ac536f19d513,unknown,0,0,0
5b85e38dc2024b2ba3a91793262a8336,deepseek-chat,670,317,987
5b85e38dc2024b2ba3a91793262a8336,unknown,0,0,0
5b8d4a583bf340deac9098d08a75b927,deepseek-chat,0,0,0
5b8d4a583bf340deac9098d08a75b927,unknown,0,0,0
5b97e2798cf848b6b4c24cda7013a8b4,ark/deepseek-v3,4432,964,5396
5b97e2798cf848b6b4c24cda7013a8b4,unknown,0,0,0
5b9b9d5348a746e7b789b0cc195578ec,ark/deepseek-v3,6142,1765,7907
5b9b9d5348a746e7b789b0cc195578ec,deepseek-chat,0,0,0
5b9b9d5348a746e7b789b0cc195578ec,gpt-4.1,639,20,659
5b9b9d5348a746e7b789b0cc195578ec,unknown,0,0,0
5ba19e1037c24ebbbc6ce836820472c4,ark/deepseek-v3,467,81,548
5ba19e1037c24ebbbc6ce836820472c4,unknown,0,0,0
5ba1ed7acbf6423595116e35cdcc30b7,ark/deepseek-v3-1,1405,957,2362
5ba1ed7acbf6423595116e35cdcc30b7,unknown,0,0,0
5ba6e376252e4bbfb6d3e377df28bdb5,deepseek-chat,2880,1200,4080
5ba6e376252e4bbfb6d3e377df28bdb5,unknown,0,0,0
5bab7a978c97478cb54b5687b1e42bab,deepseek-chat,1409,373,1782
5bab7a978c97478cb54b5687b1e42bab,unknown,0,0,0
5bb190a5a11a48fcaf4a6f5a73af6a01,ark/deepseek-v3,28389,5373,33762
5bb190a5a11a48fcaf4a6f5a73af6a01,unknown,0,0,0
5bbba4b667e249258147e482298167df,ark/deepseek-v3,701,183,884
5bbba4b667e249258147e482298167df,unknown,0,0,0
5bbe92c6f2e5496b97b033f71f0095ad,deepseek-chat,561,206,767
5bbe92c6f2e5496b97b033f71f0095ad,unknown,0,0,0
5bc327f4c7b34f1abcfaaca4ef65251c,deepseek-chat,561,206,767
5bc327f4c7b34f1abcfaaca4ef65251c,unknown,0,0,0
5bc4d71b88cd4be794c641ffe70b552f,deepseek-chat,561,206,767
5bc4d71b88cd4be794c641ffe70b552f,unknown,0,0,0
5bc521b0acef4a7ab6d14c0bc6f11c45,deepseek-chat,0,0,0
5bc521b0acef4a7ab6d14c0bc6f11c45,unknown,0,0,0
5bca68b52d984a5f865b7de920858fe9,ark/deepseek-v3,8151,1028,9179
5bca68b52d984a5f865b7de920858fe9,unknown,0,0,0
5bcc0e196d3d4e14b5d87a03374e590c,ark/deepseek-v3,11651,1930,13581
5bcc0e196d3d4e14b5d87a03374e590c,unknown,0,0,0
5bcde58253be4feab6a05123c03b63c6,ark/deepseek-v3,1867,806,2673
5bcde58253be4feab6a05123c03b63c6,unknown,0,0,0
5bd893780b6f4b5692675a717c9eb660,gpt-4.1,774,92,866
5bd893780b6f4b5692675a717c9eb660,unknown,0,0,0
5be5e042cb0b44168fc40907d2dd102e,ark/deepseek-v3,758,116,874
5be5e042cb0b44168fc40907d2dd102e,unknown,0,0,0
5be84861057e46e19db7264491c9b800,ark/deepseek-v3,1089,269,1358
5be84861057e46e19db7264491c9b800,unknown,0,0,0
5bf73ad84f084820b5d939d97cedb0cf,ark/deepseek-v3,2387,477,2864
5bf73ad84f084820b5d939d97cedb0cf,deepseek-chat,4467,173,4640
5bf73ad84f084820b5d939d97cedb0cf,unknown,0,0,0
5c004871a7404ec88f7660680eedbce8,ark/deepseek-v3,14035,2615,16650
5c004871a7404ec88f7660680eedbce8,unknown,0,0,0
5c037ba2c3134bcfb4c360de7360d401,ark/deepseek-v3,7790,1575,9365
5c037ba2c3134bcfb4c360de7360d401,unknown,0,0,0
5c05a63711a94c7590725a6be06d25d0,ark/deepseek-v3,3460,1369,4829
5c05a63711a94c7590725a6be06d25d0,unknown,0,0,0
5c0a393bebd64eae9aa2f97d59f64ece,ark/deepseek-v3,467,96,563
5c0a393bebd64eae9aa2f97d59f64ece,unknown,0,0,0
5c1aa1d54512471e8fa9c7e6a72a933f,ark/deepseek-v3,1131,221,1352
5c1aa1d54512471e8fa9c7e6a72a933f,unknown,0,0,0
5c1cd3dc0f90405ca37d3b93f843f440,deepseek-chat,0,0,0
5c1cd3dc0f90405ca37d3b93f843f440,unknown,0,0,0
5c22a1c2d5a6433bb0f83ac5cfee3572,ark/deepseek-v3,487,147,634
5c22a1c2d5a6433bb0f83ac5cfee3572,unknown,0,0,0
5c277db6a59d42dd96950306251c0c8c,ark/deepseek-v3,2901,1600,4501
5c277db6a59d42dd96950306251c0c8c,unknown,0,0,0
5c36e29271ab4cc9b30f019c56286f19,deepseek-chat,17986,551,18537
5c36e29271ab4cc9b30f019c56286f19,unknown,0,0,0
5c379ccdd46d40679e15431a38be6182,ark/deepseek-v3,0,0,0
5c379ccdd46d40679e15431a38be6182,unknown,0,0,0
5c38566a4f1c46f1bf2e48c7ceed20d8,ark/deepseek-v3,6161,1903,8064
5c38566a4f1c46f1bf2e48c7ceed20d8,gpt-4.1,640,21,661
5c38566a4f1c46f1bf2e48c7ceed20d8,unknown,0,0,0
5c400f586e884afebcba5d495adc4248,ark/deepseek-v3,614,274,888
5c400f586e884afebcba5d495adc4248,unknown,0,0,0
5c405ad4dd42417894f043a6341c61ac,deepseek-chat,1396,602,1998
5c405ad4dd42417894f043a6341c61ac,unknown,0,0,0
5c4150d4a940444e8411963998238f50,ark/deepseek-v3,832,182,1014
5c4150d4a940444e8411963998238f50,unknown,0,0,0
5c422c8929de48feaffbe5ad35188b23,deepseek-chat,2218,910,3128
5c422c8929de48feaffbe5ad35188b23,unknown,0,0,0
5c450275f9454c97aefc2c2542aa309b,deepseek-chat,2158,1342,3500
5c450275f9454c97aefc2c2542aa309b,unknown,0,0,0
5c4758ceda9b4d109816c9362baeee75,deepseek-chat,0,0,0
5c4758ceda9b4d109816c9362baeee75,unknown,0,0,0
5c53778aa5c24d67bfd170397c3c4af1,ark/deepseek-v3,12640,2443,15083
5c53778aa5c24d67bfd170397c3c4af1,unknown,0,0,0
5c5617f8b69e401ab8ace4a767787222,ark/deepseek-v3-1,1405,784,2189
5c5617f8b69e401ab8ace4a767787222,unknown,0,0,0
5c6a21bc51d94c12a8a70094579fec7b,ark/deepseek-v3,29977,5933,35910
5c6a21bc51d94c12a8a70094579fec7b,unknown,0,0,0
5c70878e0f5745c2b824dd1bb8693c33,ark/deepseek-v3,629,305,934
5c70878e0f5745c2b824dd1bb8693c33,deepseek-chat,447,616,1063
5c70878e0f5745c2b824dd1bb8693c33,unknown,0,0,0
5c7acd955a2545c9a255681728becaf5,ark/deepseek-v3,6538,1808,8346
5c7acd955a2545c9a255681728becaf5,unknown,0,0,0
5c7e00eadc6b45c3bf22487d8e2d8cf8,deepseek-chat,2694,1022,3716
5c7e00eadc6b45c3bf22487d8e2d8cf8,unknown,0,0,0
5c82c27d4b5c45148f8ba847ec77891d,deepseek-chat,877,448,1325
5c82c27d4b5c45148f8ba847ec77891d,unknown,0,0,0
5c83f1c680664fc6839b5896bbc79d3c,ark/deepseek-v3,701,176,877
5c83f1c680664fc6839b5896bbc79d3c,unknown,0,0,0
5c84a4d040da4955ad24c4eaf6cfaf13,ark/deepseek-v3,3144,300,3444
5c84a4d040da4955ad24c4eaf6cfaf13,unknown,0,0,0
5c8b563e38574dfe98a23028186a3a37,ark/deepseek-v3,113,1328,1441
5c8b563e38574dfe98a23028186a3a37,unknown,0,0,0
5c96d637c9054ca6adecac2609dbe94d,deepseek-chat,561,207,768
5c96d637c9054ca6adecac2609dbe94d,unknown,0,0,0
5c97e7ed02cd4c648b443d4d87f8fde9,ark/deepseek-v3,467,96,563
5c97e7ed02cd4c648b443d4d87f8fde9,unknown,0,0,0
5c98ae4ee90246319cd4dd2ee7f5d8dd,deepseek-chat,4852,845,5697
5c98ae4ee90246319cd4dd2ee7f5d8dd,unknown,0,0,0
5c98b19c11d8424a9514eaff2e6e0934,ark/deepseek-v3,0,0,0
5c98b19c11d8424a9514eaff2e6e0934,unknown,0,0,0
5c9fb3524c9547019056a07545674604,deepseek-chat,0,0,0
5c9fb3524c9547019056a07545674604,unknown,0,0,0
5ca0834b4a004553a1032b0744c5d07e,ark/deepseek-v3-1,1078,409,1487
5ca0834b4a004553a1032b0744c5d07e,unknown,0,0,0
5cabe23f1ab14f129df69d5c2583b5f5,ark/deepseek-v3,0,0,0
5cabe23f1ab14f129df69d5c2583b5f5,unknown,0,0,0
5cac1c1a581f41e0a1cf31593b059185,deepseek-chat,1554,317,1871
5cac1c1a581f41e0a1cf31593b059185,unknown,0,0,0
5cc40675a010473e84934fb60dc9b6cb,ark/deepseek-v3,2397,463,2860
5cc40675a010473e84934fb60dc9b6cb,unknown,0,0,0
5cd66b44b70f45c3a7afc940ec88f010,deepseek-chat,671,392,1063
5cd66b44b70f45c3a7afc940ec88f010,gpt-4.1,944,104,1048
5cd66b44b70f45c3a7afc940ec88f010,unknown,0,0,0
5cd6b802cd704fafa6f42ae1959bdd6c,ark/deepseek-v3,1225,195,1420
5cd6b802cd704fafa6f42ae1959bdd6c,unknown,0,0,0
5cda9f9ce218425c8b17b11f8babcde5,ark/deepseek-v3,3144,311,3455
5cda9f9ce218425c8b17b11f8babcde5,unknown,0,0,0
5cdc3e1b119e412890592ea309de2657,deepseek-chat,2088,822,2910
5cdc3e1b119e412890592ea309de2657,unknown,0,0,0
5cddaf6f292d4bd98bdb47b9a8930046,ark/deepseek-v3,8488,1570,10058
5cddaf6f292d4bd98bdb47b9a8930046,unknown,0,0,0
5ce07b73713d49c98ddcbfaeb5d4e990,ark/deepseek-v3,701,183,884
5ce07b73713d49c98ddcbfaeb5d4e990,unknown,0,0,0
5cf174d27d394dd0a8efbff1c64da4ea,unknown,0,0,0
5cf320af044a4b97a66dd1f015196282,ark/deepseek-v3,0,0,0
5cf320af044a4b97a66dd1f015196282,unknown,0,0,0
5d115b31565b48d7a9529ef4e4a3229b,deepseek-chat,0,0,0
5d115b31565b48d7a9529ef4e4a3229b,unknown,0,0,0
5d130ac45c6d4928962e555cd4b31045,deepseek-chat,670,367,1037
5d130ac45c6d4928962e555cd4b31045,unknown,0,0,0
5d155f16e002452894c1d833f138a5bd,deepseek-chat,1310,306,1616
5d155f16e002452894c1d833f138a5bd,gpt-4.1,2196,429,2625
5d155f16e002452894c1d833f138a5bd,unknown,0,0,0
5d20eebc6f0346019506341f3aa9da9e,ark/deepseek-v3,112,940,1052
5d20eebc6f0346019506341f3aa9da9e,unknown,0,0,0
5d226eb8131f4e3cb198062bbb558617,unknown,0,0,0
5d25e4a2b05a456ca59c6d48b7a9bff6,deepseek-chat,947,258,1205
5d25e4a2b05a456ca59c6d48b7a9bff6,gpt-4.1,690,297,987
5d25e4a2b05a456ca59c6d48b7a9bff6,unknown,0,0,0
5d27025f378d4af187b52043f860775f,ark/deepseek-v3,467,98,565
5d27025f378d4af187b52043f860775f,unknown,0,0,0
5d28a99e2a144c4db6e39838d803c613,ark/deepseek-v3,4398,281,4679
5d28a99e2a144c4db6e39838d803c613,unknown,0,0,0
5d3368c08f5b45db9bc4b5c09000d50e,ark/deepseek-v3-1,1119,492,1611
5d3368c08f5b45db9bc4b5c09000d50e,unknown,0,0,0
5d38fdabe1054a53844ba07beaa42963,ark/deepseek-v3,0,0,0
5d38fdabe1054a53844ba07beaa42963,unknown,0,0,0
5d3bec34a7be4b39a55d9afd0ad36e21,ark/deepseek-v3,1455,196,1651
5d3bec34a7be4b39a55d9afd0ad36e21,unknown,0,0,0
5d418e840625452ba9286e4b0526bb8a,deepseek-chat,1171,250,1421
5d418e840625452ba9286e4b0526bb8a,unknown,0,0,0
5d425e3a68214cc0a074374f74ada39e,ark/deepseek-v3,0,0,0
5d425e3a68214cc0a074374f74ada39e,unknown,0,0,0
5d42c36f58cb4c73b86728ca8a0134b4,ark/deepseek-v3,2218,405,2623
5d42c36f58cb4c73b86728ca8a0134b4,deepseek-chat,5011,36,5047
5d42c36f58cb4c73b86728ca8a0134b4,unknown,0,0,0
5d4ffcdf3ebe440dbb9a5b9e9ef75af8,deepseek-chat,731,317,1048
5d4ffcdf3ebe440dbb9a5b9e9ef75af8,unknown,0,0,0
5d52452b14cb4e20815aa45223d3ea9a,ark/deepseek-v3,3424,1368,4792
5d52452b14cb4e20815aa45223d3ea9a,unknown,0,0,0
5d547383fca94294a55741ff6e32bd3c,ark/deepseek-v3,1476,974,2450
5d547383fca94294a55741ff6e32bd3c,unknown,0,0,0
5d575910a0474fdfa892221074f6b57c,ark/deepseek-v3-1,3773,1708,5481
5d575910a0474fdfa892221074f6b57c,gpt-4.1,3179,1058,4237
5d575910a0474fdfa892221074f6b57c,unknown,0,0,0
5d58353ccbf442f48f03d779862c43a0,deepseek-chat,733,178,911
5d58353ccbf442f48f03d779862c43a0,unknown,0,0,0
5d58e4c1fa1c42a3b096c76608caa2b6,ark/deepseek-v3,603,305,908
5d58e4c1fa1c42a3b096c76608caa2b6,unknown,0,0,0
5d7239fb87d7448abec0f1a78a68af4a,ark/deepseek-v3,467,126,593
5d7239fb87d7448abec0f1a78a68af4a,unknown,0,0,0
5d7aff44f6db4d92ad2d62ede12c7148,ark/deepseek-v3-1,3360,1089,4449
5d7aff44f6db4d92ad2d62ede12c7148,unknown,0,0,0
5d8ed1dec5f147389b8978f90fcf85e0,deepseek-chat,4,210,214
5d8ed1dec5f147389b8978f90fcf85e0,unknown,0,0,0
5da3834cae004c73a0c38c10321de025,deepseek-chat,2118,947,3065
5da3834cae004c73a0c38c10321de025,unknown,0,0,0
5da5364e4db24315bb993a79106fc11a,ark/deepseek-v3,58,525,583
5da5364e4db24315bb993a79106fc11a,unknown,0,0,0
5da70ab668d947e38a413e412d9977b1,unknown,0,0,0
5da9bfd9680a4519b3c9db1155382e0f,ark/deepseek-v3-1,1405,782,2187
5da9bfd9680a4519b3c9db1155382e0f,unknown,0,0,0
5daf53cf8aff40f3ab5d303e963fab23,deepseek-chat,709,282,991
5daf53cf8aff40f3ab5d303e963fab23,unknown,0,0,0
5db565660f484f838d81d236f4ef0992,ark/deepseek-v3,1774,1026,2800
5db565660f484f838d81d236f4ef0992,unknown,0,0,0
5dba020dda76433c82faff3dd2014e2e,ark/deepseek-v3,2398,460,2858
5dba020dda76433c82faff3dd2014e2e,unknown,0,0,0
5dbf36af61564dd89016f490483b6e18,ark/deepseek-v3,608,209,817
5dbf36af61564dd89016f490483b6e18,unknown,0,0,0
5dc2128e2b2a4ab6b4ca5232ceeb2d86,unknown,0,0,0
5dc226e71bfb44389d4a09ddd368d2f0,ark/deepseek-v3,628,211,839
5dc226e71bfb44389d4a09ddd368d2f0,unknown,0,0,0
5dc96760a819497184085c971bae48cf,deepseek-chat,932,230,1162
5dc96760a819497184085c971bae48cf,gpt-4.1,672,222,894
5dc96760a819497184085c971bae48cf,unknown,0,0,0
5dd34bb0fe024c5980f8854e893bab53,ark/deepseek-v3,12566,2276,14842
5dd34bb0fe024c5980f8854e893bab53,unknown,0,0,0
5dde36d08894499c8126910ec134db4e,ark/deepseek-v3,697,341,1038
5dde36d08894499c8126910ec134db4e,unknown,0,0,0
5de0aea72cce453aa2fb0038e190444f,deepseek-chat,934,230,1164
5de0aea72cce453aa2fb0038e190444f,gpt-4.1,672,276,948
5de0aea72cce453aa2fb0038e190444f,unknown,0,0,0
5de4260242384f01a1d16cba1fdaca74,deepseek-chat,1297,287,1584
5de4260242384f01a1d16cba1fdaca74,unknown,0,0,0
5de9773bc86d481f954df5490338b45e,ark/deepseek-v3,467,93,560
5de9773bc86d481f954df5490338b45e,unknown,0,0,0
5dec3919816243b9baad5c4f44857f6d,deepseek-chat,671,361,1032
5dec3919816243b9baad5c4f44857f6d,unknown,0,0,0
5df40a41aeca46eabf1dc680c60c7a28,ark/deepseek-v3,6961,1502,8463
5df40a41aeca46eabf1dc680c60c7a28,unknown,0,0,0
5df62327917448eabe036459d0c53bb4,ark/deepseek-v3,5334,1789,7123
5df62327917448eabe036459d0c53bb4,gpt-4.1,710,20,730
5df62327917448eabe036459d0c53bb4,unknown,0,0,0
5df86a90d1a24563bd84624660fce0da,ark/deepseek-v3,5944,1189,7133
5df86a90d1a24563bd84624660fce0da,unknown,0,0,0
5dfbd14701cf4c029fef2d07b5b2c8c1,ark/deepseek-v3,5620,1150,6770
5dfbd14701cf4c029fef2d07b5b2c8c1,unknown,0,0,0
5dfce22b994d4b6d8ab09f47aebbcf0a,deepseek-chat,1303,310,1613
5dfce22b994d4b6d8ab09f47aebbcf0a,gpt-4.1,2185,422,2607
5dfce22b994d4b6d8ab09f47aebbcf0a,unknown,0,0,0
5dfdb3c76597406186ac61de24cb8f18,deepseek-chat,2110,490,2600
5dfdb3c76597406186ac61de24cb8f18,unknown,0,0,0
5dfe1e8e595b415ea2fc960403f86894,ark/deepseek-v3,25647,4784,30431
5dfe1e8e595b415ea2fc960403f86894,unknown,0,0,0
5dfe7c73189641199af93a86c87a96fd,ark/deepseek-v3,1455,239,1694
5dfe7c73189641199af93a86c87a96fd,unknown,0,0,0
5e042ac7580749db97b809d197ec77d3,ark/deepseek-v3,467,96,563
5e042ac7580749db97b809d197ec77d3,unknown,0,0,0
5e069dabd5a646bcafd39d49b15fa85f,ark/deepseek-v3,467,111,578
5e069dabd5a646bcafd39d49b15fa85f,unknown,0,0,0
5e0b87bca4884412872803f1e6b81919,ark/deepseek-v3-1,5081,1160,6241
5e0b87bca4884412872803f1e6b81919,unknown,0,0,0
5e1059f53adb4053b8ad6bc340350bbb,ark/deepseek-v3,1455,210,1665
5e1059f53adb4053b8ad6bc340350bbb,unknown,0,0,0
5e163b5a9a2c4c1e8545033ee5b91da1,ark/deepseek-v3,1075,303,1378
5e163b5a9a2c4c1e8545033ee5b91da1,unknown,0,0,0
5e16868e74da40609d6f9276d9bca440,ark/deepseek-v3,3144,299,3443
5e16868e74da40609d6f9276d9bca440,unknown,0,0,0
5e2038ab54e94ba6970ec4779cf9bf57,deepseek-chat,1653,475,2128
5e2038ab54e94ba6970ec4779cf9bf57,unknown,0,0,0
5e22601b75c349cd8cef4de4b6db2833,ark/deepseek-v3,467,94,561
5e22601b75c349cd8cef4de4b6db2833,unknown,0,0,0
5e22c0978a2043ff8e32c638a337efd3,unknown,0,0,0
5e25b1ed261546c18d3e564ae6362a59,ark/deepseek-v3,758,92,850
5e25b1ed261546c18d3e564ae6362a59,unknown,0,0,0
5e2941fdd5e144c499205f2a6a1311d4,deepseek-chat,3645,842,4487
5e2941fdd5e144c499205f2a6a1311d4,unknown,0,0,0
5e2c800d9c65443b8ccef054c45c4387,deepseek-chat,1485,721,2206
5e2c800d9c65443b8ccef054c45c4387,unknown,0,0,0
5e3cbc8e7fce4a4fac84f51789b65ed4,ark/deepseek-v3,701,199,900
5e3cbc8e7fce4a4fac84f51789b65ed4,unknown,0,0,0
5e44115474be492283227fc221d4015a,ark/deepseek-v3,11045,1355,12400
5e44115474be492283227fc221d4015a,unknown,0,0,0
5e46dc9a778f4d0ab3d934ecfbc1c85c,ark/deepseek-v3,1328,734,2062
5e46dc9a778f4d0ab3d934ecfbc1c85c,unknown,0,0,0
5e48e603f41d49f2a300f86c7f02fef7,ark/deepseek-v3,701,175,876
5e48e603f41d49f2a300f86c7f02fef7,unknown,0,0,0
5e4916d38a63460dbbdae5b15e45195e,ark/deepseek-v3,6625,785,7410
5e4916d38a63460dbbdae5b15e45195e,unknown,0,0,0
5e4d21f8d97b49979025809af248601a,ark/deepseek-v3,5644,1263,6907
5e4d21f8d97b49979025809af248601a,unknown,0,0,0
5e4f0d0e99d34b23bbb3afdf6d1faac0,ark/deepseek-v3,2401,430,2831
5e4f0d0e99d34b23bbb3afdf6d1faac0,unknown,0,0,0
5e518c7c0dc9469a978a62b48336f684,ark/deepseek-v3,467,82,549
5e518c7c0dc9469a978a62b48336f684,unknown,0,0,0
5e51c4097f52420fac382aa979baceb1,deepseek-chat,561,206,767
5e51c4097f52420fac382aa979baceb1,unknown,0,0,0
5e56314be40d429683b6afa107c0f8b5,ark/deepseek-v3-1,3008,1385,4393
5e56314be40d429683b6afa107c0f8b5,unknown,0,0,0
5e59f7c8d9254d5e96a690ca32fbfe39,ark/deepseek-v3,833,154,987
5e59f7c8d9254d5e96a690ca32fbfe39,unknown,0,0,0
5e5d13f5a00347ea898606d65598d4cb,deepseek-chat,561,207,768
5e5d13f5a00347ea898606d65598d4cb,unknown,0,0,0
5e60b49663c84edea139a3559437be5d,deepseek-chat,2058,882,2940
5e60b49663c84edea139a3559437be5d,unknown,0,0,0
5e67e5989b3947048bfa0fa3909bf79e,ark/deepseek-v3,71,723,794
5e67e5989b3947048bfa0fa3909bf79e,unknown,0,0,0
5e819d9873964c97bec5e263b0e37ea0,ark/deepseek-v3,8965,1189,10154
5e819d9873964c97bec5e263b0e37ea0,unknown,0,0,0
5e83103cfa374f4a974f139a19f69763,ark/deepseek-v3,1869,299,2168
5e83103cfa374f4a974f139a19f69763,unknown,0,0,0
5e86e40e9ee643a5b896a42877598442,ark/deepseek-v3,9198,1619,10817
5e86e40e9ee643a5b896a42877598442,unknown,0,0,0
5e8924c97dd340719d39d865d5adc820,ark/deepseek-v3,2303,415,2718
5e8924c97dd340719d39d865d5adc820,unknown,0,0,0
5e8b3c74ea754a809146ee0f0cb0608d,deepseek-chat,671,456,1127
5e8b3c74ea754a809146ee0f0cb0608d,unknown,0,0,0
5e8e1d99d72442bdbda25758193a1f90,ark/deepseek-v3,623,283,906
5e8e1d99d72442bdbda25758193a1f90,unknown,0,0,0
5e96ff3191104126b4aac3c4a2a9e767,deepseek-chat,1521,337,1858
5e96ff3191104126b4aac3c4a2a9e767,unknown,0,0,0
5e9d8215feda44d6b425ee166a7fee0d,ark/deepseek-v3,467,96,563
5e9d8215feda44d6b425ee166a7fee0d,unknown,0,0,0
5e9d87e076524af7b2e67faa15de521d,unknown,0,0,0
5ea82a6d8c784d3c96d176cbc1bb9595,ark/deepseek-v3,467,97,564
5ea82a6d8c784d3c96d176cbc1bb9595,unknown,0,0,0
5eac6e28f22b4361814a42043181ca70,ark/deepseek-v3,1058,27,1085
5eac6e28f22b4361814a42043181ca70,gpt-4-0613,18198,6021,24219
5eac6e28f22b4361814a42043181ca70,unknown,0,0,0
5eafe0fa8e5a477ca176dfb790741b90,deepseek-chat,2198,702,2900
5eafe0fa8e5a477ca176dfb790741b90,unknown,0,0,0
5ebad6b12a5d4a36aa8e23f19450071d,ark/deepseek-v3-1,969,359,1328
5ebad6b12a5d4a36aa8e23f19450071d,unknown,0,0,0
5ebe5ec511474e06877f230cde0ca9f6,ark/deepseek-v3,1837,369,2206
5ebe5ec511474e06877f230cde0ca9f6,unknown,0,0,0
5ec05e81c8d24bb4898a41b8a0c999fc,deepseek-chat,561,206,767
5ec05e81c8d24bb4898a41b8a0c999fc,unknown,0,0,0
5ec0ddba618e4087ae35ecccc0901165,ark/deepseek-v3,2623,285,2908
5ec0ddba618e4087ae35ecccc0901165,unknown,0,0,0
5ed2bc60fde04b6abc426552ecf82133,deepseek-chat,0,0,0
5ed2bc60fde04b6abc426552ecf82133,unknown,0,0,0
5ee59dbe18af4c1a9db0865e4841605d,deepseek-chat,3099,1155,4254
5ee59dbe18af4c1a9db0865e4841605d,gpt-4.1,4292,1085,5377
5ee59dbe18af4c1a9db0865e4841605d,unknown,0,0,0
5eeda5c0e74a43dfbc15b5251b5f89ef,ark/deepseek-v3,1116,26,1142
5eeda5c0e74a43dfbc15b5251b5f89ef,unknown,0,0,0
5ef5e97fcd7f414dac8dcafce5cba8e1,deepseek-chat,897,356,1253
5ef5e97fcd7f414dac8dcafce5cba8e1,unknown,0,0,0
5efc30231cd944aeac0fb53516b17b13,deepseek-chat,4040,861,4901
5efc30231cd944aeac0fb53516b17b13,unknown,0,0,0
5effad66300a43f3bedf8f38659ce5a9,ark/deepseek-v3,0,0,0
5effad66300a43f3bedf8f38659ce5a9,unknown,0,0,0
5f01263cd90645f3a16b735895e058a8,ark/deepseek-v3,467,98,565
5f01263cd90645f3a16b735895e058a8,unknown,0,0,0
5f07d88512124984b4c76b0468125511,ark/deepseek-v3,3143,302,3445
5f07d88512124984b4c76b0468125511,unknown,0,0,0
5f087c7074ae43e18649b300ad525fc8,ark/deepseek-v3,1455,203,1658
5f087c7074ae43e18649b300ad525fc8,unknown,0,0,0
5f0b2a39f0284853bf24a4f80258ce4b,ark/deepseek-v3,3082,352,3434
5f0b2a39f0284853bf24a4f80258ce4b,unknown,0,0,0
5f0be891a7db4f10a95db262aad0bdd4,ark/deepseek-v3,5651,1133,6784
5f0be891a7db4f10a95db262aad0bdd4,unknown,0,0,0
5f0ce0a3309645afa97985b74b509e6b,ark/deepseek-v3,1259,453,1712
5f0ce0a3309645afa97985b74b509e6b,unknown,0,0,0
5f0ee1fe93af4041be074e1c6881fad1,ark/deepseek-v3,0,0,0
5f0ee1fe93af4041be074e1c6881fad1,unknown,0,0,0
5f2040626d0d413d84f77e087810ad1a,deepseek-chat,850,332,1182
5f2040626d0d413d84f77e087810ad1a,unknown,0,0,0
5f2335e52f0a4a89b81122fbf33c05f8,deepseek-chat,1052,392,1444
5f2335e52f0a4a89b81122fbf33c05f8,gpt-4.1,1417,297,1714
5f2335e52f0a4a89b81122fbf33c05f8,unknown,0,0,0
5f25db7d30194dcf81baf8136f499a02,ark/deepseek-v3,1455,185,1640
5f25db7d30194dcf81baf8136f499a02,unknown,0,0,0
5f28147a47ae497bb6aea44ebf5aff67,deepseek-chat,3991,1362,5353
5f28147a47ae497bb6aea44ebf5aff67,gpt-4.1,3378,814,4192
5f28147a47ae497bb6aea44ebf5aff67,unknown,0,0,0
5f34c0bd84c14e9c80cc1a853e10de97,ark/deepseek-v3,2360,486,2846
5f34c0bd84c14e9c80cc1a853e10de97,unknown,0,0,0
5f416da54aaa4ff29f1cae6e5abebcab,deepseek-chat,1384,553,1937
5f416da54aaa4ff29f1cae6e5abebcab,unknown,0,0,0
5f4305f12be24d669197995a9ee9d7b5,ark/deepseek-v3,3456,1501,4957
5f4305f12be24d669197995a9ee9d7b5,unknown,0,0,0
5f49a9c9f6ac45a499e24f250ad17359,ark/deepseek-v3,3583,1635,5218
5f49a9c9f6ac45a499e24f250ad17359,deepseek-chat,7327,76,7403
5f49a9c9f6ac45a499e24f250ad17359,unknown,0,0,0
5f53c698b51d44ec84e30d24c8f1b4ad,ark/deepseek-v3,1089,335,1424
5f53c698b51d44ec84e30d24c8f1b4ad,unknown,0,0,0
5f5ab569ca244e5a9565ca72a05eb8ef,deepseek-chat,3261,1154,4415
5f5ab569ca244e5a9565ca72a05eb8ef,unknown,0,0,0
5f633e5418384729aa481b19c2680e70,deepseek-chat,2192,782,2974
5f633e5418384729aa481b19c2680e70,unknown,0,0,0
5f64a6447790420e9cefac805a5b46f0,ark/deepseek-v3-1,2874,981,3855
5f64a6447790420e9cefac805a5b46f0,unknown,0,0,0
5f71eb6545bf45f39224ebec1dba1da9,deepseek-chat,2197,1048,3245
5f71eb6545bf45f39224ebec1dba1da9,unknown,0,0,0
5f7371c2d4bd46f987a0c2f2396efd4b,ark/deepseek-v3,1558,890,2448
5f7371c2d4bd46f987a0c2f2396efd4b,unknown,0,0,0
5f739f5f6de6481cabdd5553e5dd0044,deepseek-chat,2045,529,2574
5f739f5f6de6481cabdd5553e5dd0044,unknown,0,0,0
5f7536da13e34c66815fe0ebfc68b0a1,ark/deepseek-v3,467,97,564
5f7536da13e34c66815fe0ebfc68b0a1,unknown,0,0,0
5f75bc37762c4b288f115bc0abb80218,ark/deepseek-v3,15500,3755,19255
5f75bc37762c4b288f115bc0abb80218,unknown,0,0,0
5f797adf12fc40718a06510b33a33b76,ark/deepseek-v3,748,113,861
5f797adf12fc40718a06510b33a33b76,unknown,0,0,0
5f7ceeec21c6494abe87e7c9bd9dee78,deepseek-chat,1055,422,1477
5f7ceeec21c6494abe87e7c9bd9dee78,gpt-4.1,941,28,969
5f7ceeec21c6494abe87e7c9bd9dee78,unknown,0,0,0
5f82a2ae586b46e8810c11c895c81ac6,ark/deepseek-v3,467,85,552
5f82a2ae586b46e8810c11c895c81ac6,unknown,0,0,0
5f876386a04e4012bd9bd5a2e8de6749,deepseek-chat,1055,403,1458
5f876386a04e4012bd9bd5a2e8de6749,gpt-4.1,2190,326,2516
5f876386a04e4012bd9bd5a2e8de6749,unknown,0,0,0
5f8b36466f414df0afc7e568a316bb78,ark/deepseek-v3,465,98,563
5f8b36466f414df0afc7e568a316bb78,unknown,0,0,0
5f8b47cebf7649d9877d1c4a69c8d869,ark/deepseek-v3,5849,595,6444
5f8b47cebf7649d9877d1c4a69c8d869,unknown,0,0,0
5f8c599626db4b15a0ccec3228c99707,deepseek-chat,561,207,768
5f8c599626db4b15a0ccec3228c99707,unknown,0,0,0
5f9078e3678b468ebc23fb8b3bacbfe8,ark/deepseek-v3,2206,1099,3305
5f9078e3678b468ebc23fb8b3bacbfe8,unknown,0,0,0
5f99d3c7b7ac401284106a96103c1c5d,deepseek-chat,3543,1265,4808
5f99d3c7b7ac401284106a96103c1c5d,unknown,0,0,0
5f9b7a70d88f48f2987c59d864928b61,ark/deepseek-v3,701,177,878
5f9b7a70d88f48f2987c59d864928b61,unknown,0,0,0
5f9c8ef85b434c889912476e93334452,deepseek-chat,890,473,1363
5f9c8ef85b434c889912476e93334452,unknown,0,0,0
5fb51ae9f4db473b9df0d95bd3466bd3,ark/deepseek-v3,1312,615,1927
5fb51ae9f4db473b9df0d95bd3466bd3,unknown,0,0,0
5fbab166fb224a7ea8beca292f3a762d,deepseek-chat,0,0,0
5fbab166fb224a7ea8beca292f3a762d,unknown,0,0,0
5fbb578673e04be181f7e4d6e319b3df,ark/deepseek-v3,1509,677,2186
5fbb578673e04be181f7e4d6e319b3df,unknown,0,0,0
5fbca740c13c4db78c1329dc30c82a65,ark/deepseek-v3,467,135,602
5fbca740c13c4db78c1329dc30c82a65,unknown,0,0,0
5fc0554709f840f0a8b37a4a7fa5a833,ark/deepseek-v3,7002,1386,8388
5fc0554709f840f0a8b37a4a7fa5a833,unknown,0,0,0
5fc2468cabb2478780bd87b2c19197ba,ark/deepseek-v3,699,182,881
5fc2468cabb2478780bd87b2c19197ba,unknown,0,0,0
5fc326e9dce24547b9b12885846c135b,deepseek-chat,787,287,1074
5fc326e9dce24547b9b12885846c135b,unknown,0,0,0
5fc9e43876bb4c04aa95c5e7b2255b17,deepseek-chat,1190,482,1672
5fc9e43876bb4c04aa95c5e7b2255b17,unknown,0,0,0
5fd371e60db347a1beb825008e1f306e,deepseek-chat,2886,1027,3913
5fd371e60db347a1beb825008e1f306e,gpt-4.1,5604,1017,6621
5fd371e60db347a1beb825008e1f306e,unknown,0,0,0
5fdb2a51db7d419a89941092e6ca7360,ark/deepseek-v3,2396,487,2883
5fdb2a51db7d419a89941092e6ca7360,unknown,0,0,0
5fdc24d5760a4d7ebe9a6443aa13ffbc,unknown,0,0,0
5fe03f7dbef64a2f860201425bbe1f6a,deepseek-chat,1375,535,1910
5fe03f7dbef64a2f860201425bbe1f6a,unknown,0,0,0
5ffcfd34950341e5bf7a43d0779f03f7,ark/deepseek-v3,6951,1517,8468
5ffcfd34950341e5bf7a43d0779f03f7,unknown,0,0,0
60000d611c0a471aa0e8f9695a24f400,ark/deepseek-v3,3423,673,4096
60000d611c0a471aa0e8f9695a24f400,unknown,0,0,0
6003bf896a154faf8663ffeba23750fb,deepseek-chat,1527,280,1807
6003bf896a154faf8663ffeba23750fb,unknown,0,0,0
60050230382b4ab8927622e6c6dd38e9,deepseek-chat,0,0,0
60050230382b4ab8927622e6c6dd38e9,unknown,0,0,0
6005e437dd114ddf8b4f97dfa5bd4395,ark/kimi-k2,596,44,640
6005e437dd114ddf8b4f97dfa5bd4395,unknown,0,0,0
60114464ab64486c8fd198e1b6d51a18,ark/deepseek-v3,1455,219,1674
60114464ab64486c8fd198e1b6d51a18,unknown,0,0,0
6011e1e3a4d14a94b891946670ddaadd,ark/deepseek-v3,1234,633,1867
6011e1e3a4d14a94b891946670ddaadd,unknown,0,0,0
60172bf4c43b4bf681fcc3156be714fe,ark/deepseek-v3,467,94,561
60172bf4c43b4bf681fcc3156be714fe,unknown,0,0,0
60247f9293974f75b101e4e3b0279e41,ark/deepseek-v3,1254,450,1704
60247f9293974f75b101e4e3b0279e41,unknown,0,0,0
6028d4a473884d60a81a82fff647ab62,ark/deepseek-v3,467,85,552
6028d4a473884d60a81a82fff647ab62,unknown,0,0,0
602fd1f6e5ee4eac82493743756341c5,deepseek-chat,3287,1575,4862
602fd1f6e5ee4eac82493743756341c5,gpt-4.1,3342,704,4046
602fd1f6e5ee4eac82493743756341c5,unknown,0,0,0
6032b43b9ef44940a320a3eff07c6a9a,ark/deepseek-v3,4153,1412,5565
6032b43b9ef44940a320a3eff07c6a9a,unknown,0,0,0
603436ccce6b4bf4ab30e6ed27581061,deepseek-chat,2238,951,3189
603436ccce6b4bf4ab30e6ed27581061,unknown,0,0,0
6035d330db3e4245a36e8c609d173ee7,ark/deepseek-v3,17268,3140,20408
6035d330db3e4245a36e8c609d173ee7,unknown,0,0,0
603855d514b542c7aa0fa4155e2bdb29,deepseek-chat,975,291,1266
603855d514b542c7aa0fa4155e2bdb29,gpt-4.1,723,274,997
603855d514b542c7aa0fa4155e2bdb29,unknown,0,0,0
6041d6995ec644b488a6a79935319350,deepseek-chat,877,410,1287
6041d6995ec644b488a6a79935319350,unknown,0,0,0
6043d08372fd446b8aa96198710c8522,ark/deepseek-v3,467,100,567
6043d08372fd446b8aa96198710c8522,unknown,0,0,0
604f97a89453434c9a0281b764319159,ark/deepseek-v3,1831,897,2728
604f97a89453434c9a0281b764319159,unknown,0,0,0
60500179ddf34c2a820c75ab55e986a6,deepseek-chat,5451,1715,7166
60500179ddf34c2a820c75ab55e986a6,unknown,0,0,0
60513301453a427aa7172bdbf0e62658,deepseek-chat,670,364,1034
60513301453a427aa7172bdbf0e62658,unknown,0,0,0
60577fba8de54448be5af4fd6fe8134e,ark/deepseek-v3,467,84,551
60577fba8de54448be5af4fd6fe8134e,unknown,0,0,0
6057b3e65e354678bc412b5b4c46e7cd,ark/deepseek-v3,1455,226,1681
6057b3e65e354678bc412b5b4c46e7cd,unknown,0,0,0
60597efc0c794f0fbde37e4dc6fe732a,ark/deepseek-v3,701,175,876
60597efc0c794f0fbde37e4dc6fe732a,unknown,0,0,0
605e7650bd6241c4a4c2be27e93ffa3e,deepseek-chat,905,471,1376
605e7650bd6241c4a4c2be27e93ffa3e,unknown,0,0,0
605ebbfb19f64f39a7a4ae259eb50015,ark/deepseek-v3,465,85,550
605ebbfb19f64f39a7a4ae259eb50015,unknown,0,0,0
6062f81d0cd34922aee4cb61ac3a59b1,deepseek-chat,3106,894,4000
6062f81d0cd34922aee4cb61ac3a59b1,gpt-4.1,4141,881,5022
6062f81d0cd34922aee4cb61ac3a59b1,unknown,0,0,0
6063b84f879041cd9dce58f1429e352f,ark/deepseek-v3,4599,1058,5657
6063b84f879041cd9dce58f1429e352f,unknown,0,0,0
60648173206b4af898b90f1e442474e7,deepseek-chat,1377,607,1984
60648173206b4af898b90f1e442474e7,unknown,0,0,0
6065918890f84952a230f9f81073b63d,deepseek-chat,1203,294,1497
6065918890f84952a230f9f81073b63d,unknown,0,0,0
606e8e0e8c504a709b24ee4d890dd97d,unknown,0,0,0
607662c6d1464c06897da8f8dd6119ac,deepseek-chat,2576,1007,3583
607662c6d1464c06897da8f8dd6119ac,unknown,0,0,0
607f5d3c5b5846f28e911728ad0caf1e,ark/deepseek-v3,5487,541,6028
607f5d3c5b5846f28e911728ad0caf1e,unknown,0,0,0
608037493c68480a9e1a27ee8fa52dcf,ark/deepseek-v3,9006,1702,10708
608037493c68480a9e1a27ee8fa52dcf,unknown,0,0,0
60875fc31e2145c1ae01ccd7e81e3298,deepseek-chat,2193,834,3027
60875fc31e2145c1ae01ccd7e81e3298,unknown,0,0,0
60893c76c65545c09fa07c19fe80e60d,ark/deepseek-v3,1091,277,1368
60893c76c65545c09fa07c19fe80e60d,unknown,0,0,0
608f9cc913884cb0b0488731a45a8241,ark/deepseek-v3,2117,1264,3381
608f9cc913884cb0b0488731a45a8241,unknown,0,0,0
60a194a3dc314f908e3d2281622d1934,ark/deepseek-v3,1937,415,2352
60a194a3dc314f908e3d2281622d1934,unknown,0,0,0
60a7a9cd9970458691c9c590ae7f38eb,deepseek-chat,715,271,986
60a7a9cd9970458691c9c590ae7f38eb,unknown,0,0,0
60aaa92066b0463e8cebdbc4cfa665f1,ark/deepseek-v3,3136,598,3734
60aaa92066b0463e8cebdbc4cfa665f1,unknown,0,0,0
60bde8dc9a5340b8b0af2bb5e402d820,deepseek-chat,670,354,1024
60bde8dc9a5340b8b0af2bb5e402d820,unknown,0,0,0
60c015d5c8b04006b5200cc518c8200e,deepseek-chat,658,346,1004
60c015d5c8b04006b5200cc518c8200e,unknown,0,0,0
60cabe79d9e34522a301e84e163a2740,ark/deepseek-v3,1251,215,1466
60cabe79d9e34522a301e84e163a2740,unknown,0,0,0
60cb66f9902a45eab6fec4d0a6a0b858,deepseek-chat,3513,1686,5199
60cb66f9902a45eab6fec4d0a6a0b858,unknown,0,0,0
60d7910bbb3e4b468082e7cc573c87a8,ark/deepseek-v3,2078,1199,3277
60d7910bbb3e4b468082e7cc573c87a8,unknown,0,0,0
60dd3941de8b489a80c4d8482542aa5b,ark/deepseek-v3,3143,321,3464
60dd3941de8b489a80c4d8482542aa5b,unknown,0,0,0
60dfe7831a4b4ad1a735596caca1e0d0,ark/deepseek-v3,846,596,1442
60dfe7831a4b4ad1a735596caca1e0d0,unknown,0,0,0
60e70e766eae430a888d6a6803d1da27,deepseek-chat,2252,939,3191
60e70e766eae430a888d6a6803d1da27,unknown,0,0,0
60ec9d16ca7844d5bc8683d39a410f81,ark/deepseek-v3,467,96,563
60ec9d16ca7844d5bc8683d39a410f81,unknown,0,0,0
60ee886b1f7841f388d494d6dc872e37,ark/deepseek-v3,1061,321,1382
60ee886b1f7841f388d494d6dc872e37,unknown,0,0,0
60f68853287b440b8960b678ce0a7845,ark/deepseek-v3,3098,515,3613
60f68853287b440b8960b678ce0a7845,unknown,0,0,0
60fd32ada99445008ca39b16918239e2,ark/deepseek-v3,3145,300,3445
60fd32ada99445008ca39b16918239e2,unknown,0,0,0
610ae506ce7f4a39a6041203db6a43c9,ark/deepseek-v3,14810,2547,17357
610ae506ce7f4a39a6041203db6a43c9,deepseek-chat,4930,140,5070
610ae506ce7f4a39a6041203db6a43c9,unknown,0,0,0
611c97bea89d41219a892bb254d6e32f,ark/deepseek-v3,1455,196,1651
611c97bea89d41219a892bb254d6e32f,unknown,0,0,0
612236b56a5b4fc09c148ffa5299bf7b,ark/deepseek-v3-1,2717,1085,3802
612236b56a5b4fc09c148ffa5299bf7b,unknown,0,0,0
61258fc4e999451190c7d6d5f6bc2ab7,ark/deepseek-v3,467,100,567
61258fc4e999451190c7d6d5f6bc2ab7,unknown,0,0,0
612f20c53374402b8a50b6f1df653800,deepseek-chat,561,207,768
612f20c53374402b8a50b6f1df653800,unknown,0,0,0
6130b1d4c015400e8386272c7d05396a,deepseek-chat,8265,1019,9284
6130b1d4c015400e8386272c7d05396a,unknown,0,0,0
613764306a8c4c95a202fd0ac22f6055,deepseek-chat,670,361,1031
613764306a8c4c95a202fd0ac22f6055,unknown,0,0,0
6138d846f5fc4287b5c11ba2257364b7,deepseek-chat,0,0,0
6138d846f5fc4287b5c11ba2257364b7,unknown,0,0,0
61406754e3934ef1b79b2e4750f52244,ark/deepseek-v3-1,1405,692,2097
61406754e3934ef1b79b2e4750f52244,unknown,0,0,0
6152a658e8ea4978973f64defeb62c6c,deepseek-chat,561,207,768
6152a658e8ea4978973f64defeb62c6c,unknown,0,0,0
61535c7e20a34749a712f2bcbd2844d2,ark/deepseek-v3,2940,714,3654
61535c7e20a34749a712f2bcbd2844d2,unknown,0,0,0
6153aedd35b5464fa941b19850c9d083,deepseek-chat,1019,378,1397
6153aedd35b5464fa941b19850c9d083,unknown,0,0,0
615441802ab14eb7969e2fb7c4b85f7a,ark/deepseek-v3,701,174,875
615441802ab14eb7969e2fb7c4b85f7a,unknown,0,0,0
61658d5ae0d04b12aceb6d40e65eacbb,deepseek-chat,0,0,0
61658d5ae0d04b12aceb6d40e65eacbb,unknown,0,0,0
6167b12185f14cffbc4d7418086083c7,ark/deepseek-v3,467,82,549
6167b12185f14cffbc4d7418086083c7,unknown,0,0,0
6169bc9005fc49429c1adb1fc24fb7fe,deepseek-chat,3914,1395,5309
6169bc9005fc49429c1adb1fc24fb7fe,gpt-4.1,3339,863,4202
6169bc9005fc49429c1adb1fc24fb7fe,unknown,0,0,0
616fd76302cf4b9cb7f6901af942edc0,deepseek-chat,671,345,1016
616fd76302cf4b9cb7f6901af942edc0,unknown,0,0,0
61736c149d7a4832a02cea3b9f111c6e,ark/deepseek-v3,6607,740,7347
61736c149d7a4832a02cea3b9f111c6e,unknown,0,0,0
6176b02891fc40159893b43ada51fbeb,deepseek-chat,561,207,768
6176b02891fc40159893b43ada51fbeb,unknown,0,0,0
617904923c9340cbbe22d5e78c4ad8bc,ark/deepseek-v3-1,2759,931,3690
617904923c9340cbbe22d5e78c4ad8bc,unknown,0,0,0
6180da4b9be6476eb40c0b9410651837,ark/deepseek-v3,701,175,876
6180da4b9be6476eb40c0b9410651837,unknown,0,0,0
618a8f08145749eca6f07cf506a2e18a,ark/deepseek-v3,701,166,867
618a8f08145749eca6f07cf506a2e18a,unknown,0,0,0
618c18e907b542de9dcf9b6c902ed8cc,unknown,0,0,0
619073fe449142b2bcf4eb57404b7e81,ark/deepseek-v3,1455,168,1623
619073fe449142b2bcf4eb57404b7e81,unknown,0,0,0
61908ee4443c4dce972ca2db74fcb71f,ark/deepseek-v3,6136,1640,7776
61908ee4443c4dce972ca2db74fcb71f,gpt-4.1,638,19,657
61908ee4443c4dce972ca2db74fcb71f,unknown,0,0,0
61a03577231449998de06b27a1c91319,ark/deepseek-v3-1,1405,831,2236
61a03577231449998de06b27a1c91319,unknown,0,0,0
61a42e35f0574517a73aaa0c643dbfaf,deepseek-chat,3559,1970,5529
61a42e35f0574517a73aaa0c643dbfaf,unknown,0,0,0
61b1e628548a49eebeca96e004b44831,deepseek-chat,600,289,889
61b1e628548a49eebeca96e004b44831,unknown,0,0,0
61b48157033042759729d4fa4b27e783,ark/deepseek-v3-1,1782,1135,2917
61b48157033042759729d4fa4b27e783,gpt-4.1,5123,426,5549
61b48157033042759729d4fa4b27e783,unknown,0,0,0
61bd8791bc664990b4f2cd620348d86e,deepseek-chat,561,207,768
61bd8791bc664990b4f2cd620348d86e,unknown,0,0,0
61c44b0f037143bebc7c733dd3965e98,ark/deepseek-v3,4460,711,5171
61c44b0f037143bebc7c733dd3965e98,unknown,0,0,0
61cc68620536435b9eb4f100fb7638af,deepseek-chat,3243,1220,4463
61cc68620536435b9eb4f100fb7638af,unknown,0,0,0
61db37ca90f44c43a8f64d7b578968ea,ark/deepseek-v3,467,98,565
61db37ca90f44c43a8f64d7b578968ea,unknown,0,0,0
61ddfdcd3ccc4955956f18f9b76d2d91,ark/deepseek-v3,13325,2136,15461
61ddfdcd3ccc4955956f18f9b76d2d91,deepseek-chat,3118,212,3330
61ddfdcd3ccc4955956f18f9b76d2d91,unknown,0,0,0
61de6173ae194787aa1f5565cfc98433,deepseek-chat,746,245,991
61de6173ae194787aa1f5565cfc98433,unknown,0,0,0
61e0a8f943554ff08c28482a19cc1875,deepseek-chat,1689,421,2110
61e0a8f943554ff08c28482a19cc1875,unknown,0,0,0
61e2a01e157044b4940dfd6de32bb21a,ark/deepseek-v3,7038,702,7740
61e2a01e157044b4940dfd6de32bb21a,unknown,0,0,0
61f24ef1494b486b81bc9e68203bf514,ark/deepseek-v3,6226,1975,8201
61f24ef1494b486b81bc9e68203bf514,gpt-4.1,641,20,661
61f24ef1494b486b81bc9e68203bf514,unknown,0,0,0
61f66e45611e478da891d6a1e777e747,ark/deepseek-v3,465,97,562
61f66e45611e478da891d6a1e777e747,unknown,0,0,0
61fb7554986d46bd989a98506bb4e4ec,ark/deepseek-v3,4655,804,5459
61fb7554986d46bd989a98506bb4e4ec,unknown,0,0,0
61ff2d470e4d461584e9a3d325869fcf,ark/deepseek-v3,15500,3896,19396
61ff2d470e4d461584e9a3d325869fcf,unknown,0,0,0
61ffa02ac6d649e488405c7da4acaa8d,ark/deepseek-v3,4808,1069,5877
61ffa02ac6d649e488405c7da4acaa8d,unknown,0,0,0
6203d9649df141fd84fcb1ca124cc498,deepseek-chat,561,207,768
6203d9649df141fd84fcb1ca124cc498,unknown,0,0,0
6204466c613c44fa85f752c848f2eb8e,ark/deepseek-v3,701,176,877
6204466c613c44fa85f752c848f2eb8e,unknown,0,0,0
6217aee795694143b2519aadb2c1d40f,ark/deepseek-v3,5921,1823,7744
6217aee795694143b2519aadb2c1d40f,gpt-4.1,634,30,664
6217aee795694143b2519aadb2c1d40f,unknown,0,0,0
621966c58ac1438bb8645410396357db,ark/deepseek-v3,467,96,563
621966c58ac1438bb8645410396357db,unknown,0,0,0
621b1558f74446d0b59c0208d794175f,ark/deepseek-v3,701,198,899
621b1558f74446d0b59c0208d794175f,unknown,0,0,0
62256728167549d98b9ce5a6393ebe09,deepseek-chat,932,541,1473
62256728167549d98b9ce5a6393ebe09,unknown,0,0,0
6227ae4d889743408f57ea590b875141,ark/deepseek-v3,467,89,556
6227ae4d889743408f57ea590b875141,unknown,0,0,0
622ca80d166e45dd851a10c3b46d85ec,deepseek-chat,600,269,869
622ca80d166e45dd851a10c3b46d85ec,unknown,0,0,0
6237cd87c5cc48ed9a7ea4814e40d5fa,ark/deepseek-v3-1,2831,992,3823
6237cd87c5cc48ed9a7ea4814e40d5fa,unknown,0,0,0
6238a7efdb6f43e790561496b0e0e553,ark/deepseek-v3,467,132,599
6238a7efdb6f43e790561496b0e0e553,unknown,0,0,0
623bc1b452d140449f31965184e904f9,ark/deepseek-v3,1088,346,1434
623bc1b452d140449f31965184e904f9,unknown,0,0,0
623cb1d2c48e49e09e0b774e99170fc5,deepseek-chat,3463,266,3729
623cb1d2c48e49e09e0b774e99170fc5,unknown,0,0,0
623d2787fd6f4a0f943dc023fa2c36fd,ark/deepseek-v3,8242,1104,9346
623d2787fd6f4a0f943dc023fa2c36fd,unknown,0,0,0
623f0ada57bd4cf4bb936bde3bfb0f7a,deepseek-chat,2061,917,2978
623f0ada57bd4cf4bb936bde3bfb0f7a,unknown,0,0,0
62411b8a8cce424c86f0ee8117285517,ark/deepseek-v3,2104,1068,3172
62411b8a8cce424c86f0ee8117285517,unknown,0,0,0
6244f68ef73a4a4684e5f807ad95b71c,deepseek-chat,670,298,968
6244f68ef73a4a4684e5f807ad95b71c,unknown,0,0,0
6250ced6a5054813bda19dbeb642b520,ark/deepseek-v3,1507,528,2035
6250ced6a5054813bda19dbeb642b520,unknown,0,0,0
62517e2d2d6046c48630b29199c80da6,ark/deepseek-v3,465,89,554
62517e2d2d6046c48630b29199c80da6,unknown,0,0,0
6255011d318b465fbf6af8df269b2dc5,deepseek-chat,0,0,0
6255011d318b465fbf6af8df269b2dc5,unknown,0,0,0
6262ee1f78834aed90f249639ad44c2d,ark/deepseek-v3,701,183,884
6262ee1f78834aed90f249639ad44c2d,unknown,0,0,0
62658aacaff1456dac29e7df27271986,ark/deepseek-v3,758,107,865
62658aacaff1456dac29e7df27271986,unknown,0,0,0
626da982534e41f8b226bf265cc2cbfb,ark/deepseek-v3,1455,199,1654
626da982534e41f8b226bf265cc2cbfb,unknown,0,0,0
626e5fe601f042ee96f41fc0b5d2a404,ark/deepseek-v3,1455,197,1652
626e5fe601f042ee96f41fc0b5d2a404,unknown,0,0,0
6271aee3193a40998842f6819b4543bd,ark/deepseek-v3,487,104,591
6271aee3193a40998842f6819b4543bd,unknown,0,0,0
62727e4178c64f4594be62ab260da89b,deepseek-chat,1036,406,1442
62727e4178c64f4594be62ab260da89b,gpt-4.1,1903,157,2060
62727e4178c64f4594be62ab260da89b,unknown,0,0,0
627b6d214fea467186036803b9dbc691,ark/deepseek-v3,5944,1325,7269
627b6d214fea467186036803b9dbc691,unknown,0,0,0
6284802382a042eb83a9a630b7e0b547,ark/deepseek-v3,13444,2489,15933
6284802382a042eb83a9a630b7e0b547,unknown,0,0,0
628c0337882f479f923ea85ed330acbd,ark/deepseek-v3,21100,4009,25109
628c0337882f479f923ea85ed330acbd,deepseek-chat,38938,3186,42124
628c0337882f479f923ea85ed330acbd,unknown,0,0,0
628d12d6d8c044409eb840f497361e66,deepseek-chat,1476,521,1997
628d12d6d8c044409eb840f497361e66,unknown,0,0,0
62958d727a434df58cf83d9fa13ef755,deepseek-chat,561,207,768
62958d727a434df58cf83d9fa13ef755,unknown,0,0,0
6295ab7bbb954b79baa90603c4f0768b,deepseek-chat,2235,981,3216
6295ab7bbb954b79baa90603c4f0768b,unknown,0,0,0
629db5b1fac342fdb9c5b3d633ce1080,ark/deepseek-v3,12831,1930,14761
629db5b1fac342fdb9c5b3d633ce1080,unknown,0,0,0
62a14564e80442b2b5009ec5f9c4bddb,ark/deepseek-v3,806,132,938
62a14564e80442b2b5009ec5f9c4bddb,unknown,0,0,0
62a8c7be1eb04cc4ae4d5c75c0b10725,ark/deepseek-v3,1156,457,1613
62a8c7be1eb04cc4ae4d5c75c0b10725,unknown,0,0,0
62ab3850d3eb4cf6b6d8173c32ec1b32,unknown,0,0,0
62abb23585804ff582f4e44a4cdb4593,ark/deepseek-v3,0,0,0
62abb23585804ff582f4e44a4cdb4593,unknown,0,0,0
62bb059ba3474e0693d19d36f2683f1a,ark/deepseek-v3-1,3368,1229,4597
62bb059ba3474e0693d19d36f2683f1a,unknown,0,0,0
62bb2e7b686c4fd0b2660d23f4001610,ark/deepseek-v3-1,0,0,0
62bb2e7b686c4fd0b2660d23f4001610,unknown,0,0,0
62bbfcbbd10b4429b35a323b2253993e,deepseek-chat,561,207,768
62bbfcbbd10b4429b35a323b2253993e,unknown,0,0,0
62c1ca73ae704951bc855f686002660a,ark/deepseek-v3,6094,684,6778
62c1ca73ae704951bc855f686002660a,unknown,0,0,0
62c67c0bcdbe4205a811cef3432313d0,gpt-4-0613,5918,2101,8019
62c67c0bcdbe4205a811cef3432313d0,unknown,0,0,0
62ca757721f24c769acf047037b10f21,ark/deepseek-v3,2909,629,3538
62ca757721f24c769acf047037b10f21,unknown,0,0,0
62d293aeccae4d128b5e05ad2e530eae,deepseek-chat,1306,286,1592
62d293aeccae4d128b5e05ad2e530eae,gpt-4.1,3938,645,4583
62d293aeccae4d128b5e05ad2e530eae,unknown,0,0,0
62d441ac72494c96b8fbcb29535595ca,ark/deepseek-v3,1450,806,2256
62d441ac72494c96b8fbcb29535595ca,unknown,0,0,0
62d58b1222e845868793d974d8c14039,deepseek-chat,2245,1001,3246
62d58b1222e845868793d974d8c14039,unknown,0,0,0
62dc6fd1b39740cd9e672841b3db7929,ark/deepseek-v3,0,0,0
62dc6fd1b39740cd9e672841b3db7929,unknown,0,0,0
62e5614842cc41e89de280977f91bebb,ark/deepseek-v3,701,200,901
62e5614842cc41e89de280977f91bebb,unknown,0,0,0
62eb03f1979349cc9603a4be7f1ef5f3,deepseek-chat,851,412,1263
62eb03f1979349cc9603a4be7f1ef5f3,unknown,0,0,0
62ebf5a9939b4b84beb46170bf4ae3c8,ark/deepseek-v3,1251,216,1467
62ebf5a9939b4b84beb46170bf4ae3c8,unknown,0,0,0
62effedcf2d84d6f93b6147fd9fcaa3a,ark/deepseek-v3,701,199,900
62effedcf2d84d6f93b6147fd9fcaa3a,unknown,0,0,0
62f03a808cb440cc8719d6230bdc6c00,ark/deepseek-v3,842,92,934
62f03a808cb440cc8719d6230bdc6c00,unknown,0,0,0
62f1be534a29488a9385b6f65cb3d9f2,ark/deepseek-v3,4119,1591,5710
62f1be534a29488a9385b6f65cb3d9f2,unknown,0,0,0
62f25109c9c5477e823274047711a6bf,ark/deepseek-v3-1,1405,944,2349
62f25109c9c5477e823274047711a6bf,unknown,0,0,0
62ff393c0756453f8a7b8351ed9d503a,ark/deepseek-v3-1,1405,811,2216
62ff393c0756453f8a7b8351ed9d503a,unknown,0,0,0
63162d975ed64169aa52b284fe4f0769,ark/deepseek-v3,467,94,561
63162d975ed64169aa52b284fe4f0769,unknown,0,0,0
63202eec625c446ea84ee91d0574b528,deepseek-chat,671,488,1159
63202eec625c446ea84ee91d0574b528,unknown,0,0,0
63229bb1163d451db38ab3fc78728818,ark/deepseek-v3,0,0,0
63229bb1163d451db38ab3fc78728818,unknown,0,0,0
632b3bd6e73840538b6b912a9d797707,ark/deepseek-v3-1,584,315,899
63308b861cc74929bf5e3f2aae7c5968,deepseek-chat,0,0,0
63308b861cc74929bf5e3f2aae7c5968,unknown,0,0,0
63335c95163b43dbbf5b38ec0ffb3e0e,ark/deepseek-v3,6135,1719,7854
63335c95163b43dbbf5b38ec0ffb3e0e,gpt-4.1,638,19,657
63335c95163b43dbbf5b38ec0ffb3e0e,unknown,0,0,0
63342742c79846e5906f5efaf28eb829,deepseek-chat,15605,1705,17310
63342742c79846e5906f5efaf28eb829,unknown,0,0,0
633c68ca79314772833659f849dd8fb3,unknown,0,0,0
634865d54666419a85fc82ead438a9b1,ark/deepseek-v3,1089,284,1373
634865d54666419a85fc82ead438a9b1,unknown,0,0,0
634b8955f2404705967e5449a2e19dc3,ark/deepseek-v3,467,121,588
634b8955f2404705967e5449a2e19dc3,unknown,0,0,0
6351d912751f43b5b8c49cd32b7590eb,deepseek-chat,1027,170,1197
6351d912751f43b5b8c49cd32b7590eb,unknown,0,0,0
6352c27c5fb840b0be4fc9dcc9cc3828,ark/deepseek-v3,2304,413,2717
6352c27c5fb840b0be4fc9dcc9cc3828,unknown,0,0,0
6367cd2e10fe47edb2cfe0e66731d311,ark/deepseek-v3,1981,905,2886
6367cd2e10fe47edb2cfe0e66731d311,unknown,0,0,0
637041108a2a42e1948c2a1d410411ef,deepseek-chat,670,341,1011
637041108a2a42e1948c2a1d410411ef,unknown,0,0,0
63758a18bf8c48d8b9067d858ae91487,ark/deepseek-v3,1455,246,1701
63758a18bf8c48d8b9067d858ae91487,unknown,0,0,0
6376cd17f8ef4357a1b2e24f5e29438f,ark/deepseek-v3,6319,1768,8087
6376cd17f8ef4357a1b2e24f5e29438f,gpt-4.1,638,19,657
6376cd17f8ef4357a1b2e24f5e29438f,unknown,0,0,0
6379b7678e114b34b58a287b92857a23,deepseek-chat,763,123,886
6379b7678e114b34b58a287b92857a23,unknown,0,0,0
637a3b8d91674cf3826af1f57c2cb944,deepseek-chat,658,330,988
637a3b8d91674cf3826af1f57c2cb944,unknown,0,0,0
638649ad00984fbf98e53a885c69ada3,ark/deepseek-v3,701,177,878
638649ad00984fbf98e53a885c69ada3,unknown,0,0,0
6391488606a944cca076ba48b574c650,ark/deepseek-v3,11046,1075,12121
6391488606a944cca076ba48b574c650,unknown,0,0,0
63976916c93e4ee19b3db51f5d13b3c7,ark/deepseek-v3,758,105,863
63976916c93e4ee19b3db51f5d13b3c7,unknown,0,0,0
639789bc70ab40d3a2b4ffea72e66718,deepseek-chat,1055,503,1558
639789bc70ab40d3a2b4ffea72e66718,gpt-4.1,944,29,973
639789bc70ab40d3a2b4ffea72e66718,unknown,0,0,0
63a3fd092ffd4798a31c9fb7fbb444fd,ark/deepseek-v3,1455,188,1643
63a3fd092ffd4798a31c9fb7fbb444fd,unknown,0,0,0
63ad7237a90f48f880e37384f748a022,deepseek-chat,670,316,986
63ad7237a90f48f880e37384f748a022,unknown,0,0,0
63b23392cc274891b94237e6a86b7a53,deepseek-chat,0,0,0
63b23392cc274891b94237e6a86b7a53,unknown,0,0,0
63b5efa9932b4e2da7d0d3da4d942346,deepseek-chat,561,207,768
63b5efa9932b4e2da7d0d3da4d942346,unknown,0,0,0
63bc4b1ab159427e92058cfae0b46824,ark/deepseek-v3,9517,2279,11796
63bc4b1ab159427e92058cfae0b46824,unknown,0,0,0
63bc6f27938d474e8c83858905d791eb,ark/deepseek-v3,32805,6526,39331
63bc6f27938d474e8c83858905d791eb,deepseek-chat,5528,277,5805
63bc6f27938d474e8c83858905d791eb,unknown,0,0,0
63c047f911d5427eb0094f8e5547942f,ark/deepseek-v3,3990,747,4737
63c047f911d5427eb0094f8e5547942f,unknown,0,0,0
63c2fa6724d54cb1943eb1649913e98d,deepseek-chat,3892,1614,5506
63c2fa6724d54cb1943eb1649913e98d,gpt-4.1,3325,928,4253
63c2fa6724d54cb1943eb1649913e98d,unknown,0,0,0
63c936f37b234338b22466910b1ef881,ark/deepseek-v3,1089,298,1387
63c936f37b234338b22466910b1ef881,unknown,0,0,0
63ca05423b6c4003b5203e9f8854374a,ark/deepseek-v3-1,1329,958,2287
63ca05423b6c4003b5203e9f8854374a,unknown,0,0,0
63caf09a572949008e51663218eaad7c,deepseek-chat,2691,651,3342
63caf09a572949008e51663218eaad7c,unknown,0,0,0
63dbd93b379742bca41978958b38a190,ark/deepseek-v3,877,509,1386
63dbd93b379742bca41978958b38a190,unknown,0,0,0
63e08fbced3043a7874a2d036452f34c,deepseek-chat,671,429,1100
63e08fbced3043a7874a2d036452f34c,unknown,0,0,0
63eecaa07f564d7e91f57db979d9a491,ark/deepseek-v3,701,175,876
63eecaa07f564d7e91f57db979d9a491,unknown,0,0,0
63f246106ebf43d1af03a93d03280e00,ark/deepseek-v3,0,0,0
63f246106ebf43d1af03a93d03280e00,unknown,0,0,0
63f2912eb3fe4b2abe7108b3b6a9fe6d,ark/deepseek-v3,701,175,876
63f2912eb3fe4b2abe7108b3b6a9fe6d,unknown,0,0,0
63f76bc6153f4528baf88be55295529e,deepseek-chat,670,379,1049
63f76bc6153f4528baf88be55295529e,unknown,0,0,0
63fb31a1b10b4ffaaef458d8bd3f90a3,ark/deepseek-v3,599,318,917
63fb31a1b10b4ffaaef458d8bd3f90a3,unknown,0,0,0
6408074b10784784aec0183770929ae0,ark/deepseek-v3,701,197,898
6408074b10784784aec0183770929ae0,unknown,0,0,0
640c104efbac45809430b0b1ca89cb39,ark/deepseek-v3,758,87,845
640c104efbac45809430b0b1ca89cb39,unknown,0,0,0
642217d3285842a9a72a226d382a4e5f,deepseek-chat,561,207,768
642217d3285842a9a72a226d382a4e5f,unknown,0,0,0
6422b9522ee44d8d98b570323c6aa256,ark/deepseek-v3,701,175,876
6422b9522ee44d8d98b570323c6aa256,unknown,0,0,0
6423352e941d403793d05d40098f6742,ark/deepseek-v3,0,0,0
6423352e941d403793d05d40098f6742,unknown,0,0,0
64251a6d6f7b461c8cb02e6e4310b5ef,ark/deepseek-v3,4303,1661,5964
64251a6d6f7b461c8cb02e6e4310b5ef,unknown,0,0,0
64263e73b6a74ad4b24f94b2c417baf8,ark/deepseek-v3-1,9135,2735,11870
64263e73b6a74ad4b24f94b2c417baf8,unknown,0,0,0
643394c87bc2401e9e29847a86e9ff17,ark/deepseek-v3,1455,204,1659
643394c87bc2401e9e29847a86e9ff17,unknown,0,0,0
64350a0b6f9d49688dd68ee27d157b07,ark/deepseek-v3,701,212,913
64350a0b6f9d49688dd68ee27d157b07,unknown,0,0,0
6437ef7497d341bca8e6d635e79664ce,deepseek-chat,861,263,1124
6437ef7497d341bca8e6d635e79664ce,unknown,0,0,0
643aff2062664a1c98237f23b26c70b3,ark/deepseek-v3,6248,1686,7934
643aff2062664a1c98237f23b26c70b3,deepseek-chat,7039,360,7399
643aff2062664a1c98237f23b26c70b3,gpt-4.1,650,24,674
643aff2062664a1c98237f23b26c70b3,unknown,0,0,0
643c7a048c2c44af85dea0e9b400aef7,ark/deepseek-v3,1056,260,1316
643c7a048c2c44af85dea0e9b400aef7,unknown,0,0,0
6440094aa5e44ec7a1bb6a1ddc0942a5,ark/deepseek-v3,13444,2532,15976
6440094aa5e44ec7a1bb6a1ddc0942a5,unknown,0,0,0
644b8117c5fe408787b7dd2d9a68aa74,ark/deepseek-v3,2295,1186,3481
644b8117c5fe408787b7dd2d9a68aa74,unknown,0,0,0
644cb96b070441a28b6edc760efe73b9,ark/deepseek-v3,3234,761,3995
644cb96b070441a28b6edc760efe73b9,unknown,0,0,0
644fb2db762c4dc1b8d0e6bcbaeb90ae,ark/deepseek-v3,559,116,675
644fb2db762c4dc1b8d0e6bcbaeb90ae,unknown,0,0,0
6452e6bd339e41968adc4489356b3a48,ark/deepseek-v3,701,207,908
6452e6bd339e41968adc4489356b3a48,unknown,0,0,0
645906d2eda4413ea48f00440962a857,deepseek-chat,671,373,1044
645906d2eda4413ea48f00440962a857,unknown,0,0,0
645c90c2d80447408f0abd448e14bc11,deepseek-chat,3178,1484,4662
645c90c2d80447408f0abd448e14bc11,gpt-4.1,5630,617,6247
645c90c2d80447408f0abd448e14bc11,unknown,0,0,0
6461e130b9d2405d8217dc8ff1d33df1,ark/kimi-k2,1069,28,1097
6461e130b9d2405d8217dc8ff1d33df1,unknown,0,0,0
6462352cbc11440db747dd1e328ef115,unknown,0,0,0
6463d75479964d94b49df8318428712e,ark/deepseek-v3,3280,1492,4772
6463d75479964d94b49df8318428712e,unknown,0,0,0
646810a7492e4d50b72ed4d5d452c72a,ark/deepseek-v3,4252,2244,6496
646810a7492e4d50b72ed4d5d452c72a,unknown,0,0,0
6468132ea1b64346a4d3b968a00e4b9d,ark/deepseek-v3,3143,300,3443
6468132ea1b64346a4d3b968a00e4b9d,unknown,0,0,0
646a21687ab948fb97e150f6bcb98b84,ark/deepseek-v3-1,4790,1757,6547
646a21687ab948fb97e150f6bcb98b84,unknown,0,0,0
646bc11112d3451594316dac6d2fd171,deepseek-chat,709,315,1024
646bc11112d3451594316dac6d2fd171,unknown,0,0,0
647055c4c98f461ab559110a4634565a,deepseek-chat,2182,1267,3449
647055c4c98f461ab559110a4634565a,unknown,0,0,0
6473cc3203ff429aa7f7a2a3038c4b28,ark/deepseek-v3,1089,298,1387
6473cc3203ff429aa7f7a2a3038c4b28,unknown,0,0,0
64831207e2b146b3824805651abe7e49,ark/deepseek-v3,465,93,558
64831207e2b146b3824805651abe7e49,unknown,0,0,0
6483eaf8901443328ab9a098cfee5f50,ark/deepseek-v3-1,983,478,1461
6483eaf8901443328ab9a098cfee5f50,unknown,0,0,0
64881cb0032b4d0688ae578042c94ac8,ark/deepseek-v3,1197,327,1524
64881cb0032b4d0688ae578042c94ac8,unknown,0,0,0
648b30d9e237401ba40dbdb213cfd829,ark/deepseek-v3,1455,289,1744
648b30d9e237401ba40dbdb213cfd829,unknown,0,0,0
648ce5992b404d12b5bc1796d4fed1da,deepseek-chat,8994,1551,10545
648ce5992b404d12b5bc1796d4fed1da,unknown,0,0,0
648df4f3fde24b00805cfd7aed21d523,deepseek-chat,670,318,988
648df4f3fde24b00805cfd7aed21d523,unknown,0,0,0
6495580bd01f4d9a80f51a57ce122578,ark/deepseek-v3,467,98,565
6495580bd01f4d9a80f51a57ce122578,unknown,0,0,0
6497b0f9c24340a584858a792575564c,ark/deepseek-v3,701,175,876
6497b0f9c24340a584858a792575564c,unknown,0,0,0
64986092f8114a16a23ea9fffaa8bdcb,ark/deepseek-v3,0,0,0
64986092f8114a16a23ea9fffaa8bdcb,unknown,0,0,0
649c2d88bd0340e88ea37e873dc3174f,ark/deepseek-v3,1242,678,1920
649c2d88bd0340e88ea37e873dc3174f,unknown,0,0,0
649d0352bd9f4727b11de30cf6d0f47d,deepseek-chat,2098,574,2672
649d0352bd9f4727b11de30cf6d0f47d,unknown,0,0,0
649db8a6e9ae4b40b6ab366257d09c38,ark/deepseek-v3,1467,817,2284
649db8a6e9ae4b40b6ab366257d09c38,unknown,0,0,0
649f8d4fdd614ce7875d6e1761569ed9,ark/deepseek-v3,3894,456,4350
649f8d4fdd614ce7875d6e1761569ed9,unknown,0,0,0
64a16126504944deaff66d2f0090cf38,ark/deepseek-v3,1455,150,1605
64a16126504944deaff66d2f0090cf38,unknown,0,0,0
64ad8ac2d9d44fa0b1b2a4af38065135,deepseek-chat,671,378,1049
64ad8ac2d9d44fa0b1b2a4af38065135,unknown,0,0,0
64b206cd3d97451db1ceebe39ff8a95e,ark/deepseek-v3,0,0,0
64b206cd3d97451db1ceebe39ff8a95e,unknown,0,0,0
64b23474f1114aa980275e8147c7074d,deepseek-chat,0,0,0
64b23474f1114aa980275e8147c7074d,unknown,0,0,0
64b4475ec78b4a0989f4976e82d81269,deepseek-chat,2707,1009,3716
64b4475ec78b4a0989f4976e82d81269,unknown,0,0,0
64b4c714f24648a380d83c61fd98d859,ark/deepseek-v3,2242,1348,3590
64b4c714f24648a380d83c61fd98d859,unknown,0,0,0
64b70881a0d3452b88c7dc1648365e39,ark/deepseek-v3,2421,1317,3738
64b70881a0d3452b88c7dc1648365e39,unknown,0,0,0
64bab7d27abf44c9847bc1434eb038e3,deepseek-chat,0,0,0
64bab7d27abf44c9847bc1434eb038e3,unknown,0,0,0
64bfbcbc39074292906d9f9c490c71d9,ark/deepseek-v3,2014,308,2322
64bfbcbc39074292906d9f9c490c71d9,unknown,0,0,0
64cc9b098bee4922b7fbf945b6548920,deepseek-chat,2085,751,2836
64cc9b098bee4922b7fbf945b6548920,unknown,0,0,0
64d1acf4b6a14d918dcd1f19d5696b4a,deepseek-chat,2124,1154,3278
64d1acf4b6a14d918dcd1f19d5696b4a,unknown,0,0,0
64d1df454d9b4aba92f84f1ac42486cf,ark/deepseek-v3,467,96,563
64d1df454d9b4aba92f84f1ac42486cf,unknown,0,0,0
64d802ca2ae64a819d1fe22d67440756,deepseek-chat,0,0,0
64d802ca2ae64a819d1fe22d67440756,unknown,0,0,0
64e2cc98072749928c44b51719217d9c,deepseek-chat,8537,2602,11139
64e2cc98072749928c44b51719217d9c,unknown,0,0,0
64e840151a3f476287fcdc0e63bbf0b0,ark/deepseek-v3,465,107,572
64e840151a3f476287fcdc0e63bbf0b0,unknown,0,0,0
64e873ed3ebd4bf483d3b2a197a34eb3,deepseek-chat,124555,8400,132955
64e873ed3ebd4bf483d3b2a197a34eb3,unknown,0,0,0
64e897deaa8c42729f94beff923e7f0a,deepseek-chat,670,311,981
64e897deaa8c42729f94beff923e7f0a,unknown,0,0,0
64ecaa74fa6b4e418546b24ef1814b16,ark/deepseek-v3,4391,817,5208
64ecaa74fa6b4e418546b24ef1814b16,unknown,0,0,0
64f139c240834e258fa9deaa0ecfdce3,ark/deepseek-v3-1,901,316,1217
64f139c240834e258fa9deaa0ecfdce3,unknown,0,0,0
64f4a57c649044f0ad23f0568a337bcd,ark/deepseek-v3,2068,1104,3172
64f4a57c649044f0ad23f0568a337bcd,unknown,0,0,0
64f81651ff114bb9b50356d318ecbb32,ark/deepseek-v3,467,131,598
64f81651ff114bb9b50356d318ecbb32,unknown,0,0,0
64fa279d61014108a2069293f63089f7,ark/deepseek-v3,4182,1660,5842
64fa279d61014108a2069293f63089f7,unknown,0,0,0
64fb4b0114fe41c793f5535623e4965d,ark/deepseek-v3,467,94,561
64fb4b0114fe41c793f5535623e4965d,unknown,0,0,0
64fbc93d91e142e094f04c5c90080103,ark/deepseek-v3,1455,197,1652
64fbc93d91e142e094f04c5c90080103,unknown,0,0,0
64fee28a5b954bf181537e829adb786f,deepseek-chat,915,306,1221
64fee28a5b954bf181537e829adb786f,unknown,0,0,0
650a11c43e0b4b8eb83f65909de77c6a,ark/deepseek-v3,1089,272,1361
650a11c43e0b4b8eb83f65909de77c6a,unknown,0,0,0
650bba6aa6184b87930286affaa31a00,ark/deepseek-v3,467,114,581
650bba6aa6184b87930286affaa31a00,unknown,0,0,0
650fa1313ccf42bba8f39d292cd86eb1,deepseek-chat,561,222,783
650fa1313ccf42bba8f39d292cd86eb1,unknown,0,0,0
6511572ad6a84005950a0cf7116fdd2f,ark/deepseek-v3,1271,619,1890
6511572ad6a84005950a0cf7116fdd2f,unknown,0,0,0
651345cccc13425c8151876cebad378c,ark/deepseek-v3,1103,276,1379
651345cccc13425c8151876cebad378c,unknown,0,0,0
6514c3f749d24b3bb590434fcf6ee969,deepseek-chat,913,467,1380
6514c3f749d24b3bb590434fcf6ee969,unknown,0,0,0
6514ce68d99c4ee0836f93b9d852165a,ark/deepseek-v3,1251,217,1468
6514ce68d99c4ee0836f93b9d852165a,unknown,0,0,0
65182076ecca4c12b207de41ad58d1e0,deepseek-chat,2297,1068,3365
65182076ecca4c12b207de41ad58d1e0,unknown,0,0,0
652155f2dd424ecaa91a569c549bad94,unknown,0,0,0
652bbb9fce8d402abdda6746334c6f23,ark/deepseek-v3,0,0,0
652bbb9fce8d402abdda6746334c6f23,unknown,0,0,0
652fe55af134404f90dd96aa0714af0d,deepseek-chat,671,414,1085
652fe55af134404f90dd96aa0714af0d,unknown,0,0,0
6532ccff61e54a5e8ff9416b99b3e755,ark/deepseek-v3,2181,636,2817
6532ccff61e54a5e8ff9416b99b3e755,unknown,0,0,0
653304f814184548b0ab10b9141a6eb0,ark/deepseek-v3,1088,355,1443
653304f814184548b0ab10b9141a6eb0,unknown,0,0,0
653405a6ffce4680b3eb24e69802b516,ark/deepseek-v3,3969,1571,5540
653405a6ffce4680b3eb24e69802b516,unknown,0,0,0
6535e1088b6b4cd5a92214504fe962a8,ark/deepseek-v3-1,1102,452,1554
6535e1088b6b4cd5a92214504fe962a8,unknown,0,0,0
653d3734332e41c3bc5674bed45828ab,deepseek-chat,13146,760,13906
653d3734332e41c3bc5674bed45828ab,unknown,0,0,0
65407fb762064225a8e06a1e3de07d84,ark/deepseek-v3,1571,762,2333
65407fb762064225a8e06a1e3de07d84,unknown,0,0,0
6544edf03c6f47a78b9373080a8069c6,ark/deepseek-v3,1251,224,1475
6544edf03c6f47a78b9373080a8069c6,unknown,0,0,0
6547ba9117294e46b6901b1191be0abe,ark/deepseek-v3,3093,486,3579
6547ba9117294e46b6901b1191be0abe,unknown,0,0,0
654d9e7b313e490caf2bd4a1a00b7395,deepseek-chat,1015,729,1744
654d9e7b313e490caf2bd4a1a00b7395,unknown,0,0,0
654e13de6ed24dcf9f121803debef3e2,ark/deepseek-v3,4869,1206,6075
654e13de6ed24dcf9f121803debef3e2,unknown,0,0,0
654eccde4c3442769fc06a9efe65667e,unknown,0,0,0
655c635cd79b4be58a42b9d0076f7ba1,deepseek-chat,0,0,0
655c635cd79b4be58a42b9d0076f7ba1,unknown,0,0,0
655d93acc9004dec859ce932501c8238,ark/deepseek-v3,3996,814,4810
655d93acc9004dec859ce932501c8238,unknown,0,0,0
6564625c40834532a9cdf148324c66b2,ark/deepseek-v3-1,2010,1075,3085
6564625c40834532a9cdf148324c66b2,unknown,0,0,0
656a5b1127e4445cbd9ee9c9c0a09551,deepseek-chat,3189,1047,4236
656a5b1127e4445cbd9ee9c9c0a09551,unknown,0,0,0
656aa89d19cc40fb8dc69697e174e06a,deepseek-chat,771,317,1088
656aa89d19cc40fb8dc69697e174e06a,unknown,0,0,0
656b370630014e83b3689c9dfaa1e86a,deepseek-chat,0,0,0
656b370630014e83b3689c9dfaa1e86a,unknown,0,0,0
656f87b1bb344becbbe79a6f76f30d0c,ark/deepseek-v3,0,0,0
656f87b1bb344becbbe79a6f76f30d0c,unknown,0,0,0
6575ded32be34d108ecb4ccf91d45655,ark/deepseek-v3-1,5024,2268,7292
6575ded32be34d108ecb4ccf91d45655,gpt-4.1,3801,823,4624
6575ded32be34d108ecb4ccf91d45655,unknown,0,0,0
657ac08c22dc4d348fb970f1989e70b4,deepseek-chat,2297,1064,3361
657ac08c22dc4d348fb970f1989e70b4,unknown,0,0,0
657adc87325a4c92a097951e89f492ae,deepseek-chat,2772,1357,4129
657adc87325a4c92a097951e89f492ae,unknown,0,0,0
659e974d944845cb90a1e8078d754774,deepseek-chat,670,310,980
659e974d944845cb90a1e8078d754774,unknown,0,0,0
65a159a192d740f7b2a006972970060d,deepseek-chat,7413,2055,9468
65a159a192d740f7b2a006972970060d,unknown,0,0,0
65a6ddb61eac42cbbd7d06356d86fe1e,deepseek-chat,0,0,0
65a6ddb61eac42cbbd7d06356d86fe1e,unknown,0,0,0
65add3436cca49d0a2827ef5c06a8862,unknown,0,0,0
65b23efa7f514e7f91061f586d1a529c,deepseek-chat,1090,666,1756
65b23efa7f514e7f91061f586d1a529c,unknown,0,0,0
65b4b2448da043ef8d85f75ac8c39a28,ark/deepseek-v3,467,97,564
65b4b2448da043ef8d85f75ac8c39a28,unknown,0,0,0
65b907439e024c0ebf9b4f81e07bc65b,ark/deepseek-v3-1,2811,1033,3844
65b907439e024c0ebf9b4f81e07bc65b,unknown,0,0,0
65caf2d6c20f41c992e7d446f8d74dd4,deepseek-chat,811,476,1287
65caf2d6c20f41c992e7d446f8d74dd4,unknown,0,0,0
65cb314d58eb496e95b08eeefbb72e79,ark/deepseek-v3,1397,791,2188
65cb314d58eb496e95b08eeefbb72e79,unknown,0,0,0
65cdeab73fed492fa33c19841346d0e9,ark/deepseek-v3,2758,1367,4125
65cdeab73fed492fa33c19841346d0e9,unknown,0,0,0
65d6ada825c843fa9a601de0ed7f4475,ark/deepseek-v3,1455,194,1649
65d6ada825c843fa9a601de0ed7f4475,unknown,0,0,0
65db00ef5a864c519a64306694070dc6,ark/deepseek-v3,1504,859,2363
65db00ef5a864c519a64306694070dc6,unknown,0,0,0
65dbdacb7ff24351a6eeb543c78b5478,ark/deepseek-v3,6631,750,7381
65dbdacb7ff24351a6eeb543c78b5478,unknown,0,0,0
65e0c61a3e0247e7b5fd19ce295332a7,ark/deepseek-v3,1320,545,1865
65e0c61a3e0247e7b5fd19ce295332a7,unknown,0,0,0
65e6dec148554137807f489f9f218cd6,ark/deepseek-v3-1,1405,730,2135
65e6dec148554137807f489f9f218cd6,unknown,0,0,0
65eaaef63a50492c8f685c319f8cc78e,deepseek-chat,670,339,1009
65eaaef63a50492c8f685c319f8cc78e,unknown,0,0,0
65eb24a332db451fab818ce79e394541,deepseek-chat,4242,448,4690
65eb24a332db451fab818ce79e394541,unknown,0,0,0
65ebfd2448d0479d8b60c17851ca753e,ark/deepseek-v3-1,3324,1237,4561
65ebfd2448d0479d8b60c17851ca753e,unknown,0,0,0
65f47e7f324c4dd2a2a4f1fa3d64c398,deepseek-chat,2186,1302,3488
65f47e7f324c4dd2a2a4f1fa3d64c398,unknown,0,0,0
65fcd0fd073440a6b3b407249dcaaf8d,ark/deepseek-v3-1,1893,1084,2977
65fcd0fd073440a6b3b407249dcaaf8d,gpt-4.1,1064,30,1094
65fcd0fd073440a6b3b407249dcaaf8d,unknown,0,0,0
65fd0e059ccd48be8b8923c954a7dfb7,ark/deepseek-v3-1,1405,1022,2427
65fd0e059ccd48be8b8923c954a7dfb7,unknown,0,0,0
65fe09343bbf4fb9b970bd034e66d343,ark/deepseek-v3,1837,370,2207
65fe09343bbf4fb9b970bd034e66d343,unknown,0,0,0
660e31d7a19b4da3899d2cb77ed94d87,ark/deepseek-r1,0,0,0
660e31d7a19b4da3899d2cb77ed94d87,unknown,0,0,0
660ed631611147fe80f3294ce99b021c,ark/deepseek-v3,1837,396,2233
660ed631611147fe80f3294ce99b021c,unknown,0,0,0
6616133324614f01a83565fc86fd8e7c,deepseek-chat,561,206,767
6616133324614f01a83565fc86fd8e7c,unknown,0,0,0
66167ecb98d94f179f006492645d45f6,ark/deepseek-v3,465,93,558
66167ecb98d94f179f006492645d45f6,unknown,0,0,0
66219c93c73d4fa3a7ab27efb9073e28,deepseek-chat,856,325,1181
66219c93c73d4fa3a7ab27efb9073e28,unknown,0,0,0
662475cc79d348de823d61ad3b9ede48,deepseek-chat,0,0,0
662475cc79d348de823d61ad3b9ede48,unknown,0,0,0
662d4c1dffa044b69c3b7dafd39952c3,deepseek-chat,8736,834,9570
662d4c1dffa044b69c3b7dafd39952c3,gpt-4.1,5259,891,6150
662d4c1dffa044b69c3b7dafd39952c3,unknown,0,0,0
66315277868148719cdd939bcd6261a3,deepseek-chat,3297,1635,4932
66315277868148719cdd939bcd6261a3,unknown,0,0,0
6632754e7007403a9ce4b9160255a72c,deepseek-chat,3422,1510,4932
6632754e7007403a9ce4b9160255a72c,gpt-4.1,3435,929,4364
6632754e7007403a9ce4b9160255a72c,unknown,0,0,0
663347f211534ddb9e7ea57b7d1109c1,deepseek-chat,0,0,0
663347f211534ddb9e7ea57b7d1109c1,unknown,0,0,0
66359aa6f1d0419e98079f42c0ea8b26,ark/deepseek-v3-1,5758,2073,7831
66359aa6f1d0419e98079f42c0ea8b26,unknown,0,0,0
663607e344db4632a5ae94e024f5ccf8,deepseek-chat,904,309,1213
663607e344db4632a5ae94e024f5ccf8,unknown,0,0,0
66471bec57fa49d39e358f4ba82cdea4,ark/deepseek-v3,1455,240,1695
66471bec57fa49d39e358f4ba82cdea4,unknown,0,0,0
664c0130c1ff43b8924dd6ef684b996d,ark/deepseek-v3,1255,244,1499
664c0130c1ff43b8924dd6ef684b996d,unknown,0,0,0
664c5f2cf5f34a3fa4a5413f1f5fb3f1,deepseek-chat,561,207,768
664c5f2cf5f34a3fa4a5413f1f5fb3f1,unknown,0,0,0
66538f6ec2fa4802bfda37fcc59f14be,deepseek-chat,0,0,0
66538f6ec2fa4802bfda37fcc59f14be,unknown,0,0,0
6655b563152c48e5a6750ded5890ca9b,ark/deepseek-v3,5749,1089,6838
6655b563152c48e5a6750ded5890ca9b,unknown,0,0,0
6665e738df674c5a9d3c25b9b32fc8d5,ark/deepseek-v3,487,155,642
6665e738df674c5a9d3c25b9b32fc8d5,unknown,0,0,0
666a0c51305545e78711634809f1fcbd,ark/deepseek-v3,701,179,880
666a0c51305545e78711634809f1fcbd,unknown,0,0,0
666f721431074646aebe97d935414ea3,deepseek-chat,0,0,0
666f721431074646aebe97d935414ea3,unknown,0,0,0
6677cdf5a84345d29f4ca51470c362e4,deepseek-chat,671,354,1025
6677cdf5a84345d29f4ca51470c362e4,unknown,0,0,0
667859499fac4bb3ad29448aed4eec1e,ark/deepseek-v3-1,144,215,359
667859499fac4bb3ad29448aed4eec1e,unknown,0,0,0
667ab06f829e4a2a8540c20456aaeede,deepseek-chat,725,313,1038
667ab06f829e4a2a8540c20456aaeede,unknown,0,0,0
6685ec24078941b3bcb0c22e4971b624,deepseek-chat,600,247,847
6685ec24078941b3bcb0c22e4971b624,unknown,0,0,0
6689c52703ca47fead0de0768b346908,ark/deepseek-v3,1481,768,2249
6689c52703ca47fead0de0768b346908,unknown,0,0,0
668abc37dcfd46ba888a903befc240ae,deepseek-chat,1425,1068,2493
668abc37dcfd46ba888a903befc240ae,unknown,0,0,0
66955462ea9d4947bc04d1e7f8e36c73,deepseek-chat,670,323,993
66955462ea9d4947bc04d1e7f8e36c73,unknown,0,0,0
669af3704112438dadc36f93655d50a9,ark/deepseek-v3,457,67,524
669af3704112438dadc36f93655d50a9,unknown,0,0,0
669b6fe7f7924bc59c61a452a158d569,ark/deepseek-v3,467,81,548
669b6fe7f7924bc59c61a452a158d569,unknown,0,0,0
66a4418d41084bae86574f79e08d25c8,ark/deepseek-v3,5193,1500,6693
66a4418d41084bae86574f79e08d25c8,unknown,0,0,0
66a7b7705be44ca280a4e57590bf8bc2,deepseek-chat,947,262,1209
66a7b7705be44ca280a4e57590bf8bc2,gpt-4.1,978,0,978
66a7b7705be44ca280a4e57590bf8bc2,unknown,0,0,0
66a839958b294343a719d33130d380d0,ark/deepseek-v3-1,1000,632,1632
66a839958b294343a719d33130d380d0,unknown,0,0,0
66aab721c1de4146af78ff8097e23f94,deepseek-chat,931,518,1449
66aab721c1de4146af78ff8097e23f94,unknown,0,0,0
66b1b534f129470fb0ea23cedd4755ac,ark/deepseek-v3-1,1749,819,2568
66b1b534f129470fb0ea23cedd4755ac,unknown,0,0,0
66b34e06cfb949028a6b5e9e80e675fa,unknown,0,0,0
66b6907e959648b3abd6bdb43a0e79b4,ark/deepseek-v3,1224,512,1736
66b6907e959648b3abd6bdb43a0e79b4,unknown,0,0,0
66bd9d879b2b4f62b1b64dc82ae40bb4,ark/deepseek-v3,465,93,558
66bd9d879b2b4f62b1b64dc82ae40bb4,unknown,0,0,0
66c3bd62898f43ca8a02668a953042e6,ark/deepseek-v3,1858,1191,3049
66c3bd62898f43ca8a02668a953042e6,unknown,0,0,0
66d3c4dd4f3149b5a77f9ad0cd6a832b,ark/deepseek-v3-1,1405,642,2047
66d3c4dd4f3149b5a77f9ad0cd6a832b,unknown,0,0,0
66d54436cbe8401581e186831369d6cd,ark/deepseek-v3,1434,227,1661
66d54436cbe8401581e186831369d6cd,unknown,0,0,0
66de549117444113a702da5212d15150,deepseek-chat,1536,414,1950
66de549117444113a702da5212d15150,unknown,0,0,0
66e0148ae4574059b37112a4c074a518,deepseek-chat,670,308,978
66e0148ae4574059b37112a4c074a518,unknown,0,0,0
66e08f276790473da6d0fcbb81c62f48,ark/deepseek-v3-1,5806,2297,8103
66e08f276790473da6d0fcbb81c62f48,gpt-4.1,3840,1023,4863
66e08f276790473da6d0fcbb81c62f48,unknown,0,0,0
66e0ad3912464ce8b727c534fd04eda8,ark/deepseek-v3,6429,1240,7669
66e0ad3912464ce8b727c534fd04eda8,unknown,0,0,0
66e975daeb1c4e52bcbf20f7a15fef1e,ark/deepseek-v3,4298,1659,5957
66e975daeb1c4e52bcbf20f7a15fef1e,unknown,0,0,0
66edbe44aaf44b908c19f9cda07471e2,deepseek-chat,5059,1168,6227
66edbe44aaf44b908c19f9cda07471e2,unknown,0,0,0
66ee198df9d0427ab3e7885ec06c6309,deepseek-chat,1426,754,2180
66ee198df9d0427ab3e7885ec06c6309,unknown,0,0,0
66fe4b74cbb84cc7b22f9cb83797dda3,ark/deepseek-v3,3144,340,3484
66fe4b74cbb84cc7b22f9cb83797dda3,unknown,0,0,0
6712400e0d5044fb8857c07b4827a6a9,deepseek-chat,998,788,1786
6712400e0d5044fb8857c07b4827a6a9,unknown,0,0,0
67199e5ce82a4f018ac563d2d0b449d2,ark/deepseek-v3-1,1000,447,1447
67199e5ce82a4f018ac563d2d0b449d2,unknown,0,0,0
6726409f5bb84fadbb73602058072be2,ark/deepseek-v3-1,1405,751,2156
6726409f5bb84fadbb73602058072be2,unknown,0,0,0
67277027643d4e75a6a1b89cd5a2c742,ark/deepseek-v3,758,118,876
67277027643d4e75a6a1b89cd5a2c742,unknown,0,0,0
67389a08d3b046f2980d16b0d003c653,ark/deepseek-v3,467,93,560
67389a08d3b046f2980d16b0d003c653,unknown,0,0,0
6738bf10e75f40cc9467ce702bc329ea,ark/deepseek-v3,1206,567,1773
6738bf10e75f40cc9467ce702bc329ea,unknown,0,0,0
6739e973e720475cb1f23b96bfc62e67,ark/deepseek-v3-1,1151,639,1790
6739e973e720475cb1f23b96bfc62e67,unknown,0,0,0
673d8cac03894731aa80aab2daef925d,ark/deepseek-v3,9660,1474,11134
673d8cac03894731aa80aab2daef925d,deepseek-chat,9857,233,10090
673d8cac03894731aa80aab2daef925d,unknown,0,0,0
673e49dedc8a4755991764ac312c5295,deepseek-chat,2141,732,2873
673e49dedc8a4755991764ac312c5295,unknown,0,0,0
673e6a7af3804df39c085e09de60dccf,ark/deepseek-v3,467,97,564
673e6a7af3804df39c085e09de60dccf,unknown,0,0,0
674835fe544c4456ae1302f483081b5d,ark/deepseek-v3-1,1405,743,2148
674835fe544c4456ae1302f483081b5d,unknown,0,0,0
6749d4fac07045e8aab8ace7103dbc56,ark/deepseek-v3,0,0,0
6749d4fac07045e8aab8ace7103dbc56,unknown,0,0,0
674b3109075e49f89da32911580f7466,ark/deepseek-v3,1937,420,2357
674b3109075e49f89da32911580f7466,unknown,0,0,0
6754fc3d9cec43e792aa9d6930033d90,deepseek-chat,671,353,1024
6754fc3d9cec43e792aa9d6930033d90,unknown,0,0,0
675bc26ebbce4cda9cb39262fe808ec3,ark/deepseek-v3,1455,188,1643
675bc26ebbce4cda9cb39262fe808ec3,unknown,0,0,0
675e315e5c6c4ef89fc6745b55b211df,ark/deepseek-v3,1455,169,1624
675e315e5c6c4ef89fc6745b55b211df,unknown,0,0,0
675fd678c70a496287dee007d849e9a2,deepseek-chat,2273,618,2891
675fd678c70a496287dee007d849e9a2,unknown,0,0,0
6760b0f0dbd64f869af2d5472ead8190,ark/deepseek-v3,701,198,899
6760b0f0dbd64f869af2d5472ead8190,unknown,0,0,0
676178bc9a024b4a99e3b2e09132a790,deepseek-chat,726,288,1014
676178bc9a024b4a99e3b2e09132a790,unknown,0,0,0
676bad6d90474b81909e171022a63064,deepseek-chat,561,207,768
676bad6d90474b81909e171022a63064,unknown,0,0,0
6772f9dab258400aa583996bed2167cd,deepseek-chat,2656,1331,3987
6772f9dab258400aa583996bed2167cd,unknown,0,0,0
6775fbd2a62148a2b3b70fb8513962fa,ark/deepseek-v3,2221,1148,3369
6775fbd2a62148a2b3b70fb8513962fa,unknown,0,0,0
67825ff24af34a71a1fc64068f9dce92,deepseek-chat,1258,699,1957
67825ff24af34a71a1fc64068f9dce92,unknown,0,0,0
6786f814a3aa4d168955a1c9e856e222,deepseek-chat,0,0,0
6786f814a3aa4d168955a1c9e856e222,unknown,0,0,0
678a75f30e4749acb150fe560eaaa62c,ark/deepseek-v3,7073,1744,8817
678a75f30e4749acb150fe560eaaa62c,gpt-4.1,643,24,667
678a75f30e4749acb150fe560eaaa62c,unknown,0,0,0
678ee9d05b9949549ca35508b6cbc90f,deepseek-chat,455,183,638
678ee9d05b9949549ca35508b6cbc90f,unknown,0,0,0
6793043d8fb94edabc9bc14b66acc0df,deepseek-chat,857,387,1244
6793043d8fb94edabc9bc14b66acc0df,unknown,0,0,0
67952dd801cb41ebbdcb0bdd72365c9c,deepseek-chat,5403,1917,7320
67952dd801cb41ebbdcb0bdd72365c9c,unknown,0,0,0
6797b1e9bb8e4fc08441a503df2185af,deepseek-chat,671,401,1072
6797b1e9bb8e4fc08441a503df2185af,unknown,0,0,0
679dbe251b1142f69765a992f601653d,deepseek-chat,670,362,1032
679dbe251b1142f69765a992f601653d,unknown,0,0,0
67a13fadd0204b1aa31bc98dd5c555f8,deepseek-chat,561,206,767
67a13fadd0204b1aa31bc98dd5c555f8,unknown,0,0,0
67a497b4fa294bb2b8c7539da1ab91d0,deepseek-chat,934,230,1164
67a497b4fa294bb2b8c7539da1ab91d0,gpt-4.1,672,216,888
67a497b4fa294bb2b8c7539da1ab91d0,unknown,0,0,0
67a5db01130041ac8e80ab9d90fc89cb,deepseek-chat,670,306,976
67a5db01130041ac8e80ab9d90fc89cb,unknown,0,0,0
67a83a349c634c739bced6dd19f1ad4b,deepseek-chat,3308,1371,4679
67a83a349c634c739bced6dd19f1ad4b,gpt-4.1,3348,867,4215
67a83a349c634c739bced6dd19f1ad4b,unknown,0,0,0
67a87fc8ff1a4befa12387186e04d2dd,deepseek-chat,670,346,1016
67a87fc8ff1a4befa12387186e04d2dd,unknown,0,0,0
67b1989258cc453ebf34c5f652dc1bd1,ark/deepseek-v3,487,97,584
67b1989258cc453ebf34c5f652dc1bd1,unknown,0,0,0
67b4ebfeca234fa88106024b231081e2,ark/deepseek-v3,1455,228,1683
67b4ebfeca234fa88106024b231081e2,unknown,0,0,0
67b600c60bb24ee6b9b48dd493138b2e,ark/deepseek-v3,657,266,923
67b600c60bb24ee6b9b48dd493138b2e,unknown,0,0,0
67c4f7088a53428b9a33f1fe743d055d,ark/deepseek-v3,4505,695,5200
67c4f7088a53428b9a33f1fe743d055d,unknown,0,0,0
67ca6dbd53cb4eeca870e4ae555829cf,deepseek-chat,3277,1316,4593
67ca6dbd53cb4eeca870e4ae555829cf,unknown,0,0,0
67cf7195270c4d5691c3ee43f35db49f,ark/kimi-k2,9554,937,10491
67cf7195270c4d5691c3ee43f35db49f,unknown,0,0,0
67d8d99dcc2445fda8d82e30372a2963,ark/deepseek-v3,1455,221,1676
67d8d99dcc2445fda8d82e30372a2963,unknown,0,0,0
67e432d184904c3a8be81db5275a402e,deepseek-chat,1089,324,1413
67e432d184904c3a8be81db5275a402e,unknown,0,0,0
67e80ec6377d4e369057bc1ffa48ea37,ark/deepseek-v3,1251,219,1470
67e80ec6377d4e369057bc1ffa48ea37,unknown,0,0,0
67e96a2339f24e66aa20490025f4126a,ark/deepseek-v3,487,117,604
67e96a2339f24e66aa20490025f4126a,unknown,0,0,0
67f2cb282a224ee39b4ac19b1c048c2b,deepseek-chat,3311,1368,4679
67f2cb282a224ee39b4ac19b1c048c2b,gpt-4.1,6217,1277,7494
67f2cb282a224ee39b4ac19b1c048c2b,unknown,0,0,0
67f6d7af059c406a9a5a70d3373c8a06,ark/deepseek-v3,0,0,0
67f6d7af059c406a9a5a70d3373c8a06,unknown,0,0,0
67f6e21176554f62abfe432caf12c374,ark/deepseek-v3,0,0,0
67f6e21176554f62abfe432caf12c374,unknown,0,0,0
67f8162e43f84adf8b2bc8f314d5af94,deepseek-chat,561,207,768
67f8162e43f84adf8b2bc8f314d5af94,unknown,0,0,0
67f9639285f64323ba6a1f65ded72d69,ark/deepseek-v3,1088,258,1346
67f9639285f64323ba6a1f65ded72d69,unknown,0,0,0
68013962f3b7403fa575e2f91424cdbc,deepseek-chat,716,309,1025
68013962f3b7403fa575e2f91424cdbc,unknown,0,0,0
6803c74d3bbf468b83b528363c59972c,ark/deepseek-v3-1,1893,998,2891
6803c74d3bbf468b83b528363c59972c,gpt-4.1,1062,28,1090
6803c74d3bbf468b83b528363c59972c,unknown,0,0,0
681198e2ffec4a7c8fc9908eae5ba5d1,ark/kimi-k2,6568,722,7290
681198e2ffec4a7c8fc9908eae5ba5d1,unknown,0,0,0
681aea465c5f4a899f5260d2b1046854,deepseek-chat,797,310,1107
681aea465c5f4a899f5260d2b1046854,unknown,0,0,0
681c465bc314425fa0489099e076ef50,ark/deepseek-v3,687,270,957
681c465bc314425fa0489099e076ef50,unknown,0,0,0
681e7630a3ec4cc184b4ecff8c1050ff,deepseek-chat,561,207,768
681e7630a3ec4cc184b4ecff8c1050ff,unknown,0,0,0
6820563979d54f859fb44fe36ca21c3f,ark/deepseek-v3,1453,578,2031
6820563979d54f859fb44fe36ca21c3f,deepseek-chat,6556,37,6593
6820563979d54f859fb44fe36ca21c3f,unknown,0,0,0
68210b8e328a49418da0577c7cf27093,unknown,0,0,0
68214a8e62f04d9d9202c6ac8224cea7,ark/deepseek-v3,8188,1204,9392
68214a8e62f04d9d9202c6ac8224cea7,unknown,0,0,0
68215730394449be9f785a30ca21e910,ark/deepseek-v3,467,146,613
68215730394449be9f785a30ca21e910,unknown,0,0,0
68271814c96346f6a2015c6ccb225425,ark/deepseek-v3,1088,337,1425
68271814c96346f6a2015c6ccb225425,unknown,0,0,0
68275e6feeda481a98e136693b142649,deepseek-chat,670,336,1006
68275e6feeda481a98e136693b142649,unknown,0,0,0
683a483c002849749d7725c7a062c2a9,deepseek-chat,671,357,1028
683a483c002849749d7725c7a062c2a9,unknown,0,0,0
684352b51fd3441082ab92b57cb664fb,ark/deepseek-v3,701,197,898
684352b51fd3441082ab92b57cb664fb,unknown,0,0,0
6843eb32cda74042a498573beca73e0e,deepseek-chat,1524,846,2370
6843eb32cda74042a498573beca73e0e,gpt-4.1,2216,334,2550
6843eb32cda74042a498573beca73e0e,unknown,0,0,0
6845cc8bb0f84563aee01e9e3c2e04e2,ark/deepseek-v3-1,995,497,1492
6845cc8bb0f84563aee01e9e3c2e04e2,unknown,0,0,0
68469910818b4bae859a5fe7a7362668,ark/deepseek-v3,2140,867,3007
68469910818b4bae859a5fe7a7362668,unknown,0,0,0
68483ebc71ad4c2cab72ade5b6281f39,ark/deepseek-v3,467,97,564
68483ebc71ad4c2cab72ade5b6281f39,unknown,0,0,0
684c118c627343a49c7748d612e9c01e,deepseek-chat,671,338,1009
684c118c627343a49c7748d612e9c01e,unknown,0,0,0
68528a58e06e4e5d847454464e7123a3,ark/deepseek-v3,465,98,563
68528a58e06e4e5d847454464e7123a3,unknown,0,0,0
685c51df65064d07a777ebbbe9484790,deepseek-chat,910,475,1385
685c51df65064d07a777ebbbe9484790,unknown,0,0,0
6864977d2dc44b989db982478ab612c3,deepseek-chat,2126,1576,3702
6864977d2dc44b989db982478ab612c3,unknown,0,0,0
68680cc304b24257a9596654cfbc7e66,ark/deepseek-v3,1089,322,1411
68680cc304b24257a9596654cfbc7e66,unknown,0,0,0
686b989c7957464a9dbce3bda8396181,deepseek-chat,3349,1283,4632
686b989c7957464a9dbce3bda8396181,gpt-4.1,3382,872,4254
686b989c7957464a9dbce3bda8396181,unknown,0,0,0
686d1057ac5f4c84942e28b71799cb42,ark/deepseek-v3,2927,1519,4446
686d1057ac5f4c84942e28b71799cb42,unknown,0,0,0
6870e3d58eed41178a3a5be1e66f04d8,ark/deepseek-v3,467,97,564
6870e3d58eed41178a3a5be1e66f04d8,unknown,0,0,0
6874e61ebedd4945b8796c83ede34ea8,ark/deepseek-v3-1,1892,1013,2905
6874e61ebedd4945b8796c83ede34ea8,gpt-4.1,1658,417,2075
6874e61ebedd4945b8796c83ede34ea8,unknown,0,0,0
688008570f9c43aca4b4aa899ad9d2c6,ark/deepseek-v3,1251,228,1479
688008570f9c43aca4b4aa899ad9d2c6,unknown,0,0,0
68828fedc42c443a8a46e9094d42ded1,ark/deepseek-v3-1,1405,849,2254
68828fedc42c443a8a46e9094d42ded1,unknown,0,0,0
6883704fda07457a98dedbb51e67136c,ark/deepseek-v3,3364,1388,4752
6883704fda07457a98dedbb51e67136c,unknown,0,0,0
688fa41b0c204a80adc98fbbbf848445,ark/deepseek-v3,6959,1478,8437
688fa41b0c204a80adc98fbbbf848445,unknown,0,0,0
6892dba76c15491da1cd095af2af4c42,ark/deepseek-v3,9545,1449,10994
6892dba76c15491da1cd095af2af4c42,unknown,0,0,0
68a05afacca3480890e0a491cd381b8c,ark/deepseek-v3,2365,487,2852
68a05afacca3480890e0a491cd381b8c,unknown,0,0,0
68a779491a084b17929bd1652579bfa6,deepseek-chat,2267,1050,3317
68a779491a084b17929bd1652579bfa6,unknown,0,0,0
68a794d655464e3ca0e68a81083641a4,ark/deepseek-v3,467,94,561
68a794d655464e3ca0e68a81083641a4,unknown,0,0,0
68a99d9f22304222bd19edd537fe73db,ark/deepseek-v3,467,98,565
68a99d9f22304222bd19edd537fe73db,unknown,0,0,0
68aa52a5b9ae464eb2e7760db3760140,ark/deepseek-v3,467,116,583
68aa52a5b9ae464eb2e7760db3760140,unknown,0,0,0
68b5b8d84d6b45c7bdb797571b1aa003,ark/deepseek-v3,2213,294,2507
68b5b8d84d6b45c7bdb797571b1aa003,unknown,0,0,0
68b9b6aeced446ffaccd254ae6bc1860,ark/deepseek-v3,467,98,565
68b9b6aeced446ffaccd254ae6bc1860,unknown,0,0,0
68bd1e8438954799a32a95d71c590eaa,ark/deepseek-v3,0,0,0
68bd1e8438954799a32a95d71c590eaa,unknown,0,0,0
68be8ee340284339b8e450cab4d804d2,deepseek-chat,5740,1770,7510
68be8ee340284339b8e450cab4d804d2,unknown,0,0,0
68c0d65e6c0a4acb89ce1a2781f418bb,deepseek-chat,2216,775,2991
68c0d65e6c0a4acb89ce1a2781f418bb,unknown,0,0,0
68d3004e20634ece80066f55e75a8b79,ark/deepseek-v3,1455,223,1678
68d3004e20634ece80066f55e75a8b79,unknown,0,0,0
68d64ca05d9c4e74be91ad46c844f6ee,ark/deepseek-v3,0,0,0
68d64ca05d9c4e74be91ad46c844f6ee,unknown,0,0,0
68d85fa9627040ef90d65b2c2cf4b116,ark/deepseek-v3,3144,293,3437
68d85fa9627040ef90d65b2c2cf4b116,unknown,0,0,0
68df01f37a7441138c624e6cfe39b311,ark/deepseek-v3,5944,1205,7149
68df01f37a7441138c624e6cfe39b311,unknown,0,0,0
68e0f3d20ad249faa814f1ce670da6ed,deepseek-chat,670,317,987
68e0f3d20ad249faa814f1ce670da6ed,unknown,0,0,0
68e119cdfa544700be5603fcd2326b11,deepseek-chat,2085,1565,3650
68e119cdfa544700be5603fcd2326b11,unknown,0,0,0
68e43b2f73bf4603b38592f5fd4aa998,ark/deepseek-v3,467,96,563
68e43b2f73bf4603b38592f5fd4aa998,unknown,0,0,0
68ec2a07b5c7406ba1ca22ad037ba84c,gpt-4o-mini,2882,204,3086
68ec2a07b5c7406ba1ca22ad037ba84c,unknown,0,0,0
68f16b32907d48bd912f2bb2ed3e3cd3,unknown,0,0,0
68f2fd4753104d7bbafcc74b6a30733c,ark/deepseek-v3,11512,2296,13808
68f2fd4753104d7bbafcc74b6a30733c,unknown,0,0,0
690fb1712f384ebcad52fdcff819fcd1,unknown,0,0,0
6911bf04d9e647c4aceb91ae51d8cccd,deepseek-chat,928,418,1346
6911bf04d9e647c4aceb91ae51d8cccd,unknown,0,0,0
691a2cac1b3f4e12a178169719af01c6,ark/deepseek-v3,0,0,0
691a2cac1b3f4e12a178169719af01c6,unknown,0,0,0
691c3b561b28433fa927ed96e63d2d7e,ark/deepseek-v3,1808,736,2544
691c3b561b28433fa927ed96e63d2d7e,unknown,0,0,0
6921915afae9451c9684aaf42184b817,ark/deepseek-v3,625,344,969
6921915afae9451c9684aaf42184b817,unknown,0,0,0
69301b49af5146b2938d95d76a910a8d,deepseek-chat,2144,548,2692
69301b49af5146b2938d95d76a910a8d,unknown,0,0,0
6931806c6d8b425e98620f3abb88926d,ark/deepseek-v3,467,95,562
6931806c6d8b425e98620f3abb88926d,unknown,0,0,0
6932ee9f04e34380bbc129ee194647b2,deepseek-chat,0,0,0
6932ee9f04e34380bbc129ee194647b2,unknown,0,0,0
693484c6f2de4b3fb64cdccf312aef38,deepseek-chat,3171,1016,4187
693484c6f2de4b3fb64cdccf312aef38,unknown,0,0,0
693f303524d741af8ae7431df5696c72,ark/deepseek-v3,467,86,553
693f303524d741af8ae7431df5696c72,unknown,0,0,0
6941dca6cbfe432a832a8e660a502336,deepseek-chat,561,207,768
6941dca6cbfe432a832a8e660a502336,unknown,0,0,0
694c1fd7fbe8445d9d6e2b76d5ae486c,ark/deepseek-v3,6641,725,7366
694c1fd7fbe8445d9d6e2b76d5ae486c,unknown,0,0,0
694f7f2e326f44fcbc22b318da866501,ark/deepseek-v3,4921,1239,6160
694f7f2e326f44fcbc22b318da866501,ark/deepseek-v3-1,0,0,0
694f7f2e326f44fcbc22b318da866501,unknown,0,0,0
695cf27947bd4139a99c51d7fa7b42e1,deepseek-chat,2076,1087,3163
695cf27947bd4139a99c51d7fa7b42e1,unknown,0,0,0
695e02ad2e734d65bde120c371a798e8,ark/deepseek-v3,0,0,0
695e02ad2e734d65bde120c371a798e8,unknown,0,0,0
696c902c6e754f139e3cb354da8f63b1,ark/deepseek-v3,2399,493,2892
696c902c6e754f139e3cb354da8f63b1,unknown,0,0,0
696e963954f645d29f0accbc257df246,deepseek-chat,670,338,1008
696e963954f645d29f0accbc257df246,unknown,0,0,0
6970a12bf0fd4135a7afb22f879df1f2,deepseek-chat,2646,1670,4316
6970a12bf0fd4135a7afb22f879df1f2,unknown,0,0,0
697a3e36258f459994119057f19d1179,deepseek-chat,671,474,1145
697a3e36258f459994119057f19d1179,unknown,0,0,0
698093807f914918902cc1719ee2f97e,deepseek-chat,670,363,1033
698093807f914918902cc1719ee2f97e,unknown,0,0,0
6991176c46434d16854ca5cb4cac78a1,ark/deepseek-v3,4272,597,4869
6991176c46434d16854ca5cb4cac78a1,unknown,0,0,0
69967597dda74692bef8dec839d90270,ark/deepseek-v3,13444,2670,16114
69967597dda74692bef8dec839d90270,unknown,0,0,0
699935d6664943e197f01fe7ad347e1a,ark/deepseek-v3-1,1405,835,2240
699935d6664943e197f01fe7ad347e1a,unknown,0,0,0
699d3c6f03f74b00a0b3292b632ae7ce,deepseek-chat,0,0,0
699d3c6f03f74b00a0b3292b632ae7ce,unknown,0,0,0
699f4e0f73e54be9bc70cb8c0f6172b0,ark/deepseek-v3,6627,1770,8397
699f4e0f73e54be9bc70cb8c0f6172b0,gpt-4.1,638,19,657
699f4e0f73e54be9bc70cb8c0f6172b0,unknown,0,0,0
69a2aca702c647509a2e87ef4eb5487f,deepseek-chat,670,342,1012
69a2aca702c647509a2e87ef4eb5487f,unknown,0,0,0
69ad287ee266465c937d2b6e9ce33766,ark/deepseek-v3,1064,350,1414
69ad287ee266465c937d2b6e9ce33766,unknown,0,0,0
69af8eb913aa4c1ebd25e82f879ff13f,ark/deepseek-v3,6435,1062,7497
69af8eb913aa4c1ebd25e82f879ff13f,deepseek-chat,17775,350,18125
69af8eb913aa4c1ebd25e82f879ff13f,unknown,0,0,0
69b4daf59655440480c6d37996866a7a,ark/deepseek-v3,3559,1380,4939
69b4daf59655440480c6d37996866a7a,unknown,0,0,0
69b9f097301148b58220ee8f0cfa7025,deepseek-chat,561,207,768
69b9f097301148b58220ee8f0cfa7025,unknown,0,0,0
69bd5629cd654e46941dd2581c76e9ef,ark/deepseek-v3,1255,599,1854
69bd5629cd654e46941dd2581c76e9ef,unknown,0,0,0
69c02620189448bdad0ac10bf7308001,ark/deepseek-v3,467,97,564
69c02620189448bdad0ac10bf7308001,unknown,0,0,0
69c186281c3841139ec42b0f3b93b05f,ark/deepseek-v3-1,1116,488,1604
69c186281c3841139ec42b0f3b93b05f,unknown,0,0,0
69c77bab06324c8daae9ad2f0fde224b,ark/deepseek-v3,701,176,877
69c77bab06324c8daae9ad2f0fde224b,unknown,0,0,0
69cc3d90b0b14093b7d570dff39f596a,ark/deepseek-v3-1,3937,1398,5335
69cc3d90b0b14093b7d570dff39f596a,unknown,0,0,0
69ccfd6f9c2649bc9f6dd252c297b510,deepseek-chat,561,207,768
69ccfd6f9c2649bc9f6dd252c297b510,unknown,0,0,0
69cfac5bd0b1442d97b3430ce0f9100e,ark/deepseek-v3-1,1405,696,2101
69cfac5bd0b1442d97b3430ce0f9100e,unknown,0,0,0
69da861f15b04a34ac3a646754381e01,ark/deepseek-v3,467,129,596
69da861f15b04a34ac3a646754381e01,unknown,0,0,0
69ddfb21eabd4832a75313fd1a7c7bf5,ark/deepseek-v3,4909,1562,6471
69ddfb21eabd4832a75313fd1a7c7bf5,deepseek-chat,6221,362,6583
69ddfb21eabd4832a75313fd1a7c7bf5,unknown,0,0,0
69df305c50894423baf35812d008b223,deepseek-chat,561,207,768
69df305c50894423baf35812d008b223,unknown,0,0,0
69e25ed9641041329f9330c7d1583627,ark/deepseek-v3,569,218,787
69e25ed9641041329f9330c7d1583627,unknown,0,0,0
69e29e8b22de4473b124c91a3cd43a13,ark/deepseek-v3,6170,1746,7916
69e29e8b22de4473b124c91a3cd43a13,gpt-4.1,640,21,661
69e29e8b22de4473b124c91a3cd43a13,unknown,0,0,0
69e2d2abca2243318a5c8874d49669db,ark/deepseek-v3,14034,2599,16633
69e2d2abca2243318a5c8874d49669db,unknown,0,0,0
69ece4dd56c3481c95ea586454abf959,deepseek-chat,670,360,1030
69ece4dd56c3481c95ea586454abf959,unknown,0,0,0
69ee85de16444967a4ed6b93bd08f338,ark/deepseek-v3,1088,320,1408
69ee85de16444967a4ed6b93bd08f338,unknown,0,0,0
69f20cbaeea243a18141a707dae382e9,ark/deepseek-v3,467,98,565
69f20cbaeea243a18141a707dae382e9,unknown,0,0,0
6a01b7fb62c345b69ebee82681f8c842,deepseek-chat,781,314,1095
6a01b7fb62c345b69ebee82681f8c842,unknown,0,0,0
6a060db265344cd69f27c903705a98cd,deepseek-chat,2980,241,3221
6a060db265344cd69f27c903705a98cd,unknown,0,0,0
6a0a125640334106856f5f85f7559790,ark/deepseek-v3-1,11819,2003,13822
6a0a125640334106856f5f85f7559790,unknown,0,0,0
6a10c72eb0d442c78bb86e59bc770d5c,ark/deepseek-v3,6816,1828,8644
6a10c72eb0d442c78bb86e59bc770d5c,deepseek-chat,7802,681,8483
6a10c72eb0d442c78bb86e59bc770d5c,gpt-4.1,634,30,664
6a10c72eb0d442c78bb86e59bc770d5c,unknown,0,0,0
6a1239620fa1414f8b7391fb70f9e9cf,ark/deepseek-v3,465,109,574
6a1239620fa1414f8b7391fb70f9e9cf,unknown,0,0,0
6a14c4bd36a74098808df89bf25f8fee,ark/deepseek-v3,5918,1535,7453
6a14c4bd36a74098808df89bf25f8fee,gpt-4.1,641,21,662
6a14c4bd36a74098808df89bf25f8fee,unknown,0,0,0
6a1580368b174d45a88dec6edbb00e0c,ark/deepseek-v3,1296,661,1957
6a1580368b174d45a88dec6edbb00e0c,unknown,0,0,0
6a17593bbdf6425da3669042dcd1e517,deepseek-chat,670,319,989
6a17593bbdf6425da3669042dcd1e517,unknown,0,0,0
6a1ad7b58cb24530946ad0ae7836ecd3,deepseek-chat,430,361,791
6a1ad7b58cb24530946ad0ae7836ecd3,unknown,0,0,0
6a279810f553495dbe1887d35b74c7e9,ark/deepseek-v3,701,175,876
6a279810f553495dbe1887d35b74c7e9,unknown,0,0,0
6a2ffd8e11804cb39be60cdd8c6bebef,ark/deepseek-v3,14032,2737,16769
6a2ffd8e11804cb39be60cdd8c6bebef,deepseek-chat,5948,251,6199
6a2ffd8e11804cb39be60cdd8c6bebef,unknown,0,0,0
6a364b37aa1545e6bb6535e2cfc1bd13,ark/deepseek-v3,649,254,903
6a364b37aa1545e6bb6535e2cfc1bd13,unknown,0,0,0
6a38067562084c47bc4ec95bd09858d3,ark/deepseek-v3,5909,1331,7240
6a38067562084c47bc4ec95bd09858d3,unknown,0,0,0
6a3e712de3ae439b8f7f695d591fd01d,deepseek-chat,3196,1441,4637
6a3e712de3ae439b8f7f695d591fd01d,gpt-4.1,3325,881,4206
6a3e712de3ae439b8f7f695d591fd01d,unknown,0,0,0
6a43c9238466478cab74de6382326977,deepseek-chat,1338,551,1889
6a43c9238466478cab74de6382326977,unknown,0,0,0
6a4a88331cc5491d97cc956d155e886c,deepseek-chat,0,0,0
6a4a88331cc5491d97cc956d155e886c,unknown,0,0,0
6a4d2ca1e1bd40a8b233610f69fa6289,ark/deepseek-v3,684,487,1171
6a4d2ca1e1bd40a8b233610f69fa6289,unknown,0,0,0
6a5099b849504cc88224d2fff404753b,ark/deepseek-v3,0,0,0
6a5099b849504cc88224d2fff404753b,unknown,0,0,0
6a5e41e448d64bfaaced5eceab9ba76e,unknown,0,0,0
6a605e8dbea1400493d3fc12097f763e,deepseek-chat,561,207,768
6a605e8dbea1400493d3fc12097f763e,unknown,0,0,0
6a6399e34f1d44fc89794ad5e88fe898,ark/deepseek-v3-1,1405,868,2273
6a6399e34f1d44fc89794ad5e88fe898,unknown,0,0,0
6a67ead3c6004c3586a561b28499061a,deepseek-chat,561,206,767
6a67ead3c6004c3586a561b28499061a,unknown,0,0,0
6a6db83ca70d4cf1833956bd159facc4,ark/deepseek-v3,1257,557,1814
6a6db83ca70d4cf1833956bd159facc4,unknown,0,0,0
6a6f8ba3fb0d45f5aad24e569b517783,deepseek-chat,2604,1310,3914
6a6f8ba3fb0d45f5aad24e569b517783,unknown,0,0,0
6a70e9ab97234ac79b90b7f85a83c755,ark/deepseek-v3,701,175,876
6a70e9ab97234ac79b90b7f85a83c755,unknown,0,0,0
6a73c026a1bd45b6b05efd14b22650d2,ark/deepseek-v3,467,126,593
6a73c026a1bd45b6b05efd14b22650d2,unknown,0,0,0
6a78cf2fc0c744d18f5d9d2791a8e8dc,ark/deepseek-v3,0,0,0
6a78cf2fc0c744d18f5d9d2791a8e8dc,unknown,0,0,0
6a79b1e1f4fa452d9d6bdaa6c83f9fcd,deepseek-chat,0,0,0
6a79b1e1f4fa452d9d6bdaa6c83f9fcd,unknown,0,0,0
6a7ab84aeb0e4cb4b51f398c560d752f,ark/deepseek-v3,1455,209,1664
6a7ab84aeb0e4cb4b51f398c560d752f,unknown,0,0,0
6a7d9a75b1f74379a435f4aba931b51f,ark/deepseek-v3,1455,221,1676
6a7d9a75b1f74379a435f4aba931b51f,unknown,0,0,0
6a80b50fe3d447148842106cd3dfd0d6,ark/deepseek-v3,467,93,560
6a80b50fe3d447148842106cd3dfd0d6,unknown,0,0,0
6a8869366bf84ab7b738e7c2711d363a,ark/deepseek-v3,5957,615,6572
6a8869366bf84ab7b738e7c2711d363a,deepseek-chat,4374,50,4424
6a8869366bf84ab7b738e7c2711d363a,unknown,0,0,0
6a9216256b6c43d58413a4de23ac29a0,ark/deepseek-v3,1455,215,1670
6a9216256b6c43d58413a4de23ac29a0,unknown,0,0,0
6ab12b9afb824a5b9d4530fac2edeefc,ark/deepseek-v3,0,0,0
6ab12b9afb824a5b9d4530fac2edeefc,unknown,0,0,0
6ab160018bc743c5a648c96add335b42,deepseek-chat,0,0,0
6ab160018bc743c5a648c96add335b42,unknown,0,0,0
6ab88b4421944e589f3147aa9e8f7d6c,ark/deepseek-v3,701,180,881
6ab88b4421944e589f3147aa9e8f7d6c,unknown,0,0,0
6abce56a37c74599ab7bc759390a685d,deepseek-chat,941,449,1390
6abce56a37c74599ab7bc759390a685d,unknown,0,0,0
6abd5a9b8de346d1b4c9863f54841ac7,ark/deepseek-v3-1,1405,916,2321
6abd5a9b8de346d1b4c9863f54841ac7,unknown,0,0,0
6ac1a87562f14711bc1a2a601ecee8f2,deepseek-chat,1042,416,1458
6ac1a87562f14711bc1a2a601ecee8f2,gpt-4.1,1418,313,1731
6ac1a87562f14711bc1a2a601ecee8f2,unknown,0,0,0
6ad7e8fd552446349a80545e5d51f34b,ark/deepseek-v3,6178,1820,7998
6ad7e8fd552446349a80545e5d51f34b,gpt-4.1,660,35,695
6ad7e8fd552446349a80545e5d51f34b,unknown,0,0,0
6ada9f9401f147bf91102be1384a9f1a,ark/deepseek-v3-1,1895,958,2853
6ada9f9401f147bf91102be1384a9f1a,gpt-4.1,1068,34,1102
6ada9f9401f147bf91102be1384a9f1a,unknown,0,0,0
6ae0c626a3b64b56b3e99d4df0b59af3,deepseek-chat,2222,1240,3462
6ae0c626a3b64b56b3e99d4df0b59af3,unknown,0,0,0
6ae15e5b791d4e1fb1d427aea4349609,deepseek-chat,2677,994,3671
6ae15e5b791d4e1fb1d427aea4349609,unknown,0,0,0
6ae525c7f00949b89332c8306cb91fd9,ark/deepseek-v3,1780,932,2712
6ae525c7f00949b89332c8306cb91fd9,unknown,0,0,0
6ae8a6b42ed64b1da2cb12ff27a87160,ark/deepseek-v3,13995,2705,16700
6ae8a6b42ed64b1da2cb12ff27a87160,unknown,0,0,0
6aeb926a719f434baf4df3f09093755a,ark/deepseek-v3-1,3199,1252,4451
6aeb926a719f434baf4df3f09093755a,unknown,0,0,0
6af0aa81259045a584624f53209665d0,ark/deepseek-v3,6919,1414,8333
6af0aa81259045a584624f53209665d0,unknown,0,0,0
6af216b7f08945d0b1d9f63a4492d5db,deepseek-chat,5086,1935,7021
6af216b7f08945d0b1d9f63a4492d5db,unknown,0,0,0
6af2aed7f5874b56ba303f106617a677,ark/deepseek-v3,2892,537,3429
6af2aed7f5874b56ba303f106617a677,unknown,0,0,0
6af9180ba8ba44559fb93362bf989912,deepseek-chat,561,207,768
6af9180ba8ba44559fb93362bf989912,unknown,0,0,0
6afd90971ccd4a7fba5059abc8e838a5,deepseek-chat,561,207,768
6afd90971ccd4a7fba5059abc8e838a5,unknown,0,0,0
6afef5c1fe5c422eb57043cb3ad2cb71,deepseek-chat,671,375,1046
6afef5c1fe5c422eb57043cb3ad2cb71,unknown,0,0,0
6b083f7a3f2a4a7fb43869d94a63b283,deepseek-chat,1194,344,1538
6b083f7a3f2a4a7fb43869d94a63b283,unknown,0,0,0
6b084b4813cb46c7a677fe9c71cb4acd,ark/deepseek-v3,5057,701,5758
6b084b4813cb46c7a677fe9c71cb4acd,unknown,0,0,0
6b0da201e544412d8b470b0cd48c776c,ark/deepseek-v3,467,101,568
6b0da201e544412d8b470b0cd48c776c,unknown,0,0,0
6b1a089a274b45bda93a2235e95001ec,ark/deepseek-v3,701,177,878
6b1a089a274b45bda93a2235e95001ec,unknown,0,0,0
6b1d026a20874e69a2bbe2eedc192647,deepseek-chat,561,207,768
6b1d026a20874e69a2bbe2eedc192647,unknown,0,0,0
6b1e423b160e4a72b8b1fb5ef132f015,ark/deepseek-v3,0,0,0
6b1e423b160e4a72b8b1fb5ef132f015,unknown,0,0,0
6b1ef4fd8050416384fed8e9afd05038,deepseek-chat,2921,996,3917
6b1ef4fd8050416384fed8e9afd05038,gpt-4.1,4157,944,5101
6b1ef4fd8050416384fed8e9afd05038,unknown,0,0,0
6b245924b0754efe8415903ab18fb66b,ark/deepseek-v3,467,118,585
6b245924b0754efe8415903ab18fb66b,unknown,0,0,0
6b28305618664edc9ea4a4d58e8a5b81,deepseek-chat,2085,642,2727
6b28305618664edc9ea4a4d58e8a5b81,unknown,0,0,0
6b2e89045f2748dfacee9755400efc30,ark/deepseek-v3,467,91,558
6b2e89045f2748dfacee9755400efc30,unknown,0,0,0
6b3c09026b224cc783ea94fd335ebbe0,ark/deepseek-v3,113,818,931
6b3c09026b224cc783ea94fd335ebbe0,unknown,0,0,0
6b4633954ffc4a45b130f8f99183e1fc,deepseek-chat,6679,526,7205
6b4633954ffc4a45b130f8f99183e1fc,gpt-4.1,953,0,953
6b4633954ffc4a45b130f8f99183e1fc,unknown,0,0,0
6b493dcfcf6a46c5a6dd318cdd0bc70a,ark/deepseek-v3-1,3960,1637,5597
6b493dcfcf6a46c5a6dd318cdd0bc70a,unknown,0,0,0
6b4e85afc42547629c526f2517fc631e,ark/deepseek-v3,467,94,561
6b4e85afc42547629c526f2517fc631e,unknown,0,0,0
6b4ea146c4a74f3dbdcc3483870e1fad,deepseek-chat,670,369,1039
6b4ea146c4a74f3dbdcc3483870e1fad,unknown,0,0,0
6b57d7110b7d4a199d8936756d5bf09d,ark/deepseek-v3,1892,901,2793
6b57d7110b7d4a199d8936756d5bf09d,unknown,0,0,0
6b6566001f9e4557a9daa29f21e8919f,deepseek-chat,1346,534,1880
6b6566001f9e4557a9daa29f21e8919f,unknown,0,0,0
6b68fc4072444759a66f3ac01068d67c,ark/deepseek-v3,467,95,562
6b68fc4072444759a66f3ac01068d67c,unknown,0,0,0
6b7e92b3c916481faf0916ee65bf068c,ark/deepseek-v3,1726,961,2687
6b7e92b3c916481faf0916ee65bf068c,unknown,0,0,0
6b823ddb41b54f0c88532ab600c161dd,ark/deepseek-v3-1,1405,1082,2487
6b823ddb41b54f0c88532ab600c161dd,unknown,0,0,0
6b85a02abfcc4a739a7db61e2995088e,unknown,0,0,0
6b88161bde504b5d96d8269cb1e5ab9c,ark/deepseek-v3,2175,1277,3452
6b88161bde504b5d96d8269cb1e5ab9c,unknown,0,0,0
6b8b911f4b2a4dea8ae780c922f4eaaa,deepseek-chat,1454,513,1967
6b8b911f4b2a4dea8ae780c922f4eaaa,unknown,0,0,0
6b8c348b6e9c4d2991e65015e13c74c4,deepseek-chat,0,0,0
6b8c348b6e9c4d2991e65015e13c74c4,unknown,0,0,0
6b8d8a9a83774c7a94ba2a729627beb4,deepseek-chat,1363,702,2065
6b8d8a9a83774c7a94ba2a729627beb4,unknown,0,0,0
6b8daeccd633415daa6760480544616a,deepseek-chat,561,207,768
6b8daeccd633415daa6760480544616a,unknown,0,0,0
6b93c0004a834cd7aa3b786495f098ec,ark/deepseek-v3,0,0,0
6b93c0004a834cd7aa3b786495f098ec,unknown,0,0,0
6b940b1da7444a97bdd3c310acd62aa8,ark/deepseek-v3,1455,199,1654
6b940b1da7444a97bdd3c310acd62aa8,unknown,0,0,0
6b98635fb00b4565834f75b481e5e5c2,deepseek-chat,671,352,1023
6b98635fb00b4565834f75b481e5e5c2,unknown,0,0,0
6ba4e961b6944a8bbbab4108d73c4f5b,ark/deepseek-v3,1190,555,1745
6ba4e961b6944a8bbbab4108d73c4f5b,unknown,0,0,0
6ba55946b2b0412db02869df9df0f6b7,ark/deepseek-v3,6760,1742,8502
6ba55946b2b0412db02869df9df0f6b7,unknown,0,0,0
6ba6523e8e6f414d8903b76e40c10f3a,ark/deepseek-v3,6971,1462,8433
6ba6523e8e6f414d8903b76e40c10f3a,unknown,0,0,0
6bb4681268c84c32ae41ae223903a609,unknown,0,0,0
6bb57bedc5834411b46b82b72e4b24b5,deepseek-chat,561,207,768
6bb57bedc5834411b46b82b72e4b24b5,unknown,0,0,0
6bb5fc0946a04d8c8408a29712111649,ark/deepseek-v3,467,94,561
6bb5fc0946a04d8c8408a29712111649,unknown,0,0,0
6bbdd02f10804b518fb0b14b5580fb7d,ark/deepseek-v3,701,194,895
6bbdd02f10804b518fb0b14b5580fb7d,unknown,0,0,0
6bbf0ef1cf6745438edb7a18c666ba53,ark/deepseek-v3,467,94,561
6bbf0ef1cf6745438edb7a18c666ba53,unknown,0,0,0
6bcf8ecea70e430cb9169d4d54337c69,ark/deepseek-v3,712,437,1149
6bcf8ecea70e430cb9169d4d54337c69,unknown,0,0,0
6bd24609ffb046dfb708cf5ee2073663,ark/deepseek-v3,1455,180,1635
6bd24609ffb046dfb708cf5ee2073663,unknown,0,0,0
6bd5820c6897489fa832a77faa3f3227,ark/deepseek-v3,467,113,580
6bd5820c6897489fa832a77faa3f3227,unknown,0,0,0
6bd5c5dd775d47ec8a913e37bb21d3eb,ark/deepseek-v3,38965,6059,45024
6bd5c5dd775d47ec8a913e37bb21d3eb,unknown,0,0,0
6bdc632b30ff40c08e4e089df6adb1a5,ark/deepseek-v3,487,93,580
6bdc632b30ff40c08e4e089df6adb1a5,unknown,0,0,0
6bddb2e34f534c1da7ab4a306ed4b6ac,ark/deepseek-v3,2399,506,2905
6bddb2e34f534c1da7ab4a306ed4b6ac,unknown,0,0,0
6bde91eb94ae4c2499dad4008b1d0d03,deepseek-chat,863,229,1092
6bde91eb94ae4c2499dad4008b1d0d03,unknown,0,0,0
6be18b5edb244a5280a08edd76cf27c5,ark/deepseek-v3,6262,1818,8080
6be18b5edb244a5280a08edd76cf27c5,gpt-4.1,647,26,673
6be18b5edb244a5280a08edd76cf27c5,unknown,0,0,0
6be5c6bcb30e47fdb9c221bdf594b00d,ark/deepseek-v3,3387,1235,4622
6be5c6bcb30e47fdb9c221bdf594b00d,unknown,0,0,0
6bf0938bdeea4e6db59e627d85a6a2e1,ark/deepseek-v3,1089,315,1404
6bf0938bdeea4e6db59e627d85a6a2e1,unknown,0,0,0
6bf4981c18ee47c288d5d83b3502ffb6,ark/deepseek-v3,2327,1275,3602
6bf4981c18ee47c288d5d83b3502ffb6,deepseek-chat,6134,648,6782
6bf4981c18ee47c288d5d83b3502ffb6,unknown,0,0,0
6bfa4f02dae14ee0a934af5d487038e3,ark/deepseek-v3,1455,195,1650
6bfa4f02dae14ee0a934af5d487038e3,unknown,0,0,0
6bfe8643296d48a888e44ad1c8f367a5,deepseek-chat,561,207,768
6bfe8643296d48a888e44ad1c8f367a5,unknown,0,0,0
6bff27ec2c2c44919f9c5c37e04aa28e,ark/deepseek-v3,1937,382,2319
6bff27ec2c2c44919f9c5c37e04aa28e,unknown,0,0,0
6c033bd0c7da4a01b2b8c64eaeb7e126,ark/deepseek-v3,0,0,0
6c033bd0c7da4a01b2b8c64eaeb7e126,unknown,0,0,0
6c0af8c282ff452789ca5672120f65a1,gpt-4.1,1751,570,2321
6c0af8c282ff452789ca5672120f65a1,unknown,0,0,0
6c0b8aaf291d4e5ba34872653a281686,ark/deepseek-v3,6931,1572,8503
6c0b8aaf291d4e5ba34872653a281686,unknown,0,0,0
6c1355772937454199aa3b0045007dc1,deepseek-chat,3348,1697,5045
6c1355772937454199aa3b0045007dc1,unknown,0,0,0
6c161c762291467199469a0556d21bb3,ark/deepseek-v3,2070,229,2299
6c161c762291467199469a0556d21bb3,unknown,0,0,0
6c1e4d634610474f8797667cb864216f,deepseek-chat,671,499,1170
6c1e4d634610474f8797667cb864216f,unknown,0,0,0
6c21aa755bff41839b4427d550611dce,ark/deepseek-v3,4958,914,5872
6c21aa755bff41839b4427d550611dce,unknown,0,0,0
6c2bbad7df704cf588ef285e7f92301c,deepseek-chat,670,336,1006
6c2bbad7df704cf588ef285e7f92301c,gpt-4.1,943,81,1024
6c2bbad7df704cf588ef285e7f92301c,unknown,0,0,0
6c2c4e6ab6cc440e8c3f8a5c31ba33ea,ark/deepseek-v3,10976,2262,13238
6c2c4e6ab6cc440e8c3f8a5c31ba33ea,unknown,0,0,0
6c36b11b5eab4be99f382d775c0d8fb1,ark/deepseek-v3,1455,233,1688
6c36b11b5eab4be99f382d775c0d8fb1,unknown,0,0,0
6c3d7bc919b74c54be83b9050f9a4c5a,deepseek-chat,2710,1288,3998
6c3d7bc919b74c54be83b9050f9a4c5a,unknown,0,0,0
6c459e40195c4f14ab23f1bd211edb1e,deepseek-chat,3369,1484,4853
6c459e40195c4f14ab23f1bd211edb1e,unknown,0,0,0
6c47ef089a0a42fbae9b2987b4cab439,ark/deepseek-v3-1,4232,1736,5968
6c47ef089a0a42fbae9b2987b4cab439,unknown,0,0,0
6c488058325c4eb5bd3b0e17bb0a2a83,deepseek-chat,671,405,1076
6c488058325c4eb5bd3b0e17bb0a2a83,unknown,0,0,0
6c51391f11074260b6a2ac95f70281e2,ark/deepseek-v3,11496,2072,13568
6c51391f11074260b6a2ac95f70281e2,unknown,0,0,0
6c5368a5b22b46a383dffb8b95afae39,ark/deepseek-v3,7198,1483,8681
6c5368a5b22b46a383dffb8b95afae39,deepseek-chat,1478,491,1969
6c5368a5b22b46a383dffb8b95afae39,unknown,0,0,0
6c54c0c2f1f1421d8784f4bb80de237f,ark/deepseek-v3,6959,1582,8541
6c54c0c2f1f1421d8784f4bb80de237f,unknown,0,0,0
6c5cc0a9f7dc482d81d6b3e489cafc47,deepseek-chat,2777,1376,4153
6c5cc0a9f7dc482d81d6b3e489cafc47,unknown,0,0,0
6c5fd815bbef4f209f3bf98be37c6277,ark/deepseek-v3,467,87,554
6c5fd815bbef4f209f3bf98be37c6277,unknown,0,0,0
6c5ff377cf344f1cb06019a02c42d194,ark/deepseek-v3,1455,233,1688
6c5ff377cf344f1cb06019a02c42d194,unknown,0,0,0
6c74c8c607574f44bd5276395f2f3c7e,ark/deepseek-v3,1957,955,2912
6c74c8c607574f44bd5276395f2f3c7e,unknown,0,0,0
6c9a26307c99436cad0e1dcb3cf371a7,deepseek-chat,1454,1192,2646
6c9a26307c99436cad0e1dcb3cf371a7,unknown,0,0,0
6c9fa114c356466c87e8e6c50f0ec8e5,ark/deepseek-v3,467,129,596
6c9fa114c356466c87e8e6c50f0ec8e5,unknown,0,0,0
6ca62cbd433a48b6b2c3615f3f992cbb,ark/deepseek-v3-1,2883,1090,3973
6ca62cbd433a48b6b2c3615f3f992cbb,unknown,0,0,0
6ca8e7cca74e475aadef21de702d6736,ark/deepseek-v3,6636,1938,8574
6ca8e7cca74e475aadef21de702d6736,gpt-4.1,640,20,660
6ca8e7cca74e475aadef21de702d6736,unknown,0,0,0
6cad179080194285833d3e84b0c98bac,ark/deepseek-v3-1,1892,989,2881
6cad179080194285833d3e84b0c98bac,gpt-4.1,1062,28,1090
6cad179080194285833d3e84b0c98bac,unknown,0,0,0
6cb002babea9403788dccfed1025cf6a,deepseek-chat,1742,696,2438
6cb002babea9403788dccfed1025cf6a,unknown,0,0,0
6cb43b0c65cd4f808842fe0e13f5cf59,ark/deepseek-v3,1088,444,1532
6cb43b0c65cd4f808842fe0e13f5cf59,unknown,0,0,0
6cc8727d91f54f4cad4805500af82ee0,ark/deepseek-v3,467,96,563
6cc8727d91f54f4cad4805500af82ee0,unknown,0,0,0
6cc90678ce6c4480ac94a2ab5a8f7c9c,deepseek-chat,0,0,0
6cc90678ce6c4480ac94a2ab5a8f7c9c,unknown,0,0,0
6cca0723475f4b97b5c2095a2d6c199a,deepseek-chat,670,323,993
6cca0723475f4b97b5c2095a2d6c199a,unknown,0,0,0
6cce8b6480b7450fb313df61ecc8d3cc,ark/deepseek-v3,1937,387,2324
6cce8b6480b7450fb313df61ecc8d3cc,unknown,0,0,0
6cd4c30535134792885cb5e70b2f9bd0,ark/deepseek-v3,1089,307,1396
6cd4c30535134792885cb5e70b2f9bd0,unknown,0,0,0
6ce43998b52949e2a6fe4ddce2b058ba,ark/deepseek-v3,457,66,523
6ce43998b52949e2a6fe4ddce2b058ba,unknown,0,0,0
6ce8f9f4bdee417ab80101fe9ed39e79,ark/deepseek-v3,1152,952,2104
6ce8f9f4bdee417ab80101fe9ed39e79,unknown,0,0,0
6ce92ddf634d4f93acb4264316e2dd1a,deepseek-chat,683,275,958
6ce92ddf634d4f93acb4264316e2dd1a,unknown,0,0,0
6cecc2f7e30e44ad861b29b00b52f3e0,deepseek-chat,0,0,0
6cecc2f7e30e44ad861b29b00b52f3e0,unknown,0,0,0
6cef2c87ffa542ebb8f6f3dadcf9fc99,deepseek-chat,2511,238,2749
6cef2c87ffa542ebb8f6f3dadcf9fc99,unknown,0,0,0
6cf09e71e85b4553861bf71aeeda2dc4,ark/deepseek-v3,1455,208,1663
6cf09e71e85b4553861bf71aeeda2dc4,unknown,0,0,0
6cf5f43dcfd341d5a337753e399b44c1,ark/deepseek-v3,2733,1438,4171
6cf5f43dcfd341d5a337753e399b44c1,unknown,0,0,0
6cfa9ef5c5fa45a48cff3ecd1ca9dfae,deepseek-chat,766,300,1066
6cfa9ef5c5fa45a48cff3ecd1ca9dfae,unknown,0,0,0
6cfeb4ade7324d199cfc8264029db9a5,ark/deepseek-v3,3623,1344,4967
6cfeb4ade7324d199cfc8264029db9a5,unknown,0,0,0
6d00e0fbaf444c56a7a5370fb348905f,deepseek-chat,816,434,1250
6d00e0fbaf444c56a7a5370fb348905f,unknown,0,0,0
6d01d9bcdea943f184db8fa6a9d78375,ark/deepseek-v3,1089,277,1366
6d01d9bcdea943f184db8fa6a9d78375,unknown,0,0,0
6d05cb945a4a410b8ca03e3897f95641,ark/deepseek-v3,933,201,1134
6d05cb945a4a410b8ca03e3897f95641,unknown,0,0,0
6d0ab96be2ce41eba3c720e5c31d6d8e,ark/deepseek-v3,701,202,903
6d0ab96be2ce41eba3c720e5c31d6d8e,unknown,0,0,0
6d0e051ce55e4153a06482065907b1b0,ark/deepseek-v3,701,176,877
6d0e051ce55e4153a06482065907b1b0,unknown,0,0,0
6d10560054d7428291c29cdad2b965eb,deepseek-chat,670,317,987
6d10560054d7428291c29cdad2b965eb,unknown,0,0,0
6d1b3bf50cc942aeac5c07401fd35827,ark/deepseek-v3,1455,232,1687
6d1b3bf50cc942aeac5c07401fd35827,unknown,0,0,0
6d2502b288a94d33a0e54860305149ce,ark/deepseek-v3,701,176,877
6d2502b288a94d33a0e54860305149ce,unknown,0,0,0
6d252847a9bf494ebfdc775f28754d13,ark/deepseek-v3,12566,2389,14955
6d252847a9bf494ebfdc775f28754d13,unknown,0,0,0
6d27bb2152664a03ab7438ae4b531120,ark/deepseek-v3-1,3163,1187,4350
6d27bb2152664a03ab7438ae4b531120,unknown,0,0,0
6d31dddc93bc4dfb996a6923b85bf901,ark/deepseek-v3,701,197,898
6d31dddc93bc4dfb996a6923b85bf901,unknown,0,0,0
6d37cc635fc14f21bc1e12e01d9a9fc7,deepseek-chat,670,350,1020
6d37cc635fc14f21bc1e12e01d9a9fc7,gpt-4.1,943,76,1019
6d37cc635fc14f21bc1e12e01d9a9fc7,unknown,0,0,0
6d40265f1d1d4a5f8afe8f88a12b863d,ark/deepseek-v3,6607,725,7332
6d40265f1d1d4a5f8afe8f88a12b863d,unknown,0,0,0
6d412b1215bc4a4297ee6d11ca68e838,ark/deepseek-v3,467,97,564
6d412b1215bc4a4297ee6d11ca68e838,unknown,0,0,0
6d42fcacfaf4449a938425aacf604859,ark/deepseek-v3,14444,2706,17150
6d42fcacfaf4449a938425aacf604859,unknown,0,0,0
6d4a101943b847e3b48a18393a0ce9f7,deepseek-chat,1190,451,1641
6d4a101943b847e3b48a18393a0ce9f7,unknown,0,0,0
6d4d783375644c058d9a298cee0adba2,deepseek-chat,561,207,768
6d4d783375644c058d9a298cee0adba2,unknown,0,0,0
6d50202d08a94b468d7e33e12f9d03a8,deepseek-chat,6367,1431,7798
6d50202d08a94b468d7e33e12f9d03a8,unknown,0,0,0
6d5602867f464958a9df217572ebd572,deepseek-chat,3267,1342,4609
6d5602867f464958a9df217572ebd572,gpt-4.1,3370,849,4219
6d5602867f464958a9df217572ebd572,unknown,0,0,0
6d58825179dc4c50b8d65149b32c1e42,ark/deepseek-v3-1,4044,1776,5820
6d58825179dc4c50b8d65149b32c1e42,unknown,0,0,0
6d597663bafa428b8e698c64bac1e579,ark/deepseek-v3-1,1405,710,2115
6d597663bafa428b8e698c64bac1e579,unknown,0,0,0
6d5ce5a3b407477ca9037e41b9d61902,deepseek-chat,1445,1137,2582
6d5ce5a3b407477ca9037e41b9d61902,unknown,0,0,0
6d6e8a71a4374cba8fe38d116aec9c94,ark/deepseek-v3,0,0,0
6d6e8a71a4374cba8fe38d116aec9c94,unknown,0,0,0
6d819ee3fb36404d8754502126e15f36,ark/deepseek-v3,5909,1341,7250
6d819ee3fb36404d8754502126e15f36,unknown,0,0,0
6d880bc448f54ec5b339afd4ff360c5f,ark/deepseek-v3-1,3436,1031,4467
6d880bc448f54ec5b339afd4ff360c5f,unknown,0,0,0
6d8a9ed71e5e4554a8f661731b49200c,ark/deepseek-v3,4472,613,5085
6d8a9ed71e5e4554a8f661731b49200c,unknown,0,0,0
6d8c7ce085974392b4a481eadc00a4c7,ark/deepseek-v3,1308,1021,2329
6d8c7ce085974392b4a481eadc00a4c7,unknown,0,0,0
6d9493ec76aa4714807cc90e3c797eca,ark/deepseek-v3,1455,151,1606
6d9493ec76aa4714807cc90e3c797eca,unknown,0,0,0
6d9794f97f9748af9f3ffab994666de2,ark/deepseek-v3,14030,2870,16900
6d9794f97f9748af9f3ffab994666de2,unknown,0,0,0
6da38f3640ad44c09ed710b55ddd0c4c,deepseek-chat,847,428,1275
6da38f3640ad44c09ed710b55ddd0c4c,unknown,0,0,0
6da849668c3e45dba090fe77657acc1a,deepseek-chat,0,0,0
6da849668c3e45dba090fe77657acc1a,unknown,0,0,0
6da99ab083204dc599e0663bba54914d,ark/deepseek-v3,701,194,895
6da99ab083204dc599e0663bba54914d,unknown,0,0,0
6dabb0aac03746b5b2b4be00a09b2681,ark/deepseek-v3,1089,359,1448
6dabb0aac03746b5b2b4be00a09b2681,unknown,0,0,0
6dace5d113f346c9b35e7f98b0cff6ce,deepseek-chat,936,362,1298
6dace5d113f346c9b35e7f98b0cff6ce,unknown,0,0,0
6db1875ee5004808a8b9c46c4a2eda92,ark/deepseek-v3,467,89,556
6db1875ee5004808a8b9c46c4a2eda92,unknown,0,0,0
6db89bffabc04e93ad6621ac501dddbe,deepseek-chat,670,357,1027
6db89bffabc04e93ad6621ac501dddbe,unknown,0,0,0
6dbabcc467b547c7b3ae6c0742fadfd3,ark/deepseek-v3,1263,687,1950
6dbabcc467b547c7b3ae6c0742fadfd3,deepseek-chat,36534,3108,39642
6dbabcc467b547c7b3ae6c0742fadfd3,unknown,0,0,0
6dc8a1a025a84ebf8608914d02f31523,ark/deepseek-v3,1469,824,2293
6dc8a1a025a84ebf8608914d02f31523,unknown,0,0,0
6dcc84add5a0426f920dd704151e4eb4,ark/deepseek-v3-1,1405,722,2127
6dcc84add5a0426f920dd704151e4eb4,unknown,0,0,0
6dd5f488da494a69bea9d13c6421042f,ark/deepseek-v3,2287,639,2926
6dd5f488da494a69bea9d13c6421042f,unknown,0,0,0
6dd6ca4867784d04bbedfbe70edb6830,ark/deepseek-v3,6659,1404,8063
6dd6ca4867784d04bbedfbe70edb6830,deepseek-chat,5181,170,5351
6dd6ca4867784d04bbedfbe70edb6830,unknown,0,0,0
6ddbf732fecd4d53a7058c4697f5bf17,deepseek-chat,0,0,0
6ddbf732fecd4d53a7058c4697f5bf17,unknown,0,0,0
6dde7638289142eebefa517c66a7df61,ark/deepseek-v3,1251,216,1467
6dde7638289142eebefa517c66a7df61,unknown,0,0,0
6ddfe49dd8d342b49d83a10e6b0f1035,ark/deepseek-v3,467,110,577
6ddfe49dd8d342b49d83a10e6b0f1035,unknown,0,0,0
6ddff6ccb7124c6282b0fc976da2a037,unknown,0,0,0
6de0beb3c77a444caa49afcfab2fc599,ark/deepseek-v3-1,700,295,995
6de0beb3c77a444caa49afcfab2fc599,unknown,0,0,0
6de7f79d5792498fa9160a2568d9c558,deepseek-chat,724,309,1033
6de7f79d5792498fa9160a2568d9c558,unknown,0,0,0
6deb38380a404b54a0606a73517f550e,ark/deepseek-v3,467,94,561
6deb38380a404b54a0606a73517f550e,unknown,0,0,0
6deb4d6964d34796afdfe88509c4c5c8,ark/deepseek-v3,3143,313,3456
6deb4d6964d34796afdfe88509c4c5c8,unknown,0,0,0
6deccba340004413bed009e8c9dea333,deepseek-chat,670,325,995
6deccba340004413bed009e8c9dea333,unknown,0,0,0
6ded34d6d52f40e3b2824a6f36ab665c,ark/deepseek-v3,4273,2124,6397
6ded34d6d52f40e3b2824a6f36ab665c,deepseek-chat,15906,398,16304
6ded34d6d52f40e3b2824a6f36ab665c,unknown,0,0,0
6deffd59a0194db08ba43e9d131c73d7,deepseek-chat,1396,565,1961
6deffd59a0194db08ba43e9d131c73d7,unknown,0,0,0
6df1fbba0d1d496f9d4a347957d625e8,deepseek-chat,1224,361,1585
6df1fbba0d1d496f9d4a347957d625e8,gpt-4.1,678,291,969
6df1fbba0d1d496f9d4a347957d625e8,unknown,0,0,0
6df84dae76b74298ba6784e7c5ee8f1c,ark/deepseek-v3,1089,362,1451
6df84dae76b74298ba6784e7c5ee8f1c,unknown,0,0,0
6df9643d6cc143cfa7820af7b75ca1bb,ark/deepseek-v3,467,93,560
6df9643d6cc143cfa7820af7b75ca1bb,unknown,0,0,0
6e07e11d35504d08b738f964e239e347,ark/deepseek-v3-1,9029,2475,11504
6e07e11d35504d08b738f964e239e347,unknown,0,0,0
6e095c4f77e14ab2851d3b9e03aa4bb1,ark/deepseek-v3,5194,526,5720
6e095c4f77e14ab2851d3b9e03aa4bb1,unknown,0,0,0
6e09c254014c457dba126f6bd1cac4a4,ark/deepseek-v3,859,512,1371
6e09c254014c457dba126f6bd1cac4a4,unknown,0,0,0
6e14b4acd589469e9306bc3b414e403a,deepseek-chat,2795,787,3582
6e14b4acd589469e9306bc3b414e403a,unknown,0,0,0
6e1a7ca7006b4c02bab20e1a18058f70,ark/deepseek-v3,1455,222,1677
6e1a7ca7006b4c02bab20e1a18058f70,unknown,0,0,0
6e1d12d66c8745bc97c5590637e84428,deepseek-chat,0,0,0
6e1d12d66c8745bc97c5590637e84428,unknown,0,0,0
6e30105958c749d68b6c1e1dcecaa45b,ark/deepseek-v3,7511,769,8280
6e30105958c749d68b6c1e1dcecaa45b,unknown,0,0,0
6e3146a973384f35ba7e9d57659aee6a,ark/deepseek-v3,701,203,904
6e3146a973384f35ba7e9d57659aee6a,unknown,0,0,0
6e3691be36fc487faef3e0af474f53ed,deepseek-chat,2947,1403,4350
6e3691be36fc487faef3e0af474f53ed,unknown,0,0,0
6e3692f07d284e4f8023e729a3fa9d40,deepseek-chat,896,423,1319
6e3692f07d284e4f8023e729a3fa9d40,unknown,0,0,0
6e3e357d04b04bbb8326432ab50f83fc,deepseek-chat,4265,414,4679
6e3e357d04b04bbb8326432ab50f83fc,unknown,0,0,0
6e45798d54904d3596205eb1cc090482,ark/deepseek-v3,1251,215,1466
6e45798d54904d3596205eb1cc090482,unknown,0,0,0
6e45e13b67144123ac60056390cd2452,ark/deepseek-v3,1240,448,1688
6e45e13b67144123ac60056390cd2452,unknown,0,0,0
6e46d0533c214731b3243e2332f02667,ark/deepseek-v3,6616,770,7386
6e46d0533c214731b3243e2332f02667,unknown,0,0,0
6e4b1b39b94a4cfa895a170f0af3d57c,ark/deepseek-v3,467,94,561
6e4b1b39b94a4cfa895a170f0af3d57c,unknown,0,0,0
6e50455ca4264e8686a9467f504e63cc,deepseek-chat,7014,1009,8023
6e50455ca4264e8686a9467f504e63cc,unknown,0,0,0
6e51bc8e733148b889868e19fd13bf6e,deepseek-chat,1125,347,1472
6e51bc8e733148b889868e19fd13bf6e,unknown,0,0,0
6e5856c1ff154045924ea36ea1d115ee,ark/deepseek-v3,1246,634,1880
6e5856c1ff154045924ea36ea1d115ee,unknown,0,0,0
6e5b228944b64f1db36f40f9b96f793d,deepseek-chat,7,474,481
6e5b228944b64f1db36f40f9b96f793d,unknown,0,0,0
6e5eaf21609540ae8b06fc3cf70e003a,ark/deepseek-v3,8316,1310,9626
6e5eaf21609540ae8b06fc3cf70e003a,unknown,0,0,0
6e5f0fb6ad6a453c8169375245dc05ec,deepseek-chat,705,312,1017
6e5f0fb6ad6a453c8169375245dc05ec,unknown,0,0,0
6e6b5b12833c49bc824c5b4953763b32,ark/deepseek-v3,2356,1372,3728
6e6b5b12833c49bc824c5b4953763b32,unknown,0,0,0
6e7d4623790e43a08744f551e4900af5,ark/deepseek-v3,5907,1827,7734
6e7d4623790e43a08744f551e4900af5,gpt-4.1,664,33,697
6e7d4623790e43a08744f551e4900af5,unknown,0,0,0
6e845e4cde6c4fd299b53b3b05cfebee,ark/deepseek-v3-1,1405,764,2169
6e845e4cde6c4fd299b53b3b05cfebee,unknown,0,0,0
6e8dc4daa04b43a090181c390a2fb1ea,deepseek-chat,3546,1428,4974
6e8dc4daa04b43a090181c390a2fb1ea,gpt-4.1,4167,804,4971
6e8dc4daa04b43a090181c390a2fb1ea,unknown,0,0,0
6e8dee2c9b0b4b5395b679c08322fe8c,ark/deepseek-v3,6170,1838,8008
6e8dee2c9b0b4b5395b679c08322fe8c,gpt-4.1,639,20,659
6e8dee2c9b0b4b5395b679c08322fe8c,unknown,0,0,0
6e9016fae6d743d6835d523fcf4e7474,ark/deepseek-v3,1455,220,1675
6e9016fae6d743d6835d523fcf4e7474,unknown,0,0,0
6e90d4b801454e12a19e89f21c2d52fb,deepseek-chat,954,400,1354
6e90d4b801454e12a19e89f21c2d52fb,unknown,0,0,0
6e95e7f7a309466ba46cc28413915412,ark/deepseek-v3,14045,2677,16722
6e95e7f7a309466ba46cc28413915412,unknown,0,0,0
6e9fa3311d634350bd053a40a972573c,deepseek-chat,867,411,1278
6e9fa3311d634350bd053a40a972573c,unknown,0,0,0
6eae92e9c96e4658b0b67be2485370fc,ark/deepseek-v3,467,114,581
6eae92e9c96e4658b0b67be2485370fc,unknown,0,0,0
6eb74a264e17440f91b7408c9a7a00b7,ark/deepseek-v3,758,258,1016
6eb74a264e17440f91b7408c9a7a00b7,deepseek-chat,6359,318,6677
6eb74a264e17440f91b7408c9a7a00b7,unknown,0,0,0
6ebd05ef597540d5bdae1d1683c5207a,ark/deepseek-v3,13448,2618,16066
6ebd05ef597540d5bdae1d1683c5207a,unknown,0,0,0
6ec5450521944fed99ef66dd1d8ff9ee,ark/deepseek-v3,467,94,561
6ec5450521944fed99ef66dd1d8ff9ee,unknown,0,0,0
6ec675050f644b7f8689fe1ee3070ac3,unknown,0,0,0
6ec8ed52891a4b23a40f5a2e7d91a05c,deepseek-chat,764,458,1222
6ec8ed52891a4b23a40f5a2e7d91a05c,unknown,0,0,0
6ecba5f048204feab4cd6b1cc3d667f0,ark/deepseek-v3,1064,305,1369
6ecba5f048204feab4cd6b1cc3d667f0,unknown,0,0,0
6eceb8ce888c45928a38ae9c420cb411,ark/deepseek-v3,2397,525,2922
6eceb8ce888c45928a38ae9c420cb411,unknown,0,0,0
6ed0aa3fdedd40a8969bd0a7060d7120,ark/deepseek-v3,614,255,869
6ed0aa3fdedd40a8969bd0a7060d7120,unknown,0,0,0
6ed769fc4c6a4a708737e22627ec9825,deepseek-chat,1045,172,1217
6ed769fc4c6a4a708737e22627ec9825,unknown,0,0,0
6ee619cba3c746718c8a2e711356292f,ark/deepseek-v3,832,141,973
6ee619cba3c746718c8a2e711356292f,unknown,0,0,0
6eee3b6bd12845478b30f247f95b55b9,ark/deepseek-v3,647,226,873
6eee3b6bd12845478b30f247f95b55b9,unknown,0,0,0
6ef017013177405d83958e0ff859a220,deepseek-chat,671,417,1088
6ef017013177405d83958e0ff859a220,unknown,0,0,0
6ef0742a2b134ccdb5e04e9eec8dc853,ark/deepseek-v3-1,3718,1754,5472
6ef0742a2b134ccdb5e04e9eec8dc853,unknown,0,0,0
6ef0f374df8247ee817fd0758801eb58,unknown,0,0,0
6ef1984b29534d1a95ecc4cd90500257,ark/deepseek-v3,701,176,877
6ef1984b29534d1a95ecc4cd90500257,unknown,0,0,0
6ef32033639944d980b5fc37df72dc4c,ark/deepseek-v3,5314,848,6162
6ef32033639944d980b5fc37df72dc4c,unknown,0,0,0
6ef5ac698c464294a3ea02235605b2e8,ark/deepseek-v3,1089,356,1445
6ef5ac698c464294a3ea02235605b2e8,unknown,0,0,0
6ef61c9158a84f3abbbedb7f7dc9f70c,deepseek-chat,3532,1308,4840
6ef61c9158a84f3abbbedb7f7dc9f70c,gpt-4.1,3523,990,4513
6ef61c9158a84f3abbbedb7f7dc9f70c,unknown,0,0,0
6f11d3855647473da9efadfb5f4c0720,ark/deepseek-v3,701,176,877
6f11d3855647473da9efadfb5f4c0720,unknown,0,0,0
6f14883de9314bba84ab42279ef362f5,ark/deepseek-v3,11483,1952,13435
6f14883de9314bba84ab42279ef362f5,unknown,0,0,0
6f192a4a1e3e4483b615475009bd875e,ark/deepseek-v3,5936,1277,7213
6f192a4a1e3e4483b615475009bd875e,unknown,0,0,0
6f1b614eb15d4001902f60b92b2258ab,ark/deepseek-v3,8317,1304,9621
6f1b614eb15d4001902f60b92b2258ab,deepseek-chat,4126,2791,6917
6f1b614eb15d4001902f60b92b2258ab,unknown,0,0,0
6f384db4e69b40ff85245cad801dbc3c,deepseek-chat,561,207,768
6f384db4e69b40ff85245cad801dbc3c,gpt-4.1,943,76,1019
6f384db4e69b40ff85245cad801dbc3c,unknown,0,0,0
6f3b31e2e57a467ba9afa28517ec88b1,ark/deepseek-v3,465,93,558
6f3b31e2e57a467ba9afa28517ec88b1,unknown,0,0,0
6f42e030c09345cb8601e954793581ff,ark/deepseek-v3-1,1405,983,2388
6f42e030c09345cb8601e954793581ff,unknown,0,0,0
6f472f0865c44f4f841509566f14406e,ark/deepseek-v3,701,180,881
6f472f0865c44f4f841509566f14406e,unknown,0,0,0
6f4c34d381a4453cb7f5c10c0db50b85,ark/deepseek-v3,1251,217,1468
6f4c34d381a4453cb7f5c10c0db50b85,unknown,0,0,0
6f5d124b7fce415980c82f6d6a41daf5,ark/deepseek-v3,1455,173,1628
6f5d124b7fce415980c82f6d6a41daf5,unknown,0,0,0
6f5f3fb065bb4f95a7dfead477ab5496,ark/deepseek-v3,758,102,860
6f5f3fb065bb4f95a7dfead477ab5496,unknown,0,0,0
6f671fff7d8f48b18cf6804759bb2b4f,deepseek-chat,670,360,1030
6f671fff7d8f48b18cf6804759bb2b4f,unknown,0,0,0
6f67a97a0cb54146bd738aa9383580d8,deepseek-chat,1368,585,1953
6f67a97a0cb54146bd738aa9383580d8,unknown,0,0,0
6f68428adce5452c9bfdce6f71507164,deepseek-chat,1378,140,1518
6f68428adce5452c9bfdce6f71507164,unknown,0,0,0
6f6c8e1e91a842a6a02bf01e09f1051a,ark/deepseek-v3,1479,796,2275
6f6c8e1e91a842a6a02bf01e09f1051a,unknown,0,0,0
6f6e02412c8847ddbe684c6d41399aa7,ark/deepseek-v3,2243,234,2477
6f6e02412c8847ddbe684c6d41399aa7,unknown,0,0,0
6f710fb4b2a74b6e98a4674d3b0cf859,deepseek-chat,2798,1109,3907
6f710fb4b2a74b6e98a4674d3b0cf859,unknown,0,0,0
6f81a65d8bfd4f37bbd29ba7e2e38ef5,ark/deepseek-v3,2357,427,2784
6f81a65d8bfd4f37bbd29ba7e2e38ef5,unknown,0,0,0
6f851efca76a49b2bb1103de7d2d7b6a,ark/deepseek-v3,3143,328,3471
6f851efca76a49b2bb1103de7d2d7b6a,unknown,0,0,0
6f86cad0e09d43d499ffe417b64d86cd,ark/deepseek-v3,1322,620,1942
6f86cad0e09d43d499ffe417b64d86cd,unknown,0,0,0
6f895a28d98e46ce90c478d3e2c6a383,ark/deepseek-v3,1143,364,1507
6f895a28d98e46ce90c478d3e2c6a383,unknown,0,0,0
6f9165193ee141b393301057d7c15bb9,ark/deepseek-v3,1937,400,2337
6f9165193ee141b393301057d7c15bb9,unknown,0,0,0
6f99d92ab4334d48aad671f06e8ac2b3,ark/deepseek-v3,467,98,565
6f99d92ab4334d48aad671f06e8ac2b3,unknown,0,0,0
6fab2b4c0c794ff68985b308032bb5c9,ark/deepseek-v3,2193,1076,3269
6fab2b4c0c794ff68985b308032bb5c9,unknown,0,0,0
6faf5609f6024980b242dc52c513849f,deepseek-chat,13493,4068,17561
6faf5609f6024980b242dc52c513849f,unknown,0,0,0
6fafac80f1b146a9a2ed75cb8e868714,deepseek-chat,15028,1653,16681
6fafac80f1b146a9a2ed75cb8e868714,gpt-4.1,3318,994,4312
6fafac80f1b146a9a2ed75cb8e868714,unknown,0,0,0
6fb233e07807448099c95ac12063781d,ark/deepseek-v3,4091,1961,6052
6fb233e07807448099c95ac12063781d,unknown,0,0,0
6fbae90d9c7e40f985647b3a6404957c,unknown,0,0,0
6fc0b8c6409a4f54803ad452d4b02641,ark/deepseek-v3,467,95,562
6fc0b8c6409a4f54803ad452d4b02641,unknown,0,0,0
6fc480a98ff841628a14cb7390e9c16f,ark/deepseek-v3,5945,709,6654
6fc480a98ff841628a14cb7390e9c16f,unknown,0,0,0
6fc60a59f0f9449780f10b95763870fa,ark/deepseek-v3,3143,282,3425
6fc60a59f0f9449780f10b95763870fa,unknown,0,0,0
6fc979b06cd84efe8c8829468caad975,deepseek-chat,1389,535,1924
6fc979b06cd84efe8c8829468caad975,unknown,0,0,0
6fc9bbe98edd4b7f86e154be5a63fd8f,ark/deepseek-v3,2331,1247,3578
6fc9bbe98edd4b7f86e154be5a63fd8f,unknown,0,0,0
6fd58fe74beb404aabe572adf0474de5,unknown,0,0,0
6fdc1bb1f7704925b49abb8f71eaad10,deepseek-chat,1055,524,1579
6fdc1bb1f7704925b49abb8f71eaad10,gpt-4.1,941,28,969
6fdc1bb1f7704925b49abb8f71eaad10,unknown,0,0,0
6ff0d443042a43e095dfbaa43b0c0e04,ark/deepseek-v3,0,0,0
6ff0d443042a43e095dfbaa43b0c0e04,unknown,0,0,0
6ff19e196710496bb300b435471b9c44,ark/kimi-k2,0,0,0
6ff19e196710496bb300b435471b9c44,unknown,0,0,0
6ff2f35fcbc94dccb585fe68ea245299,ark/deepseek-v3,701,175,876
6ff2f35fcbc94dccb585fe68ea245299,unknown,0,0,0
6ffdde235d384ce588b2559fc3f25de1,ark/deepseek-v3-1,1329,1063,2392
6ffdde235d384ce588b2559fc3f25de1,unknown,0,0,0
7003a1b49b9e4a79accde43136b9b888,ark/deepseek-v3,2652,561,3213
7003a1b49b9e4a79accde43136b9b888,unknown,0,0,0
700d464a7e73449388f756cab664bbc4,ark/deepseek-v3,1514,786,2300
700d464a7e73449388f756cab664bbc4,unknown,0,0,0
7010025e603b448bbcb1da41d22762d3,deepseek-chat,1626,446,2072
7010025e603b448bbcb1da41d22762d3,unknown,0,0,0
7013aff41dd44d9c8c7b9b2d5d4d334b,deepseek-chat,899,298,1197
7013aff41dd44d9c8c7b9b2d5d4d334b,unknown,0,0,0
701b21ba03a7408ab4a0825d421bafe8,ark/deepseek-v3,1089,311,1400
701b21ba03a7408ab4a0825d421bafe8,unknown,0,0,0
702a453cac3b4280adbe64ba287005e1,ark/deepseek-v3-1,1133,483,1616
702a453cac3b4280adbe64ba287005e1,unknown,0,0,0
702da111586741408a947aca92fcf621,ark/deepseek-v3,6134,1673,7807
702da111586741408a947aca92fcf621,gpt-4.1,680,40,720
702da111586741408a947aca92fcf621,unknown,0,0,0
7038e50b3a7d415e84acbbd1e7bc60c1,ark/deepseek-v3-1,528,303,831
7038e50b3a7d415e84acbbd1e7bc60c1,unknown,0,0,0
7039814d019447959ae5da83bcc7ab49,ark/deepseek-v3,29936,6155,36091
7039814d019447959ae5da83bcc7ab49,unknown,0,0,0
703c78459cfb4a0981df8af9381edc1e,ark/deepseek-v3,753,155,908
703c78459cfb4a0981df8af9381edc1e,unknown,0,0,0
70496760ed1340a09380571c34c65a68,unknown,0,0,0
704acccd3cf4408ea4fadbefdd0893fb,deepseek-chat,1360,619,1979
704acccd3cf4408ea4fadbefdd0893fb,unknown,0,0,0
704cd2a0f2844cc4b78284e7635bed36,ark/deepseek-v3,2044,207,2251
704cd2a0f2844cc4b78284e7635bed36,unknown,0,0,0
705cc73604d74318b4d1a9fc8962ce11,ark/deepseek-v3,701,178,879
705cc73604d74318b4d1a9fc8962ce11,unknown,0,0,0
7064c39a02c546a7b3c6d8c2a02b3ef9,deepseek-chat,2273,970,3243
7064c39a02c546a7b3c6d8c2a02b3ef9,unknown,0,0,0
706a6b84337c4f5bad1a59f2a5e9fd8e,deepseek-chat,561,206,767
706a6b84337c4f5bad1a59f2a5e9fd8e,unknown,0,0,0
706b89430edc461580041483f3c4f362,ark/deepseek-v3,2056,987,3043
706b89430edc461580041483f3c4f362,unknown,0,0,0
706c1769911746c4a09c7dcf578ddaa5,deepseek-chat,2344,1578,3922
706c1769911746c4a09c7dcf578ddaa5,unknown,0,0,0
706e40cc6517469388dda2a0ae379169,ark/deepseek-v3,1065,305,1370
706e40cc6517469388dda2a0ae379169,unknown,0,0,0
706fa212cbef4ce286b8fa9a73ba34f4,ark/deepseek-v3,6065,1733,7798
706fa212cbef4ce286b8fa9a73ba34f4,gpt-4.1,653,29,682
706fa212cbef4ce286b8fa9a73ba34f4,unknown,0,0,0
7077013d96064c009b32eae0ac633129,ark/deepseek-v3,1048,390,1438
7077013d96064c009b32eae0ac633129,unknown,0,0,0
707b18a9e1d64d2bab4bebc614daa6b0,deepseek-chat,561,206,767
707b18a9e1d64d2bab4bebc614daa6b0,unknown,0,0,0
7082cda71eb945b295dadf57e28f8a55,ark/deepseek-v3-1,1405,904,2309
7082cda71eb945b295dadf57e28f8a55,unknown,0,0,0
7084310997e34120ba586f898d38c276,ark/deepseek-v3,1091,299,1390
7084310997e34120ba586f898d38c276,unknown,0,0,0
70862ae103e7445f8f6c4979c0ec8924,deepseek-chat,1545,251,1796
70862ae103e7445f8f6c4979c0ec8924,unknown,0,0,0
70a2b2e6e4a04af09796fc5d2eb198c2,ark/deepseek-v3,1065,340,1405
70a2b2e6e4a04af09796fc5d2eb198c2,unknown,0,0,0
70a5bc42634a4d7fb465083122cdf698,deepseek-chat,845,422,1267
70a5bc42634a4d7fb465083122cdf698,unknown,0,0,0
70a9bdcee9144eaab58863e8df7830b9,ark/deepseek-v3,1089,291,1380
70a9bdcee9144eaab58863e8df7830b9,unknown,0,0,0
70b5cb37acbc447f94391aa8668d5056,deepseek-chat,2733,995,3728
70b5cb37acbc447f94391aa8668d5056,unknown,0,0,0
70d0652fbf7c42cba67c466393a0b623,deepseek-chat,561,222,783
70d0652fbf7c42cba67c466393a0b623,unknown,0,0,0
70d46b27b14147e294e7bdfa0a393800,ark/deepseek-v3,1455,208,1663
70d46b27b14147e294e7bdfa0a393800,unknown,0,0,0
70dd1b82506b4901a6c96eadde1a7e29,ark/deepseek-v3,467,96,563
70dd1b82506b4901a6c96eadde1a7e29,unknown,0,0,0
70df5195abc94352a450ff6d2cd08553,deepseek-chat,2103,1590,3693
70df5195abc94352a450ff6d2cd08553,unknown,0,0,0
70e089b031564048bda4d346f4c550a4,deepseek-chat,813,339,1152
70e089b031564048bda4d346f4c550a4,unknown,0,0,0
70e962c42fd14e95a1f2dfd7e89caf12,ark/deepseek-v3,3136,611,3747
70e962c42fd14e95a1f2dfd7e89caf12,unknown,0,0,0
70eb8443444246139f1e202a7384b056,deepseek-chat,2085,793,2878
70eb8443444246139f1e202a7384b056,unknown,0,0,0
70f1ea32f38647c995a247252a866d56,deepseek-chat,671,445,1116
70f1ea32f38647c995a247252a866d56,unknown,0,0,0
70ff15d5b5534e5cb1ae4a6c05b4296e,deepseek-chat,2568,1689,4257
70ff15d5b5534e5cb1ae4a6c05b4296e,unknown,0,0,0
71016aebb422443181aa3d1e494208cc,deepseek-chat,670,281,951
71016aebb422443181aa3d1e494208cc,unknown,0,0,0
7106486aea264f09a58db2a9445c084f,ark/deepseek-v3,4300,1568,5868
7106486aea264f09a58db2a9445c084f,unknown,0,0,0
710dcb3ded6946ec8899bcc225d7afcb,ark/deepseek-v3,1439,719,2158
710dcb3ded6946ec8899bcc225d7afcb,unknown,0,0,0
7117bef23ed34967b29f4ec1ae26ea9e,ark/deepseek-v3-1,8631,1069,9700
7117bef23ed34967b29f4ec1ae26ea9e,unknown,0,0,0
71185de0637147bab3042a0da05c754b,deepseek-chat,0,0,0
71185de0637147bab3042a0da05c754b,unknown,0,0,0
712159df75c546e6b95b610707758d99,unknown,0,0,0
71251a6590a64c53a722db9a72078471,ark/deepseek-v3,467,96,563
71251a6590a64c53a722db9a72078471,unknown,0,0,0
713d2a77e4004ff4b0172654b5a08717,ark/kimi-k2,1690,785,2475
713d2a77e4004ff4b0172654b5a08717,unknown,0,0,0
714a3bb142004d43987b21b025121dc3,deepseek-chat,561,227,788
714a3bb142004d43987b21b025121dc3,unknown,0,0,0
714dd6247765401aadf205cc53524444,ark/deepseek-v3,701,176,877
714dd6247765401aadf205cc53524444,unknown,0,0,0
7159714042de4de49642a8363a9df07b,ark/deepseek-v3,7584,1489,9073
7159714042de4de49642a8363a9df07b,unknown,0,0,0
715b1d15c1f443408395b05d94bc3024,deepseek-chat,3917,2214,6131
715b1d15c1f443408395b05d94bc3024,unknown,0,0,0
715d33ae7edd4e52b7dd789d2d4b7abc,ark/deepseek-v3,0,0,0
715d33ae7edd4e52b7dd789d2d4b7abc,unknown,0,0,0
716631b39ae74594adfe179d3fbbd19a,ark/deepseek-v3,467,96,563
716631b39ae74594adfe179d3fbbd19a,unknown,0,0,0
716809088efc421a9f7700dd0f852987,ark/deepseek-v3,1065,355,1420
716809088efc421a9f7700dd0f852987,unknown,0,0,0
716889efa03f42a1a42d7ae812bc9eb2,ark/deepseek-v3-1,1062,498,1560
716889efa03f42a1a42d7ae812bc9eb2,unknown,0,0,0
717743e54ecb456eadada2a942009c16,ark/deepseek-v3,6616,775,7391
717743e54ecb456eadada2a942009c16,unknown,0,0,0
717806479f624d1c8c5c384b3f027e75,ark/deepseek-v3-1,1405,878,2283
717806479f624d1c8c5c384b3f027e75,unknown,0,0,0
718be34aa2e1485ab1f1b9a7450df4c8,ark/deepseek-v3,701,175,876
718be34aa2e1485ab1f1b9a7450df4c8,unknown,0,0,0
719225aaf4bc450d8b77c0dcbd4bb045,ark/deepseek-v3,467,94,561
719225aaf4bc450d8b77c0dcbd4bb045,unknown,0,0,0
719384079b294736aa3b8d24e6553e98,ark/deepseek-v3,467,83,550
719384079b294736aa3b8d24e6553e98,unknown,0,0,0
71996fdd3ba44a2592bae318708a68a6,ark/deepseek-v3,1182,656,1838
71996fdd3ba44a2592bae318708a68a6,unknown,0,0,0
719af98b6ada4cbb99da1a511ef61a91,ark/deepseek-v3,701,192,893
719af98b6ada4cbb99da1a511ef61a91,unknown,0,0,0
71a1dd225ca64eab9363976bf5c31500,ark/deepseek-v3-1,2481,1307,3788
71a1dd225ca64eab9363976bf5c31500,gpt-4.1,3649,747,4396
71a1dd225ca64eab9363976bf5c31500,unknown,0,0,0
71b45296604241d7bbddcc117e3f47c9,deepseek-chat,670,339,1009
71b45296604241d7bbddcc117e3f47c9,unknown,0,0,0
71b79ef96e1041c28ac0acc28565fb90,deepseek-chat,0,0,0
71b79ef96e1041c28ac0acc28565fb90,unknown,0,0,0
71b80d3d30ae4fd79557f50f9fbf78b7,deepseek-chat,739,310,1049
71b80d3d30ae4fd79557f50f9fbf78b7,unknown,0,0,0
71c5eca72a4647d68ad18f3ed16aeaf8,unknown,0,0,0
71c875e18cd04df0a27a373a1e2a83e2,deepseek-chat,561,207,768
71c875e18cd04df0a27a373a1e2a83e2,unknown,0,0,0
71ccf8c0029f4070923860f865e867a7,deepseek-chat,14310,1663,15973
71ccf8c0029f4070923860f865e867a7,unknown,0,0,0
71cd40cd9ed3402e82af7669ee954d2b,ark/deepseek-v3-1,1713,1207,2920
71cd40cd9ed3402e82af7669ee954d2b,unknown,0,0,0
71d144ce64394ec0a0c603810d3d4a8c,ark/deepseek-v3,2310,1350,3660
71d144ce64394ec0a0c603810d3d4a8c,unknown,0,0,0
71d80505c52d49ae8dc729e2b48290b8,ark/deepseek-v3,39201,6476,45677
71d80505c52d49ae8dc729e2b48290b8,unknown,0,0,0
71e56b11347742eea65bb10844e88fbc,deepseek-chat,670,332,1002
71e56b11347742eea65bb10844e88fbc,gpt-4.1,943,73,1016
71e56b11347742eea65bb10844e88fbc,unknown,0,0,0
71e6f79ba59e4b439ee16aa0f8a57760,deepseek-chat,0,0,0
71e6f79ba59e4b439ee16aa0f8a57760,unknown,0,0,0
71ebe5974ff8411d91cd9d03f78e2e1a,ark/deepseek-v3,1981,519,2500
71ebe5974ff8411d91cd9d03f78e2e1a,unknown,0,0,0
71f0d9088e9546938e691ac936cdf2b6,deepseek-chat,6345,308,6653
71f0d9088e9546938e691ac936cdf2b6,unknown,0,0,0
71f626e2cb4348e9a1ed971881ea2d87,ark/deepseek-v3,467,117,584
71f626e2cb4348e9a1ed971881ea2d87,unknown,0,0,0
71f91e12dcba4b7f983787936c16f9a6,ark/deepseek-v3,6085,2178,8263
71f91e12dcba4b7f983787936c16f9a6,unknown,0,0,0
720f530aeb1644d7b0551cc4561045fd,ark/deepseek-v3,5958,734,6692
720f530aeb1644d7b0551cc4561045fd,deepseek-chat,952,521,1473
720f530aeb1644d7b0551cc4561045fd,unknown,0,0,0
721437483ae7420e96ba837e0986b544,ark/deepseek-v3,467,90,557
721437483ae7420e96ba837e0986b544,unknown,0,0,0
722c225062934bb78dbd3ee7b55c0fd8,ark/deepseek-v3-1,1405,774,2179
722c225062934bb78dbd3ee7b55c0fd8,unknown,0,0,0
722d6d771ae6481386530a8465797c15,ark/deepseek-v3,1937,381,2318
722d6d771ae6481386530a8465797c15,unknown,0,0,0
7248e44752e541efb1c45bf9d637f986,ark/deepseek-v3,467,97,564
7248e44752e541efb1c45bf9d637f986,unknown,0,0,0
7250b084001e47a187d9a1c50306f135,ark/deepseek-v3,1251,222,1473
7250b084001e47a187d9a1c50306f135,unknown,0,0,0
72557786efcc43b19efbaaa05556d8c7,deepseek-chat,897,377,1274
72557786efcc43b19efbaaa05556d8c7,unknown,0,0,0
725c148030b64031a3a20fadd38562bb,ark/deepseek-v3,740,536,1276
725c148030b64031a3a20fadd38562bb,gpt-4o-search-preview,0,0,0
725c148030b64031a3a20fadd38562bb,unknown,0,0,0
726096171ecc4ceabca5f4d3dd3e5b09,ark/deepseek-v3,1455,201,1656
726096171ecc4ceabca5f4d3dd3e5b09,unknown,0,0,0
72622f51f8ed4c57adbbaf9aed1d75e8,ark/deepseek-v3,1192,633,1825
72622f51f8ed4c57adbbaf9aed1d75e8,unknown,0,0,0
72697eb359334e67be375a617390a0ed,ark/deepseek-v3,467,94,561
72697eb359334e67be375a617390a0ed,unknown,0,0,0
726d20adf6784f05b9f34a2b43c2e935,deepseek-chat,3077,1489,4566
726d20adf6784f05b9f34a2b43c2e935,unknown,0,0,0
726eca93d46043a88f75c41176b28e5a,ark/deepseek-v3-1,15387,3799,19186
726eca93d46043a88f75c41176b28e5a,unknown,0,0,0
7271eadd57cf4ea582f7abc14537876f,unknown,0,0,0
72731682a4324217b39a689f39080fb6,ark/deepseek-v3,6213,1617,7830
72731682a4324217b39a689f39080fb6,gpt-4.1,639,20,659
72731682a4324217b39a689f39080fb6,unknown,0,0,0
727fa9220a4e4ae19f659b559ed088d7,ark/deepseek-v3,1509,783,2292
727fa9220a4e4ae19f659b559ed088d7,unknown,0,0,0
72853a0759334439aeee5f4b4344bb43,deepseek-chat,2592,954,3546
72853a0759334439aeee5f4b4344bb43,unknown,0,0,0
728b6e87feab4813a1619e1fc031cee7,ark/deepseek-v3,701,178,879
728b6e87feab4813a1619e1fc031cee7,unknown,0,0,0
728fdac5746a4a9280b9847077c8a9a5,deepseek-chat,561,206,767
728fdac5746a4a9280b9847077c8a9a5,unknown,0,0,0
72955ed0f27149ef9a25dc0998ca31f7,ark/deepseek-v3,701,176,877
72955ed0f27149ef9a25dc0998ca31f7,unknown,0,0,0
72957068551a4da6afed3085174859aa,deepseek-chat,3142,1353,4495
72957068551a4da6afed3085174859aa,gpt-4.1,3300,838,4138
72957068551a4da6afed3085174859aa,unknown,0,0,0
729c51ce57ea4b38b8448763df8f414e,deepseek-chat,5870,1562,7432
729c51ce57ea4b38b8448763df8f414e,unknown,0,0,0
729c8154d8fd4b2a9d7d3c6f77148d40,deepseek-chat,962,313,1275
729c8154d8fd4b2a9d7d3c6f77148d40,unknown,0,0,0
72a14755edfb421aae58125e3a760d6b,deepseek-chat,1304,281,1585
72a14755edfb421aae58125e3a760d6b,gpt-4.1,1606,228,1834
72a14755edfb421aae58125e3a760d6b,unknown,0,0,0
72a6f6fa76574c3f874ec6b0e863b908,deepseek-chat,784,383,1167
72a6f6fa76574c3f874ec6b0e863b908,unknown,0,0,0
72aea048a27847c18001f1db5ad7fa04,deepseek-chat,2757,1063,3820
72aea048a27847c18001f1db5ad7fa04,unknown,0,0,0
72c62adbd3474588a6e2e0012689a67a,deepseek-chat,7715,930,8645
72c62adbd3474588a6e2e0012689a67a,unknown,0,0,0
72cc2b9cdc0e42d98dd4344d20736833,ark/deepseek-v3-1,989,546,1535
72cc2b9cdc0e42d98dd4344d20736833,unknown,0,0,0
72d5b1e57f1a455891f624a930c83a03,ark/deepseek-v3,701,175,876
72d5b1e57f1a455891f624a930c83a03,unknown,0,0,0
72db42546932409ea3d6418647a1e8b2,deepseek-chat,2238,1112,3350
72db42546932409ea3d6418647a1e8b2,unknown,0,0,0
72e125100e6a4854a717f4a03a7c6809,unknown,0,0,0
72e51f3d7cb74c1d8f5de5272e433a68,ark/deepseek-v3,15320,2781,18101
72e51f3d7cb74c1d8f5de5272e433a68,unknown,0,0,0
72e6c534f75e4dd29a5926ac9ca1d2fa,ark/deepseek-v3,467,95,562
72e6c534f75e4dd29a5926ac9ca1d2fa,unknown,0,0,0
72f34874815d4591a84d9dc90ce9c732,deepseek-chat,0,0,0
72f34874815d4591a84d9dc90ce9c732,unknown,0,0,0
72f483dac1c74650b5a1bb24e6f72656,deepseek-chat,670,339,1009
72f483dac1c74650b5a1bb24e6f72656,unknown,0,0,0
72f7f670457a425ab41053763d4f4dd0,ark/deepseek-v3,758,96,854
72f7f670457a425ab41053763d4f4dd0,unknown,0,0,0
7306ace65dc54e818110f06757835832,deepseek-chat,670,338,1008
7306ace65dc54e818110f06757835832,unknown,0,0,0
73083071c38d4ab4810976ed0fde60ca,deepseek-chat,1055,415,1470
73083071c38d4ab4810976ed0fde60ca,gpt-4.1,941,28,969
73083071c38d4ab4810976ed0fde60ca,unknown,0,0,0
73163088aeef4463aaddfdcf447d773b,deepseek-chat,2249,1060,3309
73163088aeef4463aaddfdcf447d773b,unknown,0,0,0
73216601b8f040b9a1c0863fdc4c75cf,deepseek-chat,799,373,1172
73216601b8f040b9a1c0863fdc4c75cf,unknown,0,0,0
73247525922847daacc61b7afc75899d,ark/deepseek-v3,1052,297,1349
73247525922847daacc61b7afc75899d,unknown,0,0,0
7327ae4474924fd082c6d6ef087296be,ark/deepseek-v3,629,280,909
7327ae4474924fd082c6d6ef087296be,unknown,0,0,0
733ba9a2be6a4e3b943006e7fb46a2be,deepseek-chat,855,460,1315
733ba9a2be6a4e3b943006e7fb46a2be,unknown,0,0,0
734263391dac4d859449887535629fa3,deepseek-chat,671,366,1037
734263391dac4d859449887535629fa3,unknown,0,0,0
734a9066216840af905d66cb8340c42b,deepseek-chat,3429,1418,4847
734a9066216840af905d66cb8340c42b,unknown,0,0,0
734f4208547c404b9fe7b954a35ef0f3,ark/deepseek-v3,11226,1890,13116
734f4208547c404b9fe7b954a35ef0f3,unknown,0,0,0
7357931333af44a383e05f86812061bd,deepseek-chat,792,377,1169
7357931333af44a383e05f86812061bd,unknown,0,0,0
73595e03b5ab41f9a36268a6ad3adae3,ark/deepseek-v3,1081,298,1379
73595e03b5ab41f9a36268a6ad3adae3,unknown,0,0,0
735b2a71028f44529f64840e0969885a,deepseek-chat,2652,1069,3721
735b2a71028f44529f64840e0969885a,unknown,0,0,0
735d420d126b4870ad2e7d29dc714c7a,deepseek-chat,561,207,768
735d420d126b4870ad2e7d29dc714c7a,unknown,0,0,0
736dc4631a984ffe99a8d35a6d41cd0a,ark/deepseek-v3,933,205,1138
736dc4631a984ffe99a8d35a6d41cd0a,unknown,0,0,0
737c32d206154a9586cccdc5b092d7a5,ark/deepseek-v3,758,104,862
737c32d206154a9586cccdc5b092d7a5,unknown,0,0,0
7382e8c4bfba42519e7ae2230ada2e1f,ark/deepseek-v3-1,1517,755,2272
738c403b97fc490790470ded25b6315b,ark/deepseek-v3,1504,919,2423
738c403b97fc490790470ded25b6315b,unknown,0,0,0
738cbe71026d4db1bf84d518722b5e87,deepseek-chat,4108,1121,5229
738cbe71026d4db1bf84d518722b5e87,gpt-4.1,4125,876,5001
738cbe71026d4db1bf84d518722b5e87,unknown,0,0,0
7397dda13c344b6c8158c87f9a6ad354,ark/deepseek-v3,467,88,555
7397dda13c344b6c8158c87f9a6ad354,unknown,0,0,0
7398daee78134289b1d403ca8733f77b,ark/deepseek-v3,5566,1416,6982
7398daee78134289b1d403ca8733f77b,deepseek-chat,6757,814,7571
7398daee78134289b1d403ca8733f77b,unknown,0,0,0
739bd14088f042d29eeed4cfd3c4c603,deepseek-chat,1436,1197,2633
739bd14088f042d29eeed4cfd3c4c603,unknown,0,0,0
739d8a1c56704970bc782a34c35d0a5d,ark/deepseek-v3,2367,1228,3595
739d8a1c56704970bc782a34c35d0a5d,deepseek-chat,6152,591,6743
739d8a1c56704970bc782a34c35d0a5d,unknown,0,0,0
73a78b306f2c44c1b05a8e846f64a0af,ark/deepseek-v3,701,182,883
73a78b306f2c44c1b05a8e846f64a0af,unknown,0,0,0
73a9a1df472e43ea91761d68bfd7063a,ark/deepseek-v3,1251,214,1465
73a9a1df472e43ea91761d68bfd7063a,unknown,0,0,0
73ac19f7104e469aa9cf4ce8ad167e87,ark/deepseek-v3,1823,898,2721
73ac19f7104e469aa9cf4ce8ad167e87,unknown,0,0,0
73bb4d2a9f3c45d89447a09b5f4a238f,ark/deepseek-v3,4620,2173,6793
73bb4d2a9f3c45d89447a09b5f4a238f,unknown,0,0,0
73bebfc52038447392146dc79b84b522,ark/deepseek-v3,701,182,883
73bebfc52038447392146dc79b84b522,unknown,0,0,0
73c66fa7281f471c988b2f859ad10853,unknown,0,0,0
73ccdbedb463437db8eb2d7eca428080,deepseek-chat,670,334,1004
73ccdbedb463437db8eb2d7eca428080,unknown,0,0,0
73d7136eff974f50b917aef562f574d6,unknown,0,0,0
73db872cec32483486fbcd314089ae8c,ark/deepseek-v3,0,0,0
73db872cec32483486fbcd314089ae8c,unknown,0,0,0
73dbf758f1df4ac988fddfe994f3d4fc,ark/deepseek-v3,467,96,563
73dbf758f1df4ac988fddfe994f3d4fc,unknown,0,0,0
73dc31c2a43445d5acb876db64aef820,ark/kimi-k2,845,434,1279
73dc31c2a43445d5acb876db64aef820,deepseek-chat,868,433,1301
73dc31c2a43445d5acb876db64aef820,gpt-4.1,2829,283,3112
73dc31c2a43445d5acb876db64aef820,unknown,0,0,0
73f1c9e9e8ba4770afcf2126c9cc6a4f,ark/deepseek-v3,2764,1319,4083
73f1c9e9e8ba4770afcf2126c9cc6a4f,unknown,0,0,0
73f96711306648caab39018d84965c81,ark/deepseek-v3-1,1017,577,1594
73f96711306648caab39018d84965c81,unknown,0,0,0
73faec7cb8cf49c98f6042031c1e407f,ark/deepseek-v3,1484,912,2396
73faec7cb8cf49c98f6042031c1e407f,unknown,0,0,0
740265b415e7474cb79ca49c4430ff90,ark/deepseek-v3,1077,299,1376
740265b415e7474cb79ca49c4430ff90,unknown,0,0,0
740a0428871a4b1fbd1fcc45af2f2c6d,ark/deepseek-v3-1,1405,820,2225
740a0428871a4b1fbd1fcc45af2f2c6d,unknown,0,0,0
74110d69640341058cf837fd7cbde998,ark/deepseek-v3,1455,238,1693
74110d69640341058cf837fd7cbde998,unknown,0,0,0
741545ebd9d7404faf142202270a121a,ark/deepseek-v3,5987,736,6723
741545ebd9d7404faf142202270a121a,unknown,0,0,0
74158aa152ac41a3af008815b6ff602a,deepseek-chat,722,306,1028
74158aa152ac41a3af008815b6ff602a,unknown,0,0,0
74168ad5f304417591554617479f45bd,ark/deepseek-v3,1065,273,1338
74168ad5f304417591554617479f45bd,unknown,0,0,0
741ad917fd0b43e58db7334f183d58eb,ark/deepseek-v3,5450,1199,6649
741ad917fd0b43e58db7334f183d58eb,deepseek-chat,406,662,1068
741ad917fd0b43e58db7334f183d58eb,unknown,0,0,0
741d035653194190ae4beccd4b05e471,ark/deepseek-v3,2002,378,2380
741d035653194190ae4beccd4b05e471,unknown,0,0,0
742742ca87bc40df8e0bf92910396801,ark/deepseek-v3,1455,199,1654
742742ca87bc40df8e0bf92910396801,unknown,0,0,0
742eee8581d34cbca7dba6419a477cc5,ark/deepseek-v3-1,162,46,208
742eee8581d34cbca7dba6419a477cc5,unknown,0,0,0
74346755a789495eb92bda6976147e6a,ark/deepseek-v3,467,147,614
74346755a789495eb92bda6976147e6a,unknown,0,0,0
74380446196845268a754fbdd27cd1f4,ark/deepseek-v3,467,85,552
74380446196845268a754fbdd27cd1f4,unknown,0,0,0
743d17c509384b488973388c3269335c,deepseek-chat,658,316,974
743d17c509384b488973388c3269335c,unknown,0,0,0
74483c7b5ac34a4b94a00c7fd3f16db2,deepseek-chat,1621,249,1870
74483c7b5ac34a4b94a00c7fd3f16db2,unknown,0,0,0
744a94d133944096bdb62be22ec54548,deepseek-chat,2602,1198,3800
744a94d133944096bdb62be22ec54548,unknown,0,0,0
744ce585377b45b4b230c57f78cf9267,ark/deepseek-v3-1,5131,2802,7933
744ce585377b45b4b230c57f78cf9267,gpt-4.1,3872,1085,4957
744ce585377b45b4b230c57f78cf9267,unknown,0,0,0
7452f8149f9641958918f613210c6223,deepseek-chat,670,333,1003
7452f8149f9641958918f613210c6223,unknown,0,0,0
7454aec087c940de91a98800f2cb985f,unknown,0,0,0
7458dc8cef234774aa1195936c654d63,ark/deepseek-v3,701,175,876
7458dc8cef234774aa1195936c654d63,unknown,0,0,0
745caa9f52a14a8b8a750c0526f8db26,ark/deepseek-v3,1265,639,1904
745caa9f52a14a8b8a750c0526f8db26,unknown,0,0,0
74639ad2ddd6451a874a8408dc4996e9,deepseek-chat,1363,272,1635
74639ad2ddd6451a874a8408dc4996e9,unknown,0,0,0
7464acbb08d14d3096f93a60993ffd79,deepseek-chat,716,313,1029
7464acbb08d14d3096f93a60993ffd79,unknown,0,0,0
7469ac3b500c4de091d077658197edbb,ark/deepseek-v3,1455,234,1689
7469ac3b500c4de091d077658197edbb,unknown,0,0,0
746de0f1773a4d8cba532628ab6607ef,ark/deepseek-v3,14035,2594,16629
746de0f1773a4d8cba532628ab6607ef,deepseek-chat,27600,907,28507
746de0f1773a4d8cba532628ab6607ef,unknown,0,0,0
747031d4f7b24aa592f083be44bcf7a7,ark/deepseek-v3-1,3774,1575,5349
747031d4f7b24aa592f083be44bcf7a7,unknown,0,0,0
74707635c9dc46c887f68878a7ec0077,ark/deepseek-v3,15697,2866,18563
74707635c9dc46c887f68878a7ec0077,unknown,0,0,0
7472a8505b60435b803d7dcb24507f38,ark/deepseek-v3,661,316,977
7472a8505b60435b803d7dcb24507f38,unknown,0,0,0
7473825f9b8a4ea68dc7e4802fa8bfc5,ark/deepseek-v3,467,88,555
7473825f9b8a4ea68dc7e4802fa8bfc5,unknown,0,0,0
7475ed66c4ae49b69cb721d33702d729,deepseek-chat,905,335,1240
7475ed66c4ae49b69cb721d33702d729,unknown,0,0,0
7478461626fb46b185a9d440ccabb6cd,deepseek-chat,2219,848,3067
7478461626fb46b185a9d440ccabb6cd,unknown,0,0,0
747db6f17ecb4c3b994cd526a87c1b86,deepseek-chat,3421,1396,4817
747db6f17ecb4c3b994cd526a87c1b86,gpt-4.1,3417,817,4234
747db6f17ecb4c3b994cd526a87c1b86,unknown,0,0,0
74903fa049a3415db72c57a8c4feb98b,deepseek-chat,0,0,0
74903fa049a3415db72c57a8c4feb98b,unknown,0,0,0
74933c61bcb745be83fccabcbc99ae97,deepseek-chat,1521,932,2453
74933c61bcb745be83fccabcbc99ae97,unknown,0,0,0
749cd4a844454ee791707a3b250a6930,ark/deepseek-v3,5547,1439,6986
749cd4a844454ee791707a3b250a6930,unknown,0,0,0
74a14ccb952740e0bf746c70da5d35c5,deepseek-chat,1444,920,2364
74a14ccb952740e0bf746c70da5d35c5,unknown,0,0,0
74b8764d5b404090b658aea9cb5aaa69,ark/deepseek-v3,1819,1042,2861
74b8764d5b404090b658aea9cb5aaa69,unknown,0,0,0
74bc167c6e6a4fc1baa1d658bfa243ad,deepseek-chat,2130,947,3077
74bc167c6e6a4fc1baa1d658bfa243ad,unknown,0,0,0
74bd85e9246d40f69977305d7088481e,ark/deepseek-v3,0,0,0
74bd85e9246d40f69977305d7088481e,unknown,0,0,0
74c381c2b6b945068e15d8d5975b0515,deepseek-chat,2105,588,2693
74c381c2b6b945068e15d8d5975b0515,unknown,0,0,0
74c6e301c1bb4fb58b7fce33be56ed6b,ark/deepseek-v3,14030,2672,16702
74c6e301c1bb4fb58b7fce33be56ed6b,unknown,0,0,0
74c87c24a0c543b49ea6536e6ce3cf26,ark/deepseek-v3,1948,954,2902
74c87c24a0c543b49ea6536e6ce3cf26,unknown,0,0,0
74c9808d999e4b3d9fcbe7d4e47bc64d,ark/deepseek-v3,3144,319,3463
74c9808d999e4b3d9fcbe7d4e47bc64d,unknown,0,0,0
74d2eefd2edd4dd796eb18eae0adca99,ark/deepseek-v3,3143,332,3475
74d2eefd2edd4dd796eb18eae0adca99,unknown,0,0,0
74d3fbb2737842cb89807df27a94ec03,deepseek-chat,671,388,1059
74d3fbb2737842cb89807df27a94ec03,unknown,0,0,0
74d514c21a4442f18bba7b98dcc65f73,ark/deepseek-v3,701,178,879
74d514c21a4442f18bba7b98dcc65f73,unknown,0,0,0
74d774d91e0b4eb8aaaf324c6cc3d5de,ark/deepseek-v3,8508,1794,10302
74d774d91e0b4eb8aaaf324c6cc3d5de,deepseek-chat,9697,377,10074
74d774d91e0b4eb8aaaf324c6cc3d5de,unknown,0,0,0
74e7894b023a454cbc72c8aa709ff50a,ark/deepseek-v3,465,104,569
74e7894b023a454cbc72c8aa709ff50a,unknown,0,0,0
74f6011e3c2642a1a6e69c46bd8a7d7d,deepseek-chat,0,0,0
74f6011e3c2642a1a6e69c46bd8a7d7d,unknown,0,0,0
74f6164daaf14c31b3f33357553e5e3c,ark/deepseek-v3-1,1136,479,1615
74f6164daaf14c31b3f33357553e5e3c,unknown,0,0,0
75062dc703554f82a7079621dbf9ecdb,ark/deepseek-v3,1523,858,2381
75062dc703554f82a7079621dbf9ecdb,unknown,0,0,0
75078009b9ce42df95726c5eb9fa7d01,ark/deepseek-v3,6608,1823,8431
75078009b9ce42df95726c5eb9fa7d01,gpt-4.1,643,24,667
75078009b9ce42df95726c5eb9fa7d01,unknown,0,0,0
75178e9538584762970ca65dd1d64c70,ark/deepseek-v3,4180,760,4940
75178e9538584762970ca65dd1d64c70,unknown,0,0,0
752538ff2adf413dac557c1ccb3ba165,ark/deepseek-v3,2624,1290,3914
752538ff2adf413dac557c1ccb3ba165,unknown,0,0,0
752bfb94b952496c8fa04699485ab7ed,ark/deepseek-v3,8171,773,8944
752bfb94b952496c8fa04699485ab7ed,unknown,0,0,0
7535678de2bc4064a8b76dbf6073b754,ark/deepseek-v3,3357,861,4218
7535678de2bc4064a8b76dbf6073b754,unknown,0,0,0
753b3f87231d417dba6fbc45c16f7789,deepseek-chat,0,0,0
753b3f87231d417dba6fbc45c16f7789,unknown,0,0,0
753f6c99a1574e0b9b1294d64c187520,ark/deepseek-v3-1,4195,1601,5796
753f6c99a1574e0b9b1294d64c187520,unknown,0,0,0
753f70a1d9404ad7ad793f883c0df3ed,ark/deepseek-v3,1455,205,1660
753f70a1d9404ad7ad793f883c0df3ed,unknown,0,0,0
754168cd21c4481683fdde37bca82b1d,deepseek-chat,936,467,1403
754168cd21c4481683fdde37bca82b1d,unknown,0,0,0
7541a651f33741a5a95497b1edacc53b,deepseek-chat,600,305,905
7541a651f33741a5a95497b1edacc53b,unknown,0,0,0
75441bfe09c24d82a132e4ce8463d582,deepseek-chat,1380,458,1838
75441bfe09c24d82a132e4ce8463d582,unknown,0,0,0
7551b0889a2a49ce945ca9d2ca9e0923,ark/deepseek-v3,0,0,0
7551b0889a2a49ce945ca9d2ca9e0923,unknown,0,0,0
755308e1f2c242cda99a8c3b16793d12,ark/deepseek-v3,13442,2553,15995
755308e1f2c242cda99a8c3b16793d12,unknown,0,0,0
755c03f8b94740ddbe5aac3ec412e62c,ark/deepseek-v3,13444,2581,16025
755c03f8b94740ddbe5aac3ec412e62c,unknown,0,0,0
756cb5658ebc47d7b1768911a2563be8,deepseek-chat,561,207,768
756cb5658ebc47d7b1768911a2563be8,unknown,0,0,0
756ec2ce975d4aeb8eeab7dc89a2897d,deepseek-chat,1186,748,1934
756ec2ce975d4aeb8eeab7dc89a2897d,unknown,0,0,0
75709ae3e659413486e8cb7b01a01f82,ark/deepseek-v3,8031,1684,9715
75709ae3e659413486e8cb7b01a01f82,unknown,0,0,0
75777e54cddf4cdabd87964dd112455a,ark/deepseek-v3,2862,1371,4233
75777e54cddf4cdabd87964dd112455a,deepseek-chat,140552,11211,151763
75777e54cddf4cdabd87964dd112455a,unknown,0,0,0
757ad099e5314f00a4c56bb2efc7f28f,unknown,0,0,0
7583f47a929b43c7b472ae343a28739a,deepseek-chat,561,207,768
7583f47a929b43c7b472ae343a28739a,unknown,0,0,0
75871253bd4e42808c63725c8ab471cb,ark/deepseek-v3,71,648,719
75871253bd4e42808c63725c8ab471cb,unknown,0,0,0
758864b0b2e14428baaecfba6046e4da,ark/deepseek-v3,1196,761,1957
758864b0b2e14428baaecfba6046e4da,unknown,0,0,0
759128e6caf04173bf9265a2ffdfb4a4,deepseek-chat,797,375,1172
759128e6caf04173bf9265a2ffdfb4a4,unknown,0,0,0
7591b38f31de4c08a033ceec85d89d1e,deepseek-chat,740,279,1019
7591b38f31de4c08a033ceec85d89d1e,unknown,0,0,0
759ece3f4131419db5f85ff4215994bd,ark/deepseek-v3,1091,310,1401
759ece3f4131419db5f85ff4215994bd,unknown,0,0,0
75a19da7a7064d2ab7bc2f639dbec122,ark/deepseek-v3,1455,206,1661
75a19da7a7064d2ab7bc2f639dbec122,unknown,0,0,0
75a1edb7a56b499090bd6d60ee952218,deepseek-chat,2253,1219,3472
75a1edb7a56b499090bd6d60ee952218,unknown,0,0,0
75a657ad651e4e69a6d0e07550750a77,ark/deepseek-v3,0,0,0
75a657ad651e4e69a6d0e07550750a77,unknown,0,0,0
75aded7e537c4a19abddab896855b4d1,ark/deepseek-v3,701,177,878
75aded7e537c4a19abddab896855b4d1,unknown,0,0,0
75b405e99578492fa439eea78dc3c54c,deepseek-chat,3189,1246,4435
75b405e99578492fa439eea78dc3c54c,unknown,0,0,0
75b94c8dc95f4187bcaefa45909583b2,unknown,0,0,0
75bacfef277042ac8c162dbc08df7874,ark/deepseek-v3,701,177,878
75bacfef277042ac8c162dbc08df7874,unknown,0,0,0
75bcf73a4ba642a092af86c1228f9bfd,ark/deepseek-v3-1,2361,989,3350
75bcf73a4ba642a092af86c1228f9bfd,unknown,0,0,0
75bdd797de25489eb928f2baccf4800f,ark/deepseek-v3,1455,221,1676
75bdd797de25489eb928f2baccf4800f,unknown,0,0,0
75c1653ec4024101a8959aa342afdaf8,ark/deepseek-v3,2523,1353,3876
75c1653ec4024101a8959aa342afdaf8,unknown,0,0,0
75c1f3fccca24d17a6df6cdd6faa4df4,ark/deepseek-v3,1769,693,2462
75c1f3fccca24d17a6df6cdd6faa4df4,unknown,0,0,0
75c2bf7f48a74072b4941464fe080d73,deepseek-chat,2852,1837,4689
75c2bf7f48a74072b4941464fe080d73,unknown,0,0,0
75c75911b6a347ddbfbd322002dbb994,ark/deepseek-v3,71,651,722
75c75911b6a347ddbfbd322002dbb994,unknown,0,0,0
75cb26f0b2b44f6eb0b66fb8920b6e44,ark/deepseek-v3,1518,787,2305
75cb26f0b2b44f6eb0b66fb8920b6e44,unknown,0,0,0
75cfd71937a44c76ae54ed57d38e6d21,ark/deepseek-v3,467,117,584
75cfd71937a44c76ae54ed57d38e6d21,unknown,0,0,0
75d1f1149d8e41f6af5b57ccbdb3506e,ark/deepseek-v3,5655,1185,6840
75d1f1149d8e41f6af5b57ccbdb3506e,unknown,0,0,0
75daf1653b17496a8579fc438cf17812,ark/deepseek-v3,3028,668,3696
75daf1653b17496a8579fc438cf17812,unknown,0,0,0
75dd142c808248cd9686383588cbd102,ark/deepseek-v3,3082,339,3421
75dd142c808248cd9686383588cbd102,unknown,0,0,0
75dfbf993cff4971bc9435730bcd2866,deepseek-chat,6701,986,7687
75dfbf993cff4971bc9435730bcd2866,unknown,0,0,0
75e2601859c146edbf76c45e80f542ec,deepseek-chat,696,288,984
75e2601859c146edbf76c45e80f542ec,unknown,0,0,0
75e9d660a00b43d1826a126488537d52,ark/deepseek-v3,1089,316,1405
75e9d660a00b43d1826a126488537d52,ark/deepseek-v3-1,0,0,0
75e9d660a00b43d1826a126488537d52,unknown,0,0,0
75f3d9c8c7284c79b2757ac99108640d,deepseek-chat,671,359,1030
75f3d9c8c7284c79b2757ac99108640d,unknown,0,0,0
75f963ae18e5464ea1dbc710dafa9c25,ark/deepseek-v3-1,528,225,753
75f963ae18e5464ea1dbc710dafa9c25,unknown,0,0,0
75f9b04bec9d4f769035fe6f91665a37,deepseek-chat,1179,340,1519
75f9b04bec9d4f769035fe6f91665a37,unknown,0,0,0
75f9c4b6d74149878c7c62fa36fba3ef,ark/deepseek-v3,4726,1093,5819
75f9c4b6d74149878c7c62fa36fba3ef,unknown,0,0,0
75f9f3712e4248bc83cde30fd04d5fbe,unknown,0,0,0
760ac55af44c406289d06dc3b018ca31,ark/deepseek-v3,467,93,560
760ac55af44c406289d06dc3b018ca31,unknown,0,0,0
760eaf66f1f0431e9a4db28379c0af9a,ark/deepseek-v3-1,0,0,0
760eaf66f1f0431e9a4db28379c0af9a,unknown,0,0,0
761012ce47e747208b1b36f8cef89f2b,ark/deepseek-v3,4463,337,4800
761012ce47e747208b1b36f8cef89f2b,unknown,0,0,0
7615837808544e92ab0724c975ce4fb4,ark/deepseek-v3,2983,704,3687
7615837808544e92ab0724c975ce4fb4,unknown,0,0,0
76230e32f357484da556356819cc6e92,ark/deepseek-v3,467,91,558
76230e32f357484da556356819cc6e92,unknown,0,0,0
7626423753294c7996b37a7d105449e0,ark/deepseek-v3,1251,219,1470
7626423753294c7996b37a7d105449e0,unknown,0,0,0
762daeaae002463ea47a9d723679238c,deepseek-chat,807,390,1197
762daeaae002463ea47a9d723679238c,unknown,0,0,0
76374b840f044e3db89cff991a39ec6c,ark/deepseek-v3,2827,1303,4130
76374b840f044e3db89cff991a39ec6c,unknown,0,0,0
7639b1e371e74b4298137d1d6a4b660d,deepseek-chat,5227,1748,6975
7639b1e371e74b4298137d1d6a4b660d,unknown,0,0,0
7649bfda5084476494b2d678556ab366,ark/deepseek-v3,1509,839,2348
7649bfda5084476494b2d678556ab366,unknown,0,0,0
764b52878c884e549c4534a6ee90fe80,deepseek-chat,0,0,0
764b52878c884e549c4534a6ee90fe80,unknown,0,0,0
7651029627174a9ea858148a3b96701f,ark/deepseek-v3,0,0,0
7651029627174a9ea858148a3b96701f,unknown,0,0,0
765151ef522b452cba65795c31c6f0f1,ark/deepseek-v3,467,89,556
765151ef522b452cba65795c31c6f0f1,unknown,0,0,0
7654f44a730c4425b2f823bdf810f4e5,unknown,0,0,0
765519ac7b3343bab82a0f6e721ef884,ark/deepseek-v3,1774,882,2656
765519ac7b3343bab82a0f6e721ef884,unknown,0,0,0
7665263b3bb0464f84de58b33454be55,deepseek-chat,1031,436,1467
7665263b3bb0464f84de58b33454be55,gpt-4.1,2964,356,3320
7665263b3bb0464f84de58b33454be55,unknown,0,0,0
7665cd2ac3724c389c677d66d957a37c,ark/deepseek-v3,1251,218,1469
7665cd2ac3724c389c677d66d957a37c,unknown,0,0,0
766d25d6b8c54469824cccc33dad7390,ark/deepseek-v3,0,0,0
766d25d6b8c54469824cccc33dad7390,unknown,0,0,0
7670666e652c469f9da700536c4df5c8,ark/deepseek-v3-1,4705,1773,6478
7670666e652c469f9da700536c4df5c8,unknown,0,0,0
767577faad2d4d96a122533e56fdce4c,deepseek-chat,561,207,768
767577faad2d4d96a122533e56fdce4c,unknown,0,0,0
767963af4d224b629987fe9a536e2be3,deepseek-chat,3633,1474,5107
767963af4d224b629987fe9a536e2be3,unknown,0,0,0
769773a13b44435b9ede727caf42bbab,ark/deepseek-v3,3207,1303,4510
769773a13b44435b9ede727caf42bbab,unknown,0,0,0
769a7142dad44a46b2e576c92994aaf6,deepseek-chat,671,368,1039
769a7142dad44a46b2e576c92994aaf6,unknown,0,0,0
769e3e50b7ad49a9915c687298005c3f,deepseek-chat,2218,859,3077
769e3e50b7ad49a9915c687298005c3f,unknown,0,0,0
76a5f641ebb54f53904d58abde341de3,ark/deepseek-v3,1777,927,2704
76a5f641ebb54f53904d58abde341de3,unknown,0,0,0
76a8edd0628f4f33be69b2387cd0124f,ark/deepseek-v3,1585,309,1894
76a8edd0628f4f33be69b2387cd0124f,unknown,0,0,0
76afdaf318dc415aac06f2e370c9a6be,ark/deepseek-v3,701,176,877
76b25c0fa4164743aee351f852653c8e,deepseek-chat,7561,769,8330
76b25c0fa4164743aee351f852653c8e,gpt-4.1,672,272,944
76b25c0fa4164743aee351f852653c8e,unknown,0,0,0
76b59672fe4345a0abcc7138f48fc3e1,deepseek-chat,2261,804,3065
76b59672fe4345a0abcc7138f48fc3e1,unknown,0,0,0
76bc1dd6abfb460394da76ba2d250645,ark/deepseek-v3,18446,3757,22203
76bc1dd6abfb460394da76ba2d250645,deepseek-chat,51685,2960,54645
76bc1dd6abfb460394da76ba2d250645,unknown,0,0,0
76c4726f67974a56b815baacf9d6c1c4,ark/deepseek-v3,467,93,560
76c4726f67974a56b815baacf9d6c1c4,unknown,0,0,0
76c53c09a74c4c298cf788c849936182,ark/deepseek-v3-1,1405,880,2285
76c53c09a74c4c298cf788c849936182,unknown,0,0,0
76cbe0bcf77a4c6ca408a632cb40d362,ark/deepseek-v3,4062,716,4778
76cbe0bcf77a4c6ca408a632cb40d362,unknown,0,0,0
76cf33b0d4ba4ca8bc3a2e1f65d4752a,ark/deepseek-v3,5936,1248,7184
76cf33b0d4ba4ca8bc3a2e1f65d4752a,unknown,0,0,0
76d1244a1b6d48b7874f820f1335cb07,deepseek-chat,9,68,77
76d1244a1b6d48b7874f820f1335cb07,unknown,0,0,0
76da5781ebe84aed831080a4bdd97530,ark/deepseek-v3,1209,515,1724
76da5781ebe84aed831080a4bdd97530,unknown,0,0,0
76de0dfe6d264e36b1de34d0b9c5995e,ark/deepseek-v3,701,197,898
76de0dfe6d264e36b1de34d0b9c5995e,unknown,0,0,0
76e1bdb7422141f791717ac27f13d1e7,deepseek-chat,1975,554,2529
76e1bdb7422141f791717ac27f13d1e7,unknown,0,0,0
76e5bc364f0c4123aab546bed720b00f,deepseek-chat,658,363,1021
76e5bc364f0c4123aab546bed720b00f,unknown,0,0,0
76eb7ffc7ba94bcc817c78d56c955b6a,ark/deepseek-v3,467,92,559
76eb7ffc7ba94bcc817c78d56c955b6a,unknown,0,0,0
76efbf37fd6843328ee4d16f2dcb906b,ark/deepseek-v3,8020,1504,9524
76efbf37fd6843328ee4d16f2dcb906b,unknown,0,0,0
76f7c45c25a74c3fa87eb4ebfe7ce0c2,ark/deepseek-v3,1060,390,1450
76f7c45c25a74c3fa87eb4ebfe7ce0c2,unknown,0,0,0
76f9e2d691d947588012ef7d29f11ab5,ark/deepseek-v3,467,95,562
76f9e2d691d947588012ef7d29f11ab5,unknown,0,0,0
76fc3fdad76e4947b7d656c83745d925,deepseek-chat,1507,906,2413
76fc3fdad76e4947b7d656c83745d925,gpt-4.1,2214,467,2681
76fc3fdad76e4947b7d656c83745d925,unknown,0,0,0
771444caba5a488c81aeebf0dd924a4c,deepseek-chat,0,0,0
771444caba5a488c81aeebf0dd924a4c,unknown,0,0,0
771709c9d67c4cb5b5ef9b874a9ce5a6,deepseek-chat,2112,537,2649
771709c9d67c4cb5b5ef9b874a9ce5a6,unknown,0,0,0
7717f798bd434197bb52030f573c6c8a,deepseek-chat,2757,1004,3761
7717f798bd434197bb52030f573c6c8a,unknown,0,0,0
771a6ad909a9435686025610fccafc25,ark/deepseek-v3,2787,1009,3796
771a6ad909a9435686025610fccafc25,unknown,0,0,0
771a94f54ca64f20a443bdd4a77182c3,ark/deepseek-v3,1455,226,1681
771a94f54ca64f20a443bdd4a77182c3,unknown,0,0,0
771c19671a7b44168d6df8efa92a7a88,ark/deepseek-v3,6226,1824,8050
771c19671a7b44168d6df8efa92a7a88,gpt-4.1,644,22,666
771c19671a7b44168d6df8efa92a7a88,unknown,0,0,0
7722996ca779423e82af920447458841,deepseek-chat,2431,794,3225
7722996ca779423e82af920447458841,gpt-4.1,3573,826,4399
7722996ca779423e82af920447458841,unknown,0,0,0
77239251a39446d08ed7760674ac0b9a,deepseek-chat,1340,557,1897
77239251a39446d08ed7760674ac0b9a,unknown,0,0,0
7731a935fbd640ad9f6b88605c8a3daa,ark/deepseek-v3,1455,196,1651
7731a935fbd640ad9f6b88605c8a3daa,unknown,0,0,0
7731cf8bc8bd4fa191a123b275db6b61,deepseek-chat,1304,297,1601
7731cf8bc8bd4fa191a123b275db6b61,gpt-4.1,1606,278,1884
7731cf8bc8bd4fa191a123b275db6b61,unknown,0,0,0
7731d1fef50f4925a49a2f0cf2f5089d,ark/deepseek-v3,1455,238,1693
7731d1fef50f4925a49a2f0cf2f5089d,unknown,0,0,0
77376ccef62d4bb392fb22a210471330,ark/deepseek-v3,2193,1095,3288
77376ccef62d4bb392fb22a210471330,unknown,0,0,0
7739d4b30eab4b6384f77dbc369affda,deepseek-chat,1053,394,1447
7739d4b30eab4b6384f77dbc369affda,gpt-4.1,3135,502,3637
7739d4b30eab4b6384f77dbc369affda,unknown,0,0,0
773b2e99e0a1411f9352ad28ec64e45d,ark/deepseek-v3,467,97,564
773b2e99e0a1411f9352ad28ec64e45d,unknown,0,0,0
7741155165f84d6fbec2e442c52c6bcc,ark/deepseek-v3,467,98,565
7741155165f84d6fbec2e442c52c6bcc,unknown,0,0,0
774b5072c4b54079840347a381ee38ce,ark/deepseek-v3-1,2715,1050,3765
774b5072c4b54079840347a381ee38ce,unknown,0,0,0
774e17710d2e4274806447da3f312342,ark/deepseek-v3,1426,735,2161
774e17710d2e4274806447da3f312342,unknown,0,0,0
774eba53b8414c97b20fa456af5fd4c0,deepseek-chat,561,206,767
774eba53b8414c97b20fa456af5fd4c0,unknown,0,0,0
774fedc196d94b3d82f24925c13df51e,ark/deepseek-v3,1455,234,1689
774fedc196d94b3d82f24925c13df51e,unknown,0,0,0
7750754b81df44f68b16ff0bebc4ffb8,ark/deepseek-v3,1251,215,1466
7750754b81df44f68b16ff0bebc4ffb8,unknown,0,0,0
77517acfe53d46a8bd7ab02979d06ddc,ark/deepseek-v3,7092,1357,8449
77517acfe53d46a8bd7ab02979d06ddc,unknown,0,0,0
7758c55cf31e4be3b1f6143db759670f,ark/deepseek-v3,18562,3507,22069
7758c55cf31e4be3b1f6143db759670f,deepseek-chat,8455,134,8589
7758c55cf31e4be3b1f6143db759670f,unknown,0,0,0
775be65466db4a4ca33640f0d932c02a,deepseek-chat,2028,919,2947
775be65466db4a4ca33640f0d932c02a,unknown,0,0,0
775beac106d54995b2a16b1513cbf22c,ark/deepseek-v3-1,4202,1251,5453
775beac106d54995b2a16b1513cbf22c,unknown,0,0,0
775c8eba33714289bee5f275d1697f12,ark/deepseek-v3,701,175,876
775c8eba33714289bee5f275d1697f12,unknown,0,0,0
775ec0c8a5684b04b65e1bf4fda65281,ark/deepseek-v3,1937,377,2314
775ec0c8a5684b04b65e1bf4fda65281,unknown,0,0,0
7762736bdb6044f08c89709bbf4f5a3b,deepseek-chat,2420,1034,3454
7762736bdb6044f08c89709bbf4f5a3b,unknown,0,0,0
777e717341e04640a6a1a40d2904aad0,ark/deepseek-v3,4148,1707,5855
777e717341e04640a6a1a40d2904aad0,unknown,0,0,0
778591aca346412fa15518f95f360008,deepseek-chat,1304,298,1602
778591aca346412fa15518f95f360008,gpt-4.1,2187,440,2627
778591aca346412fa15518f95f360008,unknown,0,0,0
778c78d3d5764541857167a849a2d5c3,ark/deepseek-v3,5284,1332,6616
778c78d3d5764541857167a849a2d5c3,unknown,0,0,0
778f33751bd34c39ae5fac72800a8734,ark/deepseek-v3,1235,588,1823
778f33751bd34c39ae5fac72800a8734,unknown,0,0,0
7799077212ac40cdb71533580d40675d,deepseek-chat,0,0,0
7799077212ac40cdb71533580d40675d,unknown,0,0,0
779d6ef1171c4fbbbff6e98c4b4a9d66,deepseek-chat,1454,473,1927
779d6ef1171c4fbbbff6e98c4b4a9d66,unknown,0,0,0
77a0075f437f486080dc7aff590ba602,ark/deepseek-v3,6640,711,7351
77a0075f437f486080dc7aff590ba602,unknown,0,0,0
77a5aa3da5544710bc4f2fd15c5a0df5,deepseek-chat,1548,769,2317
77a5aa3da5544710bc4f2fd15c5a0df5,gpt-4.1,2265,349,2614
77a5aa3da5544710bc4f2fd15c5a0df5,unknown,0,0,0
77a5cbf98cc94d1a9b9977131c6f20c9,ark/deepseek-v3,1937,397,2334
77a5cbf98cc94d1a9b9977131c6f20c9,unknown,0,0,0
77ac1e028cdc4bed9801befa84138e69,ark/deepseek-v3,467,97,564
77ac1e028cdc4bed9801befa84138e69,unknown,0,0,0
77b33de7602f4cb6b6eee33d6f58f027,deepseek-chat,724,259,983
77b33de7602f4cb6b6eee33d6f58f027,unknown,0,0,0
77b8a11e3da040158cede2f58b6c44d6,unknown,0,0,0
77bfb9c5a81c42f7ab972b8031f8460a,ark/deepseek-v3,1454,1008,2462
77bfb9c5a81c42f7ab972b8031f8460a,unknown,0,0,0
77c92cbc32134865a266b70618f40ccb,ark/deepseek-v3,5279,1180,6459
77c92cbc32134865a266b70618f40ccb,unknown,0,0,0
77c986a2acc0471f9b61de0056335212,ark/deepseek-v3-1,1405,838,2243
77c986a2acc0471f9b61de0056335212,unknown,0,0,0
77cb653026274bc39d95777a1dd1d852,unknown,0,0,0
77cef906391f47dcacb3538d0fcc1dcd,ark/deepseek-v3,29974,5882,35856
77cef906391f47dcacb3538d0fcc1dcd,unknown,0,0,0
77d88db4387a4725b95b765fce45f2bc,deepseek-chat,2088,828,2916
77d88db4387a4725b95b765fce45f2bc,unknown,0,0,0
77db4158fbae4e809a6ae65a9636a720,ark/deepseek-v3,1251,253,1504
77db4158fbae4e809a6ae65a9636a720,unknown,0,0,0
77ddb569b5854e6aa06614e58273ae26,ark/deepseek-v3,3984,1524,5508
77ddb569b5854e6aa06614e58273ae26,unknown,0,0,0
77df615c688d48f4b95426930b8d2460,ark/deepseek-v3,467,92,559
77df615c688d48f4b95426930b8d2460,unknown,0,0,0
77e1746c182f46fca3af96f17269c4c4,deepseek-chat,0,0,0
77e1746c182f46fca3af96f17269c4c4,unknown,0,0,0
77e22585673540eda8f538fc48899626,ark/deepseek-v3,25266,4705,29971
77e22585673540eda8f538fc48899626,unknown,0,0,0
77e3e678293e490d9f935e40d500ffaf,ark/deepseek-v3,690,420,1110
77e3e678293e490d9f935e40d500ffaf,unknown,0,0,0
77eb2751cabd40a1bf583471ec760f6d,deepseek-chat,600,288,888
77eb2751cabd40a1bf583471ec760f6d,unknown,0,0,0
7806339811ba4831811cc9049487ac5c,deepseek-chat,1551,334,1885
7806339811ba4831811cc9049487ac5c,unknown,0,0,0
78178038ef63434ea593d79375211b59,ark/deepseek-v3,13444,2584,16028
78178038ef63434ea593d79375211b59,unknown,0,0,0
782760f4107c444ea1b2ab24bcc8644c,ark/deepseek-v3,5912,1310,7222
782760f4107c444ea1b2ab24bcc8644c,unknown,0,0,0
78334b6ec62347aea85b6976cfe48f5b,ark/deepseek-v3,1990,676,2666
78334b6ec62347aea85b6976cfe48f5b,unknown,0,0,0
7835040e259049f4bdcaaace8096ff97,ark/deepseek-v3,1865,254,2119
7835040e259049f4bdcaaace8096ff97,deepseek-chat,1421,1263,2684
7835040e259049f4bdcaaace8096ff97,unknown,0,0,0
7843272316f44cb7a1f43c6a3fdb9399,ark/deepseek-v3,3143,281,3424
7843272316f44cb7a1f43c6a3fdb9399,unknown,0,0,0
78492296ec854086b61ab617aad78f71,ark/deepseek-v3-1,996,448,1444
78492296ec854086b61ab617aad78f71,unknown,0,0,0
784b98e85db547c6bb6a9f341e89c518,deepseek-chat,670,342,1012
784b98e85db547c6bb6a9f341e89c518,unknown,0,0,0
784e8dc329154729af69eee0f16448e3,ark/deepseek-v3,3144,273,3417
784e8dc329154729af69eee0f16448e3,unknown,0,0,0
785276baa1b94deca806a085af50b5e7,ark/deepseek-v3-1,1185,389,1574
785276baa1b94deca806a085af50b5e7,unknown,0,0,0
7859fd174ad54a25b38e0e792906305e,ark/deepseek-v3,1828,873,2701
7859fd174ad54a25b38e0e792906305e,unknown,0,0,0
785c35d38d4a4a6287cc17252b5fc429,deepseek-chat,671,342,1013
785c35d38d4a4a6287cc17252b5fc429,unknown,0,0,0
785e7dd275dc4913b54d40f6ca401b3e,ark/deepseek-v3,1954,922,2876
785e7dd275dc4913b54d40f6ca401b3e,unknown,0,0,0
7862738c5d9f4e9a85c8229eefe8a7d6,deepseek-chat,2113,1561,3674
7862738c5d9f4e9a85c8229eefe8a7d6,unknown,0,0,0
7866a83aa56b4336ba4d78e3b8085385,deepseek-chat,671,402,1073
7866a83aa56b4336ba4d78e3b8085385,unknown,0,0,0
786715ae47a14e098335dac1836c38b1,deepseek-chat,561,207,768
786715ae47a14e098335dac1836c38b1,unknown,0,0,0
7868b584b2c3482290a35d60e7e6ea41,ark/deepseek-v3-1,1405,1080,2485
7868b584b2c3482290a35d60e7e6ea41,unknown,0,0,0
786d477aab6144e3b7dffc787ada8871,deepseek-chat,671,359,1030
786d477aab6144e3b7dffc787ada8871,unknown,0,0,0
78721b1c16ed4ef498120da021c402c2,deepseek-chat,736,189,925
78721b1c16ed4ef498120da021c402c2,unknown,0,0,0
7878ce166f124ab89f301cec90a73dcc,ark/deepseek-v3-1,1713,611,2324
7878ce166f124ab89f301cec90a73dcc,unknown,0,0,0
787adc2c0da44380bf1200ee90a46d15,ark/deepseek-v3,701,348,1049
787adc2c0da44380bf1200ee90a46d15,unknown,0,0,0
788000440b7c41e39360392cebf88460,ark/deepseek-v3,1455,227,1682
788000440b7c41e39360392cebf88460,unknown,0,0,0
78893f21c44446b88536ca6d18af2a95,deepseek-chat,671,371,1042
78893f21c44446b88536ca6d18af2a95,unknown,0,0,0
788d9b684e384662a7539407a37802bb,ark/deepseek-v3,4506,337,4843
788d9b684e384662a7539407a37802bb,deepseek-chat,4107,94,4201
788d9b684e384662a7539407a37802bb,unknown,0,0,0
7892eec820a8463993d629ce603a48f6,ark/deepseek-v3,0,0,0
7892eec820a8463993d629ce603a48f6,unknown,0,0,0
7893c362d71c459ba5e3c206a972ac4c,ark/deepseek-v3-1,4392,1145,5537
7893c362d71c459ba5e3c206a972ac4c,unknown,0,0,0
78941c3694c8477c99d33437a33b54ce,ark/deepseek-v3,1455,201,1656
78941c3694c8477c99d33437a33b54ce,unknown,0,0,0
7895e6edcd15485f8e43e3f560bc125a,deepseek-chat,802,392,1194
7895e6edcd15485f8e43e3f560bc125a,unknown,0,0,0
78975859174942059532afb2b21ba3cd,deepseek-chat,2342,690,3032
78975859174942059532afb2b21ba3cd,unknown,0,0,0
789814cf04d846fba483dbc078c360d1,ark/deepseek-v3,5448,1198,6646
789814cf04d846fba483dbc078c360d1,unknown,0,0,0
78a0ba7a649b47f680fed8b9f32f4fbb,ark/deepseek-v3,701,184,885
78a0ba7a649b47f680fed8b9f32f4fbb,unknown,0,0,0
78a31971aabd4e40b89ebb9655007403,ark/deepseek-v3,4089,1821,5910
78a31971aabd4e40b89ebb9655007403,unknown,0,0,0
78aabcaaa08e4bccbb09658e0a03d262,ark/deepseek-v3,3270,1546,4816
78aabcaaa08e4bccbb09658e0a03d262,unknown,0,0,0
78ae30b1b6b64ac19d87ffc46eb0a182,ark/deepseek-v3,1837,329,2166
78ae30b1b6b64ac19d87ffc46eb0a182,unknown,0,0,0
78b3dea4326d4c01af69c6a1a45a7083,ark/deepseek-v3,0,0,0
78b3dea4326d4c01af69c6a1a45a7083,unknown,0,0,0
78b7e817396d402eb4005f24d0455bc7,ark/deepseek-v3,9572,1038,10610
78b7e817396d402eb4005f24d0455bc7,unknown,0,0,0
78b91c6e520247c18fabd461fa57cdf1,ark/deepseek-v3-1,1962,257,2219
78b91c6e520247c18fabd461fa57cdf1,unknown,0,0,0
78c127c63f5a48bda1f8fd2333b6f1ca,deepseek-chat,2130,1617,3747
78c127c63f5a48bda1f8fd2333b6f1ca,unknown,0,0,0
78c26b1439f246e0a91cdc092156bfca,deepseek-chat,0,0,0
78c26b1439f246e0a91cdc092156bfca,unknown,0,0,0
78d25ae6510d418087ac1576b8296976,deepseek-chat,0,0,0
78d25ae6510d418087ac1576b8296976,unknown,0,0,0
78d6a05fc15045b6ab5a33342580d22a,deepseek-chat,1053,440,1493
78d6a05fc15045b6ab5a33342580d22a,gpt-4.1,1418,388,1806
78d6a05fc15045b6ab5a33342580d22a,unknown,0,0,0
78dcb7084f53404894937c842d0f924e,ark/deepseek-v3,1455,286,1741
78dcb7084f53404894937c842d0f924e,unknown,0,0,0
78e5267ae713425c9e28fcaaf5bb5e07,ark/deepseek-v3,467,94,561
78e5267ae713425c9e28fcaaf5bb5e07,unknown,0,0,0
78eb07a9395341e2b18c97f90b7e9d3a,deepseek-chat,861,422,1283
78eb07a9395341e2b18c97f90b7e9d3a,unknown,0,0,0
78ebf2803ae14dc391c19f5c862a88fa,ark/deepseek-v3,701,202,903
78ebf2803ae14dc391c19f5c862a88fa,unknown,0,0,0
78f11a499dca40ea9d4f47c4726c0ff0,ark/deepseek-v3,6607,808,7415
78f11a499dca40ea9d4f47c4726c0ff0,unknown,0,0,0
78f39a8df57a4509afd39569932e6e6c,deepseek-chat,1169,1155,2324
78f39a8df57a4509afd39569932e6e6c,unknown,0,0,0
78fe978d9a514edaacf97fc80d077384,deepseek-chat,671,345,1016
78fe978d9a514edaacf97fc80d077384,unknown,0,0,0
7902024872e3456a87c8bf2b53e15d1f,ark/deepseek-v3,4880,1095,5975
7902024872e3456a87c8bf2b53e15d1f,unknown,0,0,0
7905843d06174c61889c5b54a5128fe7,ark/deepseek-v3,3118,310,3428
7905843d06174c61889c5b54a5128fe7,unknown,0,0,0
79092640b650490db518b5f4c018a152,deepseek-chat,2095,1566,3661
79092640b650490db518b5f4c018a152,unknown,0,0,0
790ddc7651cf4f7ba5d5d5036528f7db,deepseek-chat,1493,386,1879
790ddc7651cf4f7ba5d5d5036528f7db,unknown,0,0,0
790f38cb58564280be082f0d2b9b2317,ark/deepseek-v3-1,528,332,860
790f38cb58564280be082f0d2b9b2317,unknown,0,0,0
790ff61b627d467aa42018e0de565882,ark/deepseek-v3,467,97,564
790ff61b627d467aa42018e0de565882,unknown,0,0,0
791111783e64465ba7af350004d127b7,ark/deepseek-v3,6429,983,7412
791111783e64465ba7af350004d127b7,unknown,0,0,0
792c8b0993e24d21a5467636dfdc7b37,ark/deepseek-v3,14045,2688,16733
792c8b0993e24d21a5467636dfdc7b37,deepseek-chat,7648,258,7906
792c8b0993e24d21a5467636dfdc7b37,unknown,0,0,0
793115b03af64265922c514aed4fdee9,ark/deepseek-v3,6589,2150,8739
793115b03af64265922c514aed4fdee9,gpt-4.1,639,20,659
793115b03af64265922c514aed4fdee9,unknown,0,0,0
793b8024c7c94300adb2b20ce3a73cb1,ark/deepseek-v3-1,700,298,998
793b8024c7c94300adb2b20ce3a73cb1,unknown,0,0,0
7943795e868f4a768fdb1342b752e6f3,ark/deepseek-v3,467,145,612
7943795e868f4a768fdb1342b752e6f3,unknown,0,0,0
7944609cf1bb44fe8b843a50062a78ed,ark/deepseek-v3-1,1405,758,2163
7944609cf1bb44fe8b843a50062a78ed,unknown,0,0,0
794fb2a4a37740f6a6199ccae5caf6b2,deepseek-chat,3214,1059,4273
794fb2a4a37740f6a6199ccae5caf6b2,gpt-4.1,3366,951,4317
794fb2a4a37740f6a6199ccae5caf6b2,unknown,0,0,0
795726b2c4a848f482cc8395440beb99,ark/deepseek-v3,4443,986,5429
795726b2c4a848f482cc8395440beb99,unknown,0,0,0
7961d5860cab4102befeec2f222c7f46,deepseek-chat,670,357,1027
7961d5860cab4102befeec2f222c7f46,unknown,0,0,0
7963b4e3ccce4bc79065f6dca3776282,unknown,0,0,0
79653244e94d404e89ada3e9faff6f6c,ark/deepseek-v3,676,300,976
79653244e94d404e89ada3e9faff6f6c,unknown,0,0,0
796ab80bbb034601ad65dacd912315ba,ark/deepseek-v3,6962,1434,8396
796ab80bbb034601ad65dacd912315ba,unknown,0,0,0
796ae619b8e94649b9ff140c1db8be0a,ark/deepseek-v3,1175,494,1669
796ae619b8e94649b9ff140c1db8be0a,unknown,0,0,0
796bcbcf334e4773b9ea0c3ccaf7dc7a,ark/deepseek-v3,1455,210,1665
796bcbcf334e4773b9ea0c3ccaf7dc7a,unknown,0,0,0
7973ba6725ae4c8b92863edff17de229,deepseek-chat,562,165,727
7973ba6725ae4c8b92863edff17de229,unknown,0,0,0
797523091f424a93b8d1869badf1106a,ark/deepseek-v3,467,96,563
797523091f424a93b8d1869badf1106a,unknown,0,0,0
797b0ecc1bf5414d955ecfb6834a8020,deepseek-chat,759,312,1071
797b0ecc1bf5414d955ecfb6834a8020,unknown,0,0,0
797b9e445c5343a89fc69e023a2581fc,deepseek-chat,2951,582,3533
797b9e445c5343a89fc69e023a2581fc,unknown,0,0,0
797cf1571a614324863b49eb6e649027,ark/deepseek-v3,467,98,565
797cf1571a614324863b49eb6e649027,unknown,0,0,0
7981aea7a83a4f40add22e2c57db1516,ark/deepseek-v3,0,0,0
7981aea7a83a4f40add22e2c57db1516,unknown,0,0,0
798500b5c23e4d7794b27931ec69cfa0,ark/deepseek-v3-1,21982,4363,26345
798500b5c23e4d7794b27931ec69cfa0,unknown,0,0,0
79888d119dcb4112a3489affe358b3ef,deepseek-chat,935,232,1167
79888d119dcb4112a3489affe358b3ef,gpt-4.1,673,276,949
79888d119dcb4112a3489affe358b3ef,unknown,0,0,0
79891607d63c442ca4e8cd32c4df7add,ark/deepseek-v3-1,5090,2533,7623
79891607d63c442ca4e8cd32c4df7add,gpt-4.1,3841,1007,4848
79891607d63c442ca4e8cd32c4df7add,unknown,0,0,0
79896d2f0a18424780628fddbb0bd700,deepseek-chat,944,246,1190
79896d2f0a18424780628fddbb0bd700,gpt-4.1,685,290,975
79896d2f0a18424780628fddbb0bd700,unknown,0,0,0
798dac198f214438985965492b163972,ark/deepseek-v3-1,1933,1319,3252
798dac198f214438985965492b163972,unknown,0,0,0
7997db21dbe443d98b366fbc56715ae4,deepseek-chat,861,409,1270
7997db21dbe443d98b366fbc56715ae4,unknown,0,0,0
799b7741dcf6426795d433153779578b,ark/deepseek-v3,1251,234,1485
799b7741dcf6426795d433153779578b,unknown,0,0,0
799ec71d15054d58abae7d1cb3b912da,ark/deepseek-v3-1,1405,898,2303
799ec71d15054d58abae7d1cb3b912da,unknown,0,0,0
799f6d033d3e4825a79164f4bfca2d19,ark/deepseek-v3,1436,754,2190
799f6d033d3e4825a79164f4bfca2d19,unknown,0,0,0
79a44c830e634c7bbb8d054c60dd58b0,ark/deepseek-v3,2124,1048,3172
79a44c830e634c7bbb8d054c60dd58b0,unknown,0,0,0
79ac50fee9fd439d9bf3c2479567a1fa,ark/deepseek-v3,2397,490,2887
79ac50fee9fd439d9bf3c2479567a1fa,unknown,0,0,0
79ae7af7d1794a55ac5942b609e15bef,deepseek-chat,795,640,1435
79ae7af7d1794a55ac5942b609e15bef,unknown,0,0,0
79af02bafb824c268fd8603729818d79,ark/deepseek-v3,467,84,551
79af02bafb824c268fd8603729818d79,unknown,0,0,0
79afa0bd3e0e46789d1f20b8322eef28,unknown,0,0,0
79afdd49918e4e63acc35e3ce170fb69,deepseek-chat,3818,1369,5187
79afdd49918e4e63acc35e3ce170fb69,gpt-4.1,3346,816,4162
79afdd49918e4e63acc35e3ce170fb69,unknown,0,0,0
79b10f2799964884a55c2a264de6fbf7,ark/deepseek-v3-1,1102,680,1782
79b10f2799964884a55c2a264de6fbf7,unknown,0,0,0
79bb6505729645d0a1297d700df434bf,ark/deepseek-v3,3252,511,3763
79bb6505729645d0a1297d700df434bf,deepseek-chat,5926,211,6137
79bb6505729645d0a1297d700df434bf,unknown,0,0,0
79bdce71baca48638cacfd06c7cbd9e5,deepseek-chat,3219,1381,4600
79bdce71baca48638cacfd06c7cbd9e5,gpt-4.1,3374,857,4231
79bdce71baca48638cacfd06c7cbd9e5,unknown,0,0,0
79c2ca3801b444aa84fc8236a7d883a9,ark/deepseek-v3,1210,569,1779
79c2ca3801b444aa84fc8236a7d883a9,unknown,0,0,0
79c354c536644f309473549f41fe8167,ark/deepseek-v3,701,375,1076
79c354c536644f309473549f41fe8167,unknown,0,0,0
79ca611706b242c4801280a1821c6f71,ark/deepseek-v3,1837,354,2191
79ca611706b242c4801280a1821c6f71,unknown,0,0,0
79cedf6d57604c37901c2970e15b4a55,deepseek-chat,903,406,1309
79cedf6d57604c37901c2970e15b4a55,unknown,0,0,0
79d05880b1564fd58d89b921ed382f04,ark/deepseek-v3,1455,222,1677
79d05880b1564fd58d89b921ed382f04,unknown,0,0,0
79d2bec18af34b2f96d0b5bd59e0eef0,ark/deepseek-v3,6354,859,7213
79d2bec18af34b2f96d0b5bd59e0eef0,unknown,0,0,0
79dafebed78840a7bd6044fe3facd854,ark/deepseek-v3,694,158,852
79dafebed78840a7bd6044fe3facd854,unknown,0,0,0
79de64a0bb954240b2f15330852d44d2,ark/deepseek-v3,1173,515,1688
79de64a0bb954240b2f15330852d44d2,unknown,0,0,0
79e453ac920b41e7a4890db5231df7c4,deepseek-chat,0,0,0
79e453ac920b41e7a4890db5231df7c4,unknown,0,0,0
79f0fbf860a54286a46d8aa5f6d9d163,unknown,0,0,0
79f8e906db0f4f149bca7a06683640d6,deepseek-chat,658,260,918
79f8e906db0f4f149bca7a06683640d6,unknown,0,0,0
79fa1414f85f4441b218f55526ed950e,deepseek-chat,1466,1114,2580
79fa1414f85f4441b218f55526ed950e,unknown,0,0,0
79fb1b87a51f4eecbf7f18f1b973cd9b,ark/deepseek-v3,0,0,0
79fb1b87a51f4eecbf7f18f1b973cd9b,unknown,0,0,0
79fe81019f1143bd8e12e3ffd417d116,ark/deepseek-v3,1801,1086,2887
79fe81019f1143bd8e12e3ffd417d116,unknown,0,0,0
7a07152609d64a59ac35d40ab844ffcb,ark/deepseek-v3,0,0,0
7a07152609d64a59ac35d40ab844ffcb,unknown,0,0,0
7a1950c8501d4395b992d6663a9dc6e3,deepseek-chat,1453,587,2040
7a1950c8501d4395b992d6663a9dc6e3,unknown,0,0,0
7a1b47592b1441e7920c6e0aaf4b55cb,unknown,0,0,0
7a1bf1a4e4f241f98f75561dc4dfc9ef,ark/deepseek-v3-1,1852,799,2651
7a1bf1a4e4f241f98f75561dc4dfc9ef,unknown,0,0,0
7a1cc27c75cb475c85391986b9cab756,ark/deepseek-v3,1837,402,2239
7a1cc27c75cb475c85391986b9cab756,unknown,0,0,0
7a1e206508e14ba7b46fabbcc1b7eba3,deepseek-chat,3213,1157,4370
7a1e206508e14ba7b46fabbcc1b7eba3,unknown,0,0,0
7a1f10502a784dd5a236523b647e8ce6,deepseek-chat,671,435,1106
7a1f10502a784dd5a236523b647e8ce6,unknown,0,0,0
7a2dcecf6a1f4af3b076dee6c6ddfd35,deepseek-chat,760,456,1216
7a2dcecf6a1f4af3b076dee6c6ddfd35,unknown,0,0,0
7a3953b05d224200b544220e55267116,ark/deepseek-v3,2427,1354,3781
7a3953b05d224200b544220e55267116,unknown,0,0,0
7a475193ab534e2f873d1606dfd05d98,ark/deepseek-v3,6213,1823,8036
7a475193ab534e2f873d1606dfd05d98,gpt-4.1,651,29,680
7a475193ab534e2f873d1606dfd05d98,unknown,0,0,0
7a47584597564fccae44ef80023b0cdc,deepseek-chat,3482,1595,5077
7a47584597564fccae44ef80023b0cdc,unknown,0,0,0
7a482d58a5fe4208a8329edd13052592,ark/deepseek-v3,467,89,556
7a482d58a5fe4208a8329edd13052592,unknown,0,0,0
7a4c79c95cd841d99d2e810f041bc139,ark/deepseek-v3,712,166,878
7a4c79c95cd841d99d2e810f041bc139,unknown,0,0,0
7a590b2290e14f14a6f236c125a3b46a,ark/deepseek-v3,701,176,877
7a590b2290e14f14a6f236c125a3b46a,unknown,0,0,0
7a5b9e4a43e64abeab2e454b42bbfecf,ark/deepseek-v3,2397,513,2910
7a5b9e4a43e64abeab2e454b42bbfecf,unknown,0,0,0
7a5bebaf2ef44e0c8f9d7480a55c0c1f,ark/deepseek-v3,467,97,564
7a5bebaf2ef44e0c8f9d7480a55c0c1f,unknown,0,0,0
7a5e0965cc374b28991e34e046f8ae2d,ark/deepseek-v3,467,98,565
7a5e0965cc374b28991e34e046f8ae2d,unknown,0,0,0
7a757d0d6ce049bea1bb4ce210dc846f,deepseek-chat,2617,1044,3661
7a757d0d6ce049bea1bb4ce210dc846f,unknown,0,0,0
7a77f828f0574ea88b0701af820e0e28,ark/deepseek-v3-1,1405,914,2319
7a77f828f0574ea88b0701af820e0e28,unknown,0,0,0
7a7d2608f25c4131904d9b0b6fb296de,deepseek-chat,561,206,767
7a7d2608f25c4131904d9b0b6fb296de,unknown,0,0,0
7a80a4615443486c967608dadcc82756,ark/deepseek-v3,0,0,0
7a80a4615443486c967608dadcc82756,unknown,0,0,0
7a853c0b9b6445dd9e0cc6d463e67e38,deepseek-chat,956,551,1507
7a853c0b9b6445dd9e0cc6d463e67e38,unknown,0,0,0
7a86c14e85194b7e89f71e335cb1dc0d,deepseek-chat,712,317,1029
7a86c14e85194b7e89f71e335cb1dc0d,unknown,0,0,0
7a8a0cfe31574cdfbc9258522a7c516f,ark/deepseek-v3,1431,267,1698
7a8a0cfe31574cdfbc9258522a7c516f,unknown,0,0,0
7a948c519b8946abaa9cd622366a8c1a,ark/deepseek-v3,701,183,884
7a948c519b8946abaa9cd622366a8c1a,unknown,0,0,0
7a950d242c7546ab9a84e95b3b52237a,ark/deepseek-v3-1,2771,868,3639
7a950d242c7546ab9a84e95b3b52237a,unknown,0,0,0
7aa772862750453ab0b8b54651fb7144,ark/deepseek-v3-1,4197,692,4889
7aa772862750453ab0b8b54651fb7144,unknown,0,0,0
7aa8baebf9c34995a6b38a95f211c506,ark/deepseek-v3-1,1405,798,2203
7aa8baebf9c34995a6b38a95f211c506,unknown,0,0,0
7aaa7a0da7d34169ad92711da19ca06c,ark/deepseek-v3,1455,207,1662
7aaa7a0da7d34169ad92711da19ca06c,unknown,0,0,0
7ac4879f320448f6a9fc7911839f462b,ark/deepseek-v3,4864,1307,6171
7ac4879f320448f6a9fc7911839f462b,unknown,0,0,0
7acd83d9736b447c897a94932fa3333d,deepseek-chat,670,320,990
7acd83d9736b447c897a94932fa3333d,unknown,0,0,0
7ae6ab98369349308330a04d66cd203d,ark/deepseek-v3,1944,404,2348
7ae6ab98369349308330a04d66cd203d,deepseek-chat,5805,46,5851
7ae6ab98369349308330a04d66cd203d,unknown,0,0,0
7af1a59afec44fa49232e25f8d1e0166,deepseek-chat,1465,1116,2581
7af1a59afec44fa49232e25f8d1e0166,unknown,0,0,0
7afac6856e3a42fc98c2f11e4c02f0c4,ark/deepseek-v3,701,200,901
7afac6856e3a42fc98c2f11e4c02f0c4,unknown,0,0,0
7afcf8a5c10d42e39aca8f8b4b80b93d,deepseek-chat,561,207,768
7afcf8a5c10d42e39aca8f8b4b80b93d,unknown,0,0,0
7b0a14df28064082a37bee5dccc0eb2e,ark/deepseek-v3,6632,805,7437
7b0a14df28064082a37bee5dccc0eb2e,deepseek-chat,974,504,1478
7b0a14df28064082a37bee5dccc0eb2e,unknown,0,0,0
7b0f886eca954460b4120e4c62b5ded6,ark/deepseek-v3-1,5880,696,6576
7b0f886eca954460b4120e4c62b5ded6,unknown,0,0,0
7b107d3f0a584f0e8d3730f66a9f1866,ark/deepseek-v3,758,118,876
7b107d3f0a584f0e8d3730f66a9f1866,unknown,0,0,0
7b11d16e4d4f4e5aa5c44b26ad8077a2,ark/deepseek-v3,6969,1242,8211
7b11d16e4d4f4e5aa5c44b26ad8077a2,unknown,0,0,0
7b151b5c940046cbb16abe2d60e31495,ark/deepseek-v3,601,307,908
7b151b5c940046cbb16abe2d60e31495,unknown,0,0,0
7b161ea2c2c846f39f0fa263d63f172a,ark/deepseek-v3-1,2001,1043,3044
7b161ea2c2c846f39f0fa263d63f172a,unknown,0,0,0
7b191f253ee44ea5b0a756822a2da8f3,deepseek-chat,933,231,1164
7b191f253ee44ea5b0a756822a2da8f3,gpt-4.1,673,210,883
7b191f253ee44ea5b0a756822a2da8f3,unknown,0,0,0
7b23d7ad7180455e8d46727211b25ac7,ark/deepseek-v3,467,97,564
7b23d7ad7180455e8d46727211b25ac7,unknown,0,0,0
7b26f648812945f59bd3e61b19c3e0ce,deepseek-chat,0,0,0
7b26f648812945f59bd3e61b19c3e0ce,unknown,0,0,0
7b27b5a4b17344f3b2c2693300e59ec2,ark/deepseek-v3,2307,300,2607
7b27b5a4b17344f3b2c2693300e59ec2,unknown,0,0,0
7b31301efa2b4fa483088fde1be47a3e,ark/deepseek-v3,3385,1349,4734
7b31301efa2b4fa483088fde1be47a3e,unknown,0,0,0
7b41ca8f2176441bb3c4bb04e583b777,ark/deepseek-v3,1825,999,2824
7b41ca8f2176441bb3c4bb04e583b777,unknown,0,0,0
7b4a7143beed43f28b94f95c8adc4b22,deepseek-chat,936,232,1168
7b4a7143beed43f28b94f95c8adc4b22,gpt-4.1,958,0,958
7b4a7143beed43f28b94f95c8adc4b22,unknown,0,0,0
7b509b83aa3e43de8c544d352fbeeb8b,ark/deepseek-v3,3456,1471,4927
7b509b83aa3e43de8c544d352fbeeb8b,ark/deepseek-v3-1,0,0,0
7b509b83aa3e43de8c544d352fbeeb8b,unknown,0,0,0
7b5f9246f12f40c1ab722fa97288a148,ark/deepseek-v3,1146,539,1685
7b5f9246f12f40c1ab722fa97288a148,unknown,0,0,0
7b7731838abc4ed99968ee3c094ff12e,deepseek-chat,918,565,1483
7b7731838abc4ed99968ee3c094ff12e,unknown,0,0,0
7b8ad378c1ef4255a2f9eefe13a15833,deepseek-chat,1361,535,1896
7b8ad378c1ef4255a2f9eefe13a15833,unknown,0,0,0
7b8d45b5d52d4eb4b071b2ffd47c4ac6,ark/deepseek-v3,0,0,0
7b8d45b5d52d4eb4b071b2ffd47c4ac6,unknown,0,0,0
7b9b802b130f437b9caed55e38b34e8b,ark/deepseek-v3,1455,214,1669
7b9b802b130f437b9caed55e38b34e8b,unknown,0,0,0
7b9c1527a93348ccbcdcbdd13bce5c03,deepseek-chat,671,431,1102
7b9c1527a93348ccbcdcbdd13bce5c03,unknown,0,0,0
7b9f2b81a22d4dac9402e674fffee60d,deepseek-chat,671,374,1045
7b9f2b81a22d4dac9402e674fffee60d,gpt-4.1,1890,240,2130
7b9f2b81a22d4dac9402e674fffee60d,unknown,0,0,0
7ba5322ad9674a7292e8bab7eb3a618e,deepseek-chat,1357,528,1885
7ba5322ad9674a7292e8bab7eb3a618e,unknown,0,0,0
7bb2783784d14ff1ac648b15b6a308b5,deepseek-chat,561,228,789
7bb2783784d14ff1ac648b15b6a308b5,unknown,0,0,0
7bb480d33bff487392c18e4afbcea403,ark/deepseek-v3,467,97,564
7bb480d33bff487392c18e4afbcea403,unknown,0,0,0
7bc3d26a54174b20a13d725394c8262a,ark/deepseek-v3,465,91,556
7bc3d26a54174b20a13d725394c8262a,unknown,0,0,0
7bc4c8a670224e4c958aef70879630b7,ark/deepseek-v3,1481,825,2306
7bc4c8a670224e4c958aef70879630b7,unknown,0,0,0
7bc528de2674421a8837d69bcf0634d4,ark/deepseek-v3,1089,278,1367
7bc528de2674421a8837d69bcf0634d4,unknown,0,0,0
7bce6f5eb3cc4015b5ceed82a7da93c4,ark/deepseek-v3,1089,312,1401
7bce6f5eb3cc4015b5ceed82a7da93c4,unknown,0,0,0
7bd222999b1341e191a84aaf20517919,deepseek-chat,2229,1031,3260
7bd222999b1341e191a84aaf20517919,unknown,0,0,0
7be2051625914fd3a6715ae60e7e42c8,ark/deepseek-v3,1251,222,1473
7be2051625914fd3a6715ae60e7e42c8,unknown,0,0,0
7be7bae7e63741e993795ecb8734366e,deepseek-chat,4184,1137,5321
7be7bae7e63741e993795ecb8734366e,gpt-4.1,4160,913,5073
7be7bae7e63741e993795ecb8734366e,unknown,0,0,0
7beaad4d1b044372890bfb047e1aa059,deepseek-chat,658,327,985
7beaad4d1b044372890bfb047e1aa059,unknown,0,0,0
7bee7a9ec01e4486b060f6c501a88cfe,deepseek-chat,670,361,1031
7bee7a9ec01e4486b060f6c501a88cfe,unknown,0,0,0
7bef979cbeed480fa995bcdf1fecd81f,ark/deepseek-v3,14338,3021,17359
7bef979cbeed480fa995bcdf1fecd81f,unknown,0,0,0
7bf0460984004af593ff460a80b9f4bb,deepseek-chat,658,343,1001
7bf0460984004af593ff460a80b9f4bb,unknown,0,0,0
7bf2e36737da4eabab986f8de14df712,deepseek-chat,457,93,550
7bf2e36737da4eabab986f8de14df712,unknown,0,0,0
7bf30c8f33114b7eaa0beb78d4dae8d1,ark/deepseek-v3,465,106,571
7bf30c8f33114b7eaa0beb78d4dae8d1,unknown,0,0,0
7bf404cbfccc410a81d21f4f0b789c7c,ark/deepseek-v3,1089,272,1361
7bf404cbfccc410a81d21f4f0b789c7c,unknown,0,0,0
7bf64c8e49b5406f9dd8b577781fac79,ark/deepseek-v3,701,200,901
7bf64c8e49b5406f9dd8b577781fac79,unknown,0,0,0
7bfa6849c579408386f36e6d46358562,ark/deepseek-v3-1,1405,830,2235
7bfa6849c579408386f36e6d46358562,unknown,0,0,0
7bfebebc16e14e23890fe7cb496f4a8c,deepseek-chat,670,314,984
7bfebebc16e14e23890fe7cb496f4a8c,unknown,0,0,0
7c007c50b3b740509ccedd69e96abb85,ark/deepseek-v3,467,94,561
7c007c50b3b740509ccedd69e96abb85,unknown,0,0,0
7c010fade43240acae2a06d3486f724f,ark/deepseek-v3,3143,338,3481
7c010fade43240acae2a06d3486f724f,unknown,0,0,0
7c09b39f21fe4003a20b4f613d406725,unknown,0,0,0
7c0bd9ffd7af408d86e5fea055f87a83,ark/deepseek-v3,30116,5840,35956
7c0bd9ffd7af408d86e5fea055f87a83,unknown,0,0,0
7c0fff00ab6f4c03be00688db5249d4c,ark/deepseek-v3,0,0,0
7c0fff00ab6f4c03be00688db5249d4c,unknown,0,0,0
7c10e73a30b2486e84767b805ff4b342,deepseek-chat,934,335,1269
7c10e73a30b2486e84767b805ff4b342,unknown,0,0,0
7c1997512e1845d0b7591fe921fc3fa0,ark/deepseek-v3,467,94,561
7c1997512e1845d0b7591fe921fc3fa0,unknown,0,0,0
7c1b3fefa6b34f5e872e87cd5b17e3d3,deepseek-chat,0,0,0
7c1b3fefa6b34f5e872e87cd5b17e3d3,unknown,0,0,0
7c2014041a65423a868365bd59d6829b,deepseek-chat,1515,272,1787
7c2014041a65423a868365bd59d6829b,unknown,0,0,0
7c26099833cd447da18766a6f9c8dbee,ark/deepseek-v3,6942,1390,8332
7c26099833cd447da18766a6f9c8dbee,unknown,0,0,0
7c261d39a1bd4b3f914d7bbed02a889b,deepseek-chat,3630,1494,5124
7c261d39a1bd4b3f914d7bbed02a889b,gpt-4.1,4780,958,5738
7c261d39a1bd4b3f914d7bbed02a889b,unknown,0,0,0
7c30ef3b6cba4693863d524bc9f3994b,deepseek-chat,1306,278,1584
7c30ef3b6cba4693863d524bc9f3994b,gpt-4.1,2554,380,2934
7c30ef3b6cba4693863d524bc9f3994b,unknown,0,0,0
7c334eca91614c15a9f9aeaf34b87ac0,ark/deepseek-v3,1088,267,1355
7c334eca91614c15a9f9aeaf34b87ac0,unknown,0,0,0
7c4038a86898460b829a11a08f765c29,ark/deepseek-v3,1455,228,1683
7c4038a86898460b829a11a08f765c29,unknown,0,0,0
7c47d2f72b9b4da3892811880327aa3d,ark/deepseek-v3,701,213,914
7c47d2f72b9b4da3892811880327aa3d,unknown,0,0,0
7c555dfa5cd84fd2b012ee478b7a6bcb,ark/deepseek-v3,1937,361,2298
7c555dfa5cd84fd2b012ee478b7a6bcb,unknown,0,0,0
7c582ca5ef2f4a3fb3aed0387eff27e7,ark/deepseek-v3,13769,3004,16773
7c582ca5ef2f4a3fb3aed0387eff27e7,unknown,0,0,0
7c5d28df6310499680d60039554072a4,ark/deepseek-v3,695,90,785
7c5d28df6310499680d60039554072a4,unknown,0,0,0
7c5e7639fcb04b528c4e3d3913f18390,deepseek-chat,671,430,1101
7c5e7639fcb04b528c4e3d3913f18390,unknown,0,0,0
7c60ac6d832041b1abaa07204a87d6fa,ark/deepseek-v3,1065,305,1370
7c60ac6d832041b1abaa07204a87d6fa,unknown,0,0,0
7c6f3a531a06491298ee11973f704a71,deepseek-chat,561,207,768
7c6f3a531a06491298ee11973f704a71,unknown,0,0,0
7c718521eeb2406aa8459faada96470d,ark/deepseek-v3-1,1405,956,2361
7c718521eeb2406aa8459faada96470d,unknown,0,0,0
7c7b60afaf4343cfa08e46ecebf3db6e,deepseek-chat,671,429,1100
7c7b60afaf4343cfa08e46ecebf3db6e,unknown,0,0,0
7c831efdffe14cc19290f2183d3aae0c,ark/deepseek-v3,701,201,902
7c831efdffe14cc19290f2183d3aae0c,unknown,0,0,0
7c8a64b1eddc46aabeff6dca8daf60a2,deepseek-chat,0,0,0
7c8a64b1eddc46aabeff6dca8daf60a2,unknown,0,0,0
7c8c7ed600aa43be9e8333c72f9961e0,deepseek-chat,0,0,0
7c8c7ed600aa43be9e8333c72f9961e0,unknown,0,0,0
7c8db987e87847f58517754f50e3d882,ark/deepseek-v3-1,0,0,0
7c8db987e87847f58517754f50e3d882,unknown,0,0,0
7c94f97790eb4929af47e57690ffc64e,ark/deepseek-v3,2303,329,2632
7c94f97790eb4929af47e57690ffc64e,unknown,0,0,0
7c97499186244620b045e6cbc2d1e826,ark/deepseek-v3,14045,2767,16812
7c97499186244620b045e6cbc2d1e826,unknown,0,0,0
7c9ef1183236475d9420345482171a69,deepseek-chat,2752,1049,3801
7c9ef1183236475d9420345482171a69,unknown,0,0,0
7c9ff29215914e68bb0baebe17d059db,ark/deepseek-v3,845,1665,2510
7c9ff29215914e68bb0baebe17d059db,unknown,0,0,0
7ca3f66ad3294790a3b665f362d6b289,deepseek-chat,1677,336,2013
7ca3f66ad3294790a3b665f362d6b289,unknown,0,0,0
7cb8637bd20042b7a57fabc7c500ad60,ark/deepseek-v3,1535,1038,2573
7cb8637bd20042b7a57fabc7c500ad60,unknown,0,0,0
7cb90f44d66f45529b6cadfc72205bde,ark/deepseek-v3,4125,1392,5517
7cb90f44d66f45529b6cadfc72205bde,unknown,0,0,0
7cbb7779979c43e6b7c66a3a6ea41596,ark/deepseek-v3,4179,2077,6256
7cbb7779979c43e6b7c66a3a6ea41596,unknown,0,0,0
7cbda1ed83ce4f209af2b4d0b5e07640,ark/deepseek-v3,701,176,877
7cbda1ed83ce4f209af2b4d0b5e07640,unknown,0,0,0
7cbfa25053b84cdf8ead5599e04ad371,ark/deepseek-v3,2296,1258,3554
7cbfa25053b84cdf8ead5599e04ad371,unknown,0,0,0
7cc1ce73ab124ac8ac78e5b0cefe06a1,deepseek-chat,1440,575,2015
7cc1ce73ab124ac8ac78e5b0cefe06a1,unknown,0,0,0
7cc69e985c904d168dfff96d892f733c,ark/deepseek-v3,776,79,855
7cc69e985c904d168dfff96d892f733c,unknown,0,0,0
7ccbd30672c6493d88c0127cb405a4a7,ark/deepseek-v3,1335,570,1905
7ccbd30672c6493d88c0127cb405a4a7,deepseek-chat,5664,296,5960
7ccbd30672c6493d88c0127cb405a4a7,unknown,0,0,0
7ccef7de56f546ec93fdae1c9192b1d2,ark/deepseek-v3,5105,804,5909
7ccef7de56f546ec93fdae1c9192b1d2,unknown,0,0,0
7ccef90803884981a058a5e4be3f3515,deepseek-chat,0,0,0
7ccef90803884981a058a5e4be3f3515,unknown,0,0,0
7cd1e39554094910b9b99ff245b6e83a,ark/deepseek-v3,3118,319,3437
7cd1e39554094910b9b99ff245b6e83a,unknown,0,0,0
7cddec59a9f846aea770f67172899de5,ark/kimi-k2,2330,386,2716
7cddec59a9f846aea770f67172899de5,deepseek-chat,5802,743,6545
7cddec59a9f846aea770f67172899de5,unknown,0,0,0
7ceddad45fb94c688bd81cbbc246d775,ark/deepseek-v3,0,0,0
7ceddad45fb94c688bd81cbbc246d775,unknown,0,0,0
7cee8903c75648a6a1f7029a06c8a1dc,ark/deepseek-v3,4020,849,4869
7cee8903c75648a6a1f7029a06c8a1dc,unknown,0,0,0
7cf0ffeab28a47e7bd33f782158d9187,ark/deepseek-v3,1455,176,1631
7cf0ffeab28a47e7bd33f782158d9187,unknown,0,0,0
7cf12f5204cc47d3a3bebe9caab73050,deepseek-chat,772,264,1036
7cf12f5204cc47d3a3bebe9caab73050,unknown,0,0,0
7cf6d09eed80413ead1e910d8e550336,ark/deepseek-v3,4218,1926,6144
7cf6d09eed80413ead1e910d8e550336,unknown,0,0,0
7d006be457f544e5a3933a649f8f8e6d,ark/deepseek-v3-1,1098,475,1573
7d006be457f544e5a3933a649f8f8e6d,unknown,0,0,0
7d02064e8ed541ea89bb994674368926,deepseek-chat,934,232,1166
7d02064e8ed541ea89bb994674368926,gpt-4.1,955,0,955
7d02064e8ed541ea89bb994674368926,unknown,0,0,0
7d028c7937ea4ba6a38351f6285d1496,deepseek-chat,670,356,1026
7d028c7937ea4ba6a38351f6285d1496,unknown,0,0,0
7d06bf2eabe24b99ab2ef08b0ac14c34,ark/deepseek-v3,695,85,780
7d06bf2eabe24b99ab2ef08b0ac14c34,unknown,0,0,0
7d087e76710e475794ce2ef0b128c3b4,ark/deepseek-v3,467,107,574
7d087e76710e475794ce2ef0b128c3b4,unknown,0,0,0
7d143fe0c6af4536b22cb28b93cbc6e9,deepseek-chat,522,293,815
7d143fe0c6af4536b22cb28b93cbc6e9,unknown,0,0,0
7d1b7e4efc2a4995bd720e5ae79d6a4c,ark/deepseek-v3,3144,313,3457
7d1b7e4efc2a4995bd720e5ae79d6a4c,unknown,0,0,0
7d1e3220907b4ca6a209d1743df60f8e,deepseek-chat,936,234,1170
7d1e3220907b4ca6a209d1743df60f8e,gpt-4.1,676,290,966
7d1e3220907b4ca6a209d1743df60f8e,unknown,0,0,0
7d2115f9fe494f1aa64a000190a9c38d,unknown,0,0,0
7d296283adcd4b73bd4b15eacbe057c9,deepseek-chat,561,223,784
7d296283adcd4b73bd4b15eacbe057c9,unknown,0,0,0
7d33dc158f6241f587fa6d8006a32e76,deepseek-chat,670,311,981
7d33dc158f6241f587fa6d8006a32e76,unknown,0,0,0
7d383f31dadf443eb4d79f549dad6912,deepseek-chat,0,0,0
7d383f31dadf443eb4d79f549dad6912,unknown,0,0,0
7d3f9174bd534882ae1c04d9887d1621,unknown,0,0,0
7d424dd8725d49c9878422c9e4015363,ark/deepseek-v3,3144,320,3464
7d424dd8725d49c9878422c9e4015363,unknown,0,0,0
7d45008049934a5d8d7760b92e6aa013,ark/deepseek-v3,701,200,901
7d45008049934a5d8d7760b92e6aa013,unknown,0,0,0
7d50e4c2cf5d4516acf6433b82a792d0,ark/deepseek-v3-1,1816,781,2597
7d50e4c2cf5d4516acf6433b82a792d0,unknown,0,0,0
7d53abca80194bdaae168c364a613ba0,ark/deepseek-v3,8162,799,8961
7d53abca80194bdaae168c364a613ba0,unknown,0,0,0
7d5a8cdc3ff94e27ad3a92c668cdfebc,deepseek-chat,2134,597,2731
7d5a8cdc3ff94e27ad3a92c668cdfebc,unknown,0,0,0
7d61d711d1644c0bbe3f71c5f6582649,ark/deepseek-v3,3974,339,4313
7d61d711d1644c0bbe3f71c5f6582649,unknown,0,0,0
7d66b9a298fb4a47b8af2ac2adb2eb8a,ark/deepseek-v3,5299,756,6055
7d66b9a298fb4a47b8af2ac2adb2eb8a,unknown,0,0,0
7d674c4dd3154d4a90db982da9a3046d,ark/deepseek-v3,638,306,944
7d674c4dd3154d4a90db982da9a3046d,unknown,0,0,0
7d6a15468c914eb7ad747ffc4e95920c,ark/deepseek-v3,701,199,900
7d6a15468c914eb7ad747ffc4e95920c,unknown,0,0,0
7d6b867f8a6e48e59bff62e971d3726d,ark/deepseek-v3,5959,784,6743
7d6b867f8a6e48e59bff62e971d3726d,unknown,0,0,0
7d6cf72a0622435cbcdb6b6cb1e59983,ark/deepseek-v3,0,0,0
7d6cf72a0622435cbcdb6b6cb1e59983,unknown,0,0,0
7d6f652337bd457f96824832f0b90ce4,ark/deepseek-v3-1,2705,319,3024
7d6f652337bd457f96824832f0b90ce4,unknown,0,0,0
7d6f66ad4d4e46e08140b10260def72a,ark/deepseek-v3,6949,1382,8331
7d6f66ad4d4e46e08140b10260def72a,unknown,0,0,0
7d701dab724046f0b9da6ae4f03f546f,deepseek-chat,2647,881,3528
7d701dab724046f0b9da6ae4f03f546f,unknown,0,0,0
7d72e45ec06840c2b3103432625808d1,ark/deepseek-v3,2719,1153,3872
7d72e45ec06840c2b3103432625808d1,unknown,0,0,0
7d789a19705346b2ba364b1b1034f2e3,deepseek-chat,2109,1571,3680
7d789a19705346b2ba364b1b1034f2e3,unknown,0,0,0
7d7cb73e299b46ed9b9c64ac483b33b5,ark/deepseek-v3,6951,1424,8375
7d7cb73e299b46ed9b9c64ac483b33b5,unknown,0,0,0
7d7dede996b544b79f7448c58cb309b3,ark/deepseek-v3-1,1405,736,2141
7d7dede996b544b79f7448c58cb309b3,unknown,0,0,0
7d801a4b0b6b44f289cb53d026038dc5,ark/deepseek-v3,467,91,558
7d801a4b0b6b44f289cb53d026038dc5,unknown,0,0,0
7d8f9b9aab924e86a113f0e4475e4e91,deepseek-chat,891,562,1453
7d8f9b9aab924e86a113f0e4475e4e91,unknown,0,0,0
7d93af7ec43a4f71946e05730daa77c2,ark/deepseek-v3,2037,192,2229
7d93af7ec43a4f71946e05730daa77c2,unknown,0,0,0
7d984fc428a04beabec4c716e3f4d87f,ark/deepseek-v3,701,176,877
7d984fc428a04beabec4c716e3f4d87f,unknown,0,0,0
7d98c2548a2f4c93a398bb086590d638,ark/deepseek-v3,701,175,876
7d98c2548a2f4c93a398bb086590d638,unknown,0,0,0
7d9b6e3237c74387b32f66ed18d65945,ark/deepseek-v3,6168,1450,7618
7d9b6e3237c74387b32f66ed18d65945,unknown,0,0,0
7d9c4ee2d13e4ee9b1db8e01cc9c4bf2,ark/deepseek-v3-1,4020,1721,5741
7d9c4ee2d13e4ee9b1db8e01cc9c4bf2,unknown,0,0,0
7da2e82ecee540389f8e574c0e301f5b,ark/deepseek-v3,1937,396,2333
7da2e82ecee540389f8e574c0e301f5b,unknown,0,0,0
7da788a0a9be426e9ab4eb5329568927,ark/deepseek-v3,5657,570,6227
7da788a0a9be426e9ab4eb5329568927,unknown,0,0,0
7da847f587dc4d0c978ffeecdf5d201c,ark/deepseek-v3-1,5972,778,6750
7da847f587dc4d0c978ffeecdf5d201c,unknown,0,0,0
7da9856afe39442c94d45a90a705a7f3,deepseek-chat,232,578,810
7da9856afe39442c94d45a90a705a7f3,gpt-4o-2024-05-13,607,27,634
7da9856afe39442c94d45a90a705a7f3,unknown,0,0,0
7dc11e7653d949a6bb18587eda69ef46,ark/deepseek-v3,6429,987,7416
7dc11e7653d949a6bb18587eda69ef46,unknown,0,0,0
7dc40b0d6ce54777a0ca300932e3fa9d,deepseek-chat,671,371,1042
7dc40b0d6ce54777a0ca300932e3fa9d,unknown,0,0,0
7dc9fd0dde7e48b8aef751ec62f5f6f8,ark/deepseek-v3-1,5220,1707,6927
7dc9fd0dde7e48b8aef751ec62f5f6f8,unknown,0,0,0
7dd11439bfd04203a1f463c0fc6c13c2,ark/deepseek-v3,4510,1782,6292
7dd11439bfd04203a1f463c0fc6c13c2,unknown,0,0,0
7dd8c4ef5dd041fabf3d9b0e84fd99fa,deepseek-chat,5875,1525,7400
7dd8c4ef5dd041fabf3d9b0e84fd99fa,unknown,0,0,0
7de1364a8e7344afa27ce42c4c4a768d,deepseek-chat,1348,529,1877
7de1364a8e7344afa27ce42c4c4a768d,unknown,0,0,0
7de4d95157cb4105bfbb5448747e215e,ark/deepseek-v3,1455,183,1638
7de4d95157cb4105bfbb5448747e215e,unknown,0,0,0
7de578ab37bd4b4aa3fdb34da14bdd36,ark/deepseek-v3,14032,2631,16663
7de578ab37bd4b4aa3fdb34da14bdd36,unknown,0,0,0
7dea8347add94d51af29a1c917f360f2,deepseek-chat,1492,658,2150
7dea8347add94d51af29a1c917f360f2,unknown,0,0,0
7deac28f909c4ee59f57c81ef36ab955,deepseek-chat,0,0,0
7deac28f909c4ee59f57c81ef36ab955,unknown,0,0,0
7df4f293754f4310b660e5d1d2d8c647,deepseek-chat,0,0,0
7df4f293754f4310b660e5d1d2d8c647,unknown,0,0,0
7df601a8f97a4cc7b103df0612b2f52f,deepseek-chat,2092,908,3000
7df601a8f97a4cc7b103df0612b2f52f,unknown,0,0,0
7dfa7cba101e46f5996cf9db08af1fd6,deepseek-chat,1305,271,1576
7dfa7cba101e46f5996cf9db08af1fd6,gpt-4.1,1607,243,1850
7dfa7cba101e46f5996cf9db08af1fd6,unknown,0,0,0
7dfbdbcaf8f040279c4375048f18e2a4,ark/deepseek-v3,1251,219,1470
7dfbdbcaf8f040279c4375048f18e2a4,unknown,0,0,0
7e04893171b04791a590e534f6cd9adb,deepseek-chat,561,207,768
7e04893171b04791a590e534f6cd9adb,unknown,0,0,0
7e0501bf31f149958d8dd43f6b895fed,deepseek-chat,3507,1479,4986
7e0501bf31f149958d8dd43f6b895fed,gpt-4.1,4239,953,5192
7e0501bf31f149958d8dd43f6b895fed,unknown,0,0,0
7e08cba806e54e47a57318b1830bf6f3,ark/deepseek-v3,2396,443,2839
7e08cba806e54e47a57318b1830bf6f3,unknown,0,0,0
7e0961fcfaa0483cae42b28724aa13dc,ark/deepseek-v3,2306,660,2966
7e0961fcfaa0483cae42b28724aa13dc,deepseek-chat,18059,5935,23994
7e0961fcfaa0483cae42b28724aa13dc,unknown,0,0,0
7e10a298f87c4a4f96807ad7aa1d818e,ark/deepseek-v3,6175,1812,7987
7e10a298f87c4a4f96807ad7aa1d818e,gpt-4.1,660,30,690
7e10a298f87c4a4f96807ad7aa1d818e,unknown,0,0,0
7e12311be9514f559074662d4bf93fd3,deepseek-chat,671,356,1027
7e12311be9514f559074662d4bf93fd3,unknown,0,0,0
7e126bad353740af877d3ab1f0f44ac4,ark/deepseek-v3,8385,1124,9509
7e126bad353740af877d3ab1f0f44ac4,unknown,0,0,0
7e17a54309b14edf9cfd8ebbd394ce01,ark/deepseek-v3,467,97,564
7e17a54309b14edf9cfd8ebbd394ce01,unknown,0,0,0
7e1aca2c4ece4e9fa76a395b1e2b3830,deepseek-chat,2243,595,2838
7e1aca2c4ece4e9fa76a395b1e2b3830,unknown,0,0,0
7e1cf38ce81048ac9b9ab7d9574cf335,deepseek-chat,561,207,768
7e1cf38ce81048ac9b9ab7d9574cf335,unknown,0,0,0
7e31884d90c3449aa366c21f4ad5004c,unknown,0,0,0
7e31c0e28b554aee891ba7551d609193,ark/deepseek-v3,1089,369,1458
7e31c0e28b554aee891ba7551d609193,unknown,0,0,0
7e3dbc70b72a4043bf541aa76531524e,ark/deepseek-v3-1,490,177,667
7e3dbc70b72a4043bf541aa76531524e,unknown,0,0,0
7e3e1b2e5b874454b0e448dd711d15e2,ark/deepseek-v3-1,1405,935,2340
7e3e1b2e5b874454b0e448dd711d15e2,gpt-4.1,2129,262,2391
7e3e1b2e5b874454b0e448dd711d15e2,unknown,0,0,0
7e3fa76f97934f9aae7bb3db2acf179a,deepseek-chat,0,0,0
7e3fa76f97934f9aae7bb3db2acf179a,unknown,0,0,0
7e4015c92e4d40478cf75c77d79c72c8,deepseek-chat,714,314,1028
7e4015c92e4d40478cf75c77d79c72c8,unknown,0,0,0
7e481c784afb4ddf8b6867d307e10fd0,ark/deepseek-v3,1064,298,1362
7e481c784afb4ddf8b6867d307e10fd0,unknown,0,0,0
7e49fa17c50d42e68eb6bbfabe68fc05,deepseek-chat,1782,848,2630
7e49fa17c50d42e68eb6bbfabe68fc05,unknown,0,0,0
7e4d9977ec9a42e48d48317f9e27bccc,ark/deepseek-v3,701,200,901
7e4d9977ec9a42e48d48317f9e27bccc,unknown,0,0,0
7e58897442604d809affc0439bebaded,unknown,0,0,0
7e63e2459cf34064bfee2e2481d4ab7e,deepseek-chat,670,357,1027
7e63e2459cf34064bfee2e2481d4ab7e,unknown,0,0,0
7e675f06203740f38cb425420d52f74a,deepseek-chat,4721,1775,6496
7e675f06203740f38cb425420d52f74a,unknown,0,0,0
7e6b1623381d4077b0ff2b04eab3390c,ark/deepseek-v3,12648,1610,14258
7e6b1623381d4077b0ff2b04eab3390c,unknown,0,0,0
7e6c56881f1e4f7f9db01ea11637fe74,ark/deepseek-v3,1251,215,1466
7e6c56881f1e4f7f9db01ea11637fe74,deepseek-chat,4943,47,4990
7e6c56881f1e4f7f9db01ea11637fe74,unknown,0,0,0
7e71060842b54cffb536f14fa57ffc59,deepseek-chat,1173,430,1603
7e71060842b54cffb536f14fa57ffc59,unknown,0,0,0
7e75aed8f5db41c6b67ea6a775af4bde,ark/deepseek-v3,701,178,879
7e75aed8f5db41c6b67ea6a775af4bde,unknown,0,0,0
7e8082e433eb42f498431314927e59d8,ark/deepseek-v3,0,0,0
7e8082e433eb42f498431314927e59d8,unknown,0,0,0
7e82b528df5d4657a936cd53908737b0,deepseek-chat,2937,1506,4443
7e82b528df5d4657a936cd53908737b0,unknown,0,0,0
7e886cc3c7f94ff28b5fbbe0a61f07e7,ark/kimi-k2,861,579,1440
7e886cc3c7f94ff28b5fbbe0a61f07e7,unknown,0,0,0
7e88c99e5ae4494dad907c772743235f,deepseek-chat,2702,785,3487
7e88c99e5ae4494dad907c772743235f,unknown,0,0,0
7e8af92c36b6414796c9f0149b366644,ark/deepseek-v3,1822,746,2568
7e8af92c36b6414796c9f0149b366644,unknown,0,0,0
7e902e0594f946c5a53afc14f93e33d9,ark/deepseek-v3,14908,3360,18268
7e902e0594f946c5a53afc14f93e33d9,deepseek-chat,12560,777,13337
7e902e0594f946c5a53afc14f93e33d9,unknown,0,0,0
7e99d9dc962f4694a9b28cf6a5b67cba,ark/deepseek-v3,467,92,559
7e99d9dc962f4694a9b28cf6a5b67cba,unknown,0,0,0
7e9c02d14999435f869623fb01942dea,ark/deepseek-v3,1174,603,1777
7e9c02d14999435f869623fb01942dea,unknown,0,0,0
7ea7fe8571574c7b947bb6c45fae5ae1,ark/deepseek-v3-1,1405,737,2142
7ea7fe8571574c7b947bb6c45fae5ae1,unknown,0,0,0
7eabcc54f2374f0aa4f9b8df7d3909d1,ark/deepseek-v3,467,86,553
7eabcc54f2374f0aa4f9b8df7d3909d1,unknown,0,0,0
7eb4736ffe614857b45a4912b996f9c1,ark/deepseek-v3,467,96,563
7eb4736ffe614857b45a4912b996f9c1,unknown,0,0,0
7ebc323798894a9080fb9a1fd05822ce,deepseek-chat,670,356,1026
7ebc323798894a9080fb9a1fd05822ce,unknown,0,0,0
7ebddffef06942809aa99ac4d7bd3d4c,ark/deepseek-v3,758,124,882
7ebddffef06942809aa99ac4d7bd3d4c,unknown,0,0,0
7ec2d63f0c4e46df918c5282ab226f75,ark/deepseek-v3,9396,1523,10919
7ec2d63f0c4e46df918c5282ab226f75,deepseek-chat,4105,55,4160
7ec2d63f0c4e46df918c5282ab226f75,unknown,0,0,0
7eca5432fdc949cdb133d7acfe65c159,ark/deepseek-v3,6641,718,7359
7eca5432fdc949cdb133d7acfe65c159,unknown,0,0,0
7ed83f6713954da992dd05109ebaef8e,deepseek-chat,671,350,1021
7ed83f6713954da992dd05109ebaef8e,unknown,0,0,0
7edf9cb46016491bb2a8a0c7ad676558,deepseek-chat,2588,764,3352
7edf9cb46016491bb2a8a0c7ad676558,unknown,0,0,0
7ee42a409930401c88eaf4d7f955e13f,deepseek-chat,824,488,1312
7ee42a409930401c88eaf4d7f955e13f,unknown,0,0,0
7ee4a8c696454777a07193baf61b5d3c,ark/deepseek-v3,0,0,0
7ee4a8c696454777a07193baf61b5d3c,unknown,0,0,0
7ef1630d9597476882f7cc3e9aa2e822,deepseek-chat,5745,1470,7215
7ef1630d9597476882f7cc3e9aa2e822,unknown,0,0,0
7ef284d650494fe3bf85d37b19fd2270,ark/kimi-k2,1069,35,1104
7ef284d650494fe3bf85d37b19fd2270,unknown,0,0,0
7ef3cb82810046f88769a452efdf69f9,ark/deepseek-v3,8170,2003,10173
7ef3cb82810046f88769a452efdf69f9,unknown,0,0,0
7ef5d6981ec84bb2acc3d6bec2d64ae9,deepseek-chat,932,230,1162
7ef5d6981ec84bb2acc3d6bec2d64ae9,gpt-4.1,672,197,869
7ef5d6981ec84bb2acc3d6bec2d64ae9,unknown,0,0,0
7ef5e05981694a409921cb836fb67658,ark/deepseek-v3,13446,2535,15981
7ef5e05981694a409921cb836fb67658,unknown,0,0,0
7efa7754a06a43ffa796546acdf09fb4,ark/deepseek-v3,3328,877,4205
7efa7754a06a43ffa796546acdf09fb4,unknown,0,0,0
7efe55e707fa472e833b145fff9a60fe,ark/deepseek-v3,2756,1328,4084
7efe55e707fa472e833b145fff9a60fe,unknown,0,0,0
7f08828f62d34f24a9ebcba4f672fd33,ark/deepseek-v3,2071,987,3058
7f08828f62d34f24a9ebcba4f672fd33,unknown,0,0,0
7f0cfac8e4d1455ba437876e82a1c886,ark/deepseek-v3,2270,1124,3394
7f0cfac8e4d1455ba437876e82a1c886,unknown,0,0,0
7f0ea6dd41be499cabf280fb66695971,unknown,0,0,0
7f0f562fd44f486688fe85cffa14ed3a,ark/deepseek-v3,1455,183,1638
7f0f562fd44f486688fe85cffa14ed3a,unknown,0,0,0
7f1953622582458c80f6897c74922516,deepseek-chat,2732,1272,4004
7f1953622582458c80f6897c74922516,unknown,0,0,0
7f1f5e757c1e4143a9676203a0f2c524,ark/deepseek-v3,1455,189,1644
7f1f5e757c1e4143a9676203a0f2c524,unknown,0,0,0
7f216a0fc9c24b81854c8ee004ad7814,ark/deepseek-v3,465,90,555
7f216a0fc9c24b81854c8ee004ad7814,unknown,0,0,0
7f2a3025adfd4b66b023bd04646b3565,ark/deepseek-v3-1,1405,847,2252
7f2a3025adfd4b66b023bd04646b3565,unknown,0,0,0
7f2b2a10817e49e999fde0c3dd7abeee,ark/deepseek-v3,11483,1901,13384
7f2b2a10817e49e999fde0c3dd7abeee,unknown,0,0,0
7f2f238492194b0b8161d01a0b1ab5d0,ark/deepseek-v3,773,295,1068
7f2f238492194b0b8161d01a0b1ab5d0,unknown,0,0,0
7f3952ec945748c5b796d1418373fe1f,deepseek-chat,1604,540,2144
7f3952ec945748c5b796d1418373fe1f,unknown,0,0,0
7f3ebcf0daf148fe8328e43f1d8eff52,ark/deepseek-v3-1,1405,878,2283
7f3ebcf0daf148fe8328e43f1d8eff52,unknown,0,0,0
7f411579cd2d4bb49f19c7cbdcf41a5e,deepseek-chat,600,257,857
7f411579cd2d4bb49f19c7cbdcf41a5e,unknown,0,0,0
7f46a8b9e99c4b3baa33bffcd078c033,ark/deepseek-v3,13419,2675,16094
7f46a8b9e99c4b3baa33bffcd078c033,unknown,0,0,0
7f496039e2504c8e91c75d81ec6a35a7,deepseek-chat,2082,534,2616
7f496039e2504c8e91c75d81ec6a35a7,unknown,0,0,0
7f60049384674859b53e6c2af415bd9d,deepseek-chat,658,350,1008
7f60049384674859b53e6c2af415bd9d,unknown,0,0,0
7f74a7541ffd4c15b985223238cfd3cc,deepseek-chat,1527,385,1912
7f74a7541ffd4c15b985223238cfd3cc,unknown,0,0,0
7f75763c759042329a8f507dbdaededa,unknown,0,0,0
7f75bc1324e74f1d9bec15ceb0b3ff6a,ark/deepseek-v3,1251,238,1489
7f75bc1324e74f1d9bec15ceb0b3ff6a,unknown,0,0,0
7f7635c3cb0b449eb01b162cbf2a2411,ark/deepseek-v3,4011,1880,5891
7f7635c3cb0b449eb01b162cbf2a2411,unknown,0,0,0
7f76a7da7e2d4e82984651c403e26349,ark/deepseek-v3,6932,1612,8544
7f76a7da7e2d4e82984651c403e26349,unknown,0,0,0
7f7811a07db54b3d96285e9b2c842be8,deepseek-chat,670,326,996
7f7811a07db54b3d96285e9b2c842be8,unknown,0,0,0
7f7838a0b0ec47e3aeb079ae78da36d7,deepseek-chat,2426,954,3380
7f7838a0b0ec47e3aeb079ae78da36d7,unknown,0,0,0
7f7985cab4a84481b51ce38c90b0fbf8,ark/deepseek-v3,467,91,558
7f7985cab4a84481b51ce38c90b0fbf8,unknown,0,0,0
7f7d2cc2b95b4b1da1fb92584ffa7545,deepseek-chat,671,359,1030
7f7d2cc2b95b4b1da1fb92584ffa7545,unknown,0,0,0
7f814f11a7d94218ba5641e07d098b71,deepseek-chat,3885,1336,5221
7f814f11a7d94218ba5641e07d098b71,gpt-4.1,3342,861,4203
7f814f11a7d94218ba5641e07d098b71,unknown,0,0,0
7f82b5d7c21b478b80269952f9ca02c7,ark/deepseek-v3,1173,393,1566
7f82b5d7c21b478b80269952f9ca02c7,deepseek-chat,19170,603,19773
7f82b5d7c21b478b80269952f9ca02c7,unknown,0,0,0
7f912094b97c438ba55bd85bb47244e3,unknown,0,0,0
7f9cb84cad9e4a7bb95f02c1e848d63c,ark/deepseek-v3,2292,955,3247
7f9cb84cad9e4a7bb95f02c1e848d63c,unknown,0,0,0
7f9cc7b75e864d479c317d31d1be7b7c,deepseek-chat,2180,694,2874
7f9cc7b75e864d479c317d31d1be7b7c,unknown,0,0,0
7fa5597a5b66473ca7147a53582a8c60,deepseek-chat,0,0,0
7fa5597a5b66473ca7147a53582a8c60,unknown,0,0,0
7faacc6654624ce184ab99ad71669f2f,ark/deepseek-v3,14232,2199,16431
7faacc6654624ce184ab99ad71669f2f,unknown,0,0,0
7fb32c441700457fa253a746303b0f82,ark/deepseek-v3,1410,202,1612
7fb32c441700457fa253a746303b0f82,unknown,0,0,0
7fb679c8b9734c979efdc2d421cf3108,ark/deepseek-v3-1,903,292,1195
7fb679c8b9734c979efdc2d421cf3108,unknown,0,0,0
7fb7da34a317401db7b262648e21fba7,ark/deepseek-v3-1,1405,739,2144
7fb7da34a317401db7b262648e21fba7,unknown,0,0,0
7fbfc6228a324625bc9ac7fb046ba6c3,deepseek-chat,670,337,1007
7fbfc6228a324625bc9ac7fb046ba6c3,unknown,0,0,0
7fc7cd800b44437890f862e244c73786,deepseek-chat,671,354,1025
7fc7cd800b44437890f862e244c73786,unknown,0,0,0
7fd7ba9635da4daea4c3ce6ea92fb4c0,gpt-4o-mini,38080,6066,44146
7fd7ba9635da4daea4c3ce6ea92fb4c0,unknown,0,0,0
7fd8c5c86b384f23892b1959ccc7c617,ark/deepseek-v3,0,0,0
7fd8c5c86b384f23892b1959ccc7c617,unknown,0,0,0
7fe381ca913b407c8bc880e3acaa9331,deepseek-chat,561,206,767
7fe381ca913b407c8bc880e3acaa9331,unknown,0,0,0
7fe51d40a3064c0d96a0e27a71ddd65d,deepseek-chat,2628,880,3508
7fe51d40a3064c0d96a0e27a71ddd65d,unknown,0,0,0
7fe8c60873c14efa88c5563312312297,ark/deepseek-v3,448,203,651
7fe8c60873c14efa88c5563312312297,unknown,0,0,0
7fedabf275ff461ea90434662abd6fef,deepseek-chat,1020,473,1493
7fedabf275ff461ea90434662abd6fef,unknown,0,0,0
7feea07c7dd548ad8e1d069be7d4621b,deepseek-chat,947,250,1197
7feea07c7dd548ad8e1d069be7d4621b,gpt-4.1,687,246,933
7feea07c7dd548ad8e1d069be7d4621b,unknown,0,0,0
7ff674b029724d7086ddaf488889e05d,deepseek-chat,2094,490,2584
7ff674b029724d7086ddaf488889e05d,unknown,0,0,0
7ff8c34b1c5c426888fc11117a602ef5,deepseek-chat,918,467,1385
7ff8c34b1c5c426888fc11117a602ef5,unknown,0,0,0
7ffba3b288a14a29955035cdedc64cad,ark/deepseek-v3,730,339,1069
7ffba3b288a14a29955035cdedc64cad,unknown,0,0,0
80012c9ab3d04406b4c239854349196d,ark/deepseek-v3,701,198,899
80012c9ab3d04406b4c239854349196d,unknown,0,0,0
80057450f2d945a58d169f6fad2d7f6c,ark/deepseek-v3,1091,272,1363
80057450f2d945a58d169f6fad2d7f6c,unknown,0,0,0
8008055275e34fcfaed1775cbdeba793,deepseek-chat,1042,360,1402
8008055275e34fcfaed1775cbdeba793,gpt-4.1,941,28,969
8008055275e34fcfaed1775cbdeba793,unknown,0,0,0
80081dc99ae2404a8a7be53974b7e68b,deepseek-chat,1054,410,1464
80081dc99ae2404a8a7be53974b7e68b,gpt-4.1,940,27,967
80081dc99ae2404a8a7be53974b7e68b,unknown,0,0,0
801013ef4144449280d0eab9f8d8e280,deepseek-chat,886,471,1357
801013ef4144449280d0eab9f8d8e280,unknown,0,0,0
8012872ba8324d8b83e57dfaf53ccfe0,ark/deepseek-v3,3372,1345,4717
8012872ba8324d8b83e57dfaf53ccfe0,unknown,0,0,0
8015fb0488eb4e40895e088a6e679b0f,ark/deepseek-v3,1455,188,1643
8015fb0488eb4e40895e088a6e679b0f,unknown,0,0,0
801d164868ff43cc8e7d468e87cb8c15,deepseek-chat,670,368,1038
801d164868ff43cc8e7d468e87cb8c15,unknown,0,0,0
801dfef5c91d4313bd5c6c6a0851d73b,deepseek-chat,671,360,1031
801dfef5c91d4313bd5c6c6a0851d73b,unknown,0,0,0
80287e3dc6fc451fa0b135cea9e62555,deepseek-chat,9089,1449,10538
80287e3dc6fc451fa0b135cea9e62555,unknown,0,0,0
802d55e1594d4973b418b8021aefe303,ark/deepseek-v3,4363,1676,6039
802d55e1594d4973b418b8021aefe303,unknown,0,0,0
802e4f8ae8d147f295753842abacf002,deepseek-chat,774,8549,9323
802e4f8ae8d147f295753842abacf002,unknown,0,0,0
8034421f5295491780909e38167c9026,ark/deepseek-v3,1251,251,1502
8034421f5295491780909e38167c9026,unknown,0,0,0
8038950429824fb98ddc370c59548598,deepseek-chat,1374,815,2189
8038950429824fb98ddc370c59548598,unknown,0,0,0
803ccf8835cc4345affcdeb488949c51,ark/deepseek-v3,2272,1258,3530
803ccf8835cc4345affcdeb488949c51,unknown,0,0,0
803e2cf54c7b4efe96693fad4ba33497,deepseek-chat,2221,992,3213
803e2cf54c7b4efe96693fad4ba33497,unknown,0,0,0
8048cbb72a224f7995e8f403e216ad29,ark/deepseek-v3,1699,966,2665
8048cbb72a224f7995e8f403e216ad29,unknown,0,0,0
805b8cc629a54a8a8d6f0cba773a2c98,ark/deepseek-v3,701,204,905
805b8cc629a54a8a8d6f0cba773a2c98,unknown,0,0,0
805d44af89d047acbfa9544de7bc2210,deepseek-chat,4860,120,4980
805d44af89d047acbfa9544de7bc2210,unknown,0,0,0
805db8a1f2a94e74a33b6e7667f6e2da,deepseek-chat,1536,350,1886
805db8a1f2a94e74a33b6e7667f6e2da,unknown,0,0,0
80652c076cba4cdf854347f1e99bb6f1,ark/deepseek-v3,7081,1797,8878
80652c076cba4cdf854347f1e99bb6f1,deepseek-chat,5904,401,6305
80652c076cba4cdf854347f1e99bb6f1,gpt-4.1,1290,88,1378
80652c076cba4cdf854347f1e99bb6f1,unknown,0,0,0
806603f70d694757916ae3a1f9d6f71c,ark/deepseek-v3,465,97,562
806603f70d694757916ae3a1f9d6f71c,unknown,0,0,0
806631cc5e7b437e8f1678539a509542,ark/deepseek-v3,24620,4900,29520
806631cc5e7b437e8f1678539a509542,unknown,0,0,0
807216ec5e364d42b6a6def5d478fc62,deepseek-chat,670,321,991
807216ec5e364d42b6a6def5d478fc62,unknown,0,0,0
8075ba20b21f4d72bc7878090c81bce6,ark/deepseek-v3-1,1405,914,2319
8075ba20b21f4d72bc7878090c81bce6,unknown,0,0,0
807cdd2156d54a418ef823b0b7c8a57e,ark/deepseek-v3,5959,757,6716
807cdd2156d54a418ef823b0b7c8a57e,unknown,0,0,0
8080f2e1e1c24286a2e20d03f59f50ae,deepseek-chat,1357,954,2311
8080f2e1e1c24286a2e20d03f59f50ae,unknown,0,0,0
808223f909784ba79145d7eead2413ca,ark/deepseek-v3,467,96,563
808223f909784ba79145d7eead2413ca,unknown,0,0,0
808494b6ede3484a9d2494121170f61f,deepseek-chat,3292,1391,4683
808494b6ede3484a9d2494121170f61f,unknown,0,0,0
808bbbdd051b4e09bb3a6b7b2f1d2196,deepseek-chat,2592,1325,3917
808bbbdd051b4e09bb3a6b7b2f1d2196,unknown,0,0,0
8095595a176f4efda10f696aab600cec,ark/deepseek-v3,2250,1154,3404
8095595a176f4efda10f696aab600cec,unknown,0,0,0
809c024f726c4e9588ed63088be3ac7e,deepseek-chat,1054,417,1471
809c024f726c4e9588ed63088be3ac7e,gpt-4.1,940,27,967
809c024f726c4e9588ed63088be3ac7e,unknown,0,0,0
809e098e97e94cd58347813b66c5aa92,ark/deepseek-v3,467,125,592
809e098e97e94cd58347813b66c5aa92,unknown,0,0,0
80a7110106314895a91af059b3dc1386,ark/deepseek-v3,701,213,914
80a7110106314895a91af059b3dc1386,unknown,0,0,0
80a762c6778540558c4d03b7020fa215,ark/deepseek-v3,1813,709,2522
80a762c6778540558c4d03b7020fa215,unknown,0,0,0
80acc448206e43a39dc2b7cb833d92a5,deepseek-chat,1566,351,1917
80acc448206e43a39dc2b7cb833d92a5,unknown,0,0,0
80b422c1e509432cb55b91cbb2e12998,ark/deepseek-v3,639,108,747
80b422c1e509432cb55b91cbb2e12998,unknown,0,0,0
80b4c0438ee941ef876989d12ec1a4ee,deepseek-chat,2276,728,3004
80b4c0438ee941ef876989d12ec1a4ee,unknown,0,0,0
80b763fb4004479fbca8545ae92ee08c,deepseek-chat,794,376,1170
80b763fb4004479fbca8545ae92ee08c,unknown,0,0,0
80b8590e95f94119a4bce96ced690fc9,ark/deepseek-v3,2453,1287,3740
80b8590e95f94119a4bce96ced690fc9,unknown,0,0,0
80bd157148464eadbfa06324724f05c7,ark/deepseek-v3,1455,181,1636
80bd157148464eadbfa06324724f05c7,unknown,0,0,0
80c4e6841ed04623a6cead4e7b553ff8,ark/deepseek-v3,701,197,898
80c4e6841ed04623a6cead4e7b553ff8,unknown,0,0,0
80c5ceab183d42e79bd12703f5e583d9,unknown,0,0,0
80cb28aa725b4527aad7f817b0b43a95,deepseek-chat,0,0,0
80cb28aa725b4527aad7f817b0b43a95,unknown,0,0,0
80d07aa3620948dc8b94cc50cd47f5c8,ark/deepseek-v3,2356,396,2752
80d07aa3620948dc8b94cc50cd47f5c8,unknown,0,0,0
80d7feb8112c493aa58d467ed071e187,ark/deepseek-v3,3143,304,3447
80d7feb8112c493aa58d467ed071e187,unknown,0,0,0
80e2c8aaee494c8f8ec6e48a4998a1e0,deepseek-chat,670,316,986
80e2c8aaee494c8f8ec6e48a4998a1e0,unknown,0,0,0
80efd0cd005444f394133d1f6c330ce8,deepseek-chat,0,0,0
80efd0cd005444f394133d1f6c330ce8,unknown,0,0,0
80f6b9dd2f494c95a07ec23bcdd7bf8d,ark/deepseek-v3,701,183,884
80f6b9dd2f494c95a07ec23bcdd7bf8d,unknown,0,0,0
80fd2bc7d39b4081a3f000413bbcc0e7,ark/deepseek-v3,467,136,603
80fd2bc7d39b4081a3f000413bbcc0e7,unknown,0,0,0
80ffb13f621e42be8d3b10c3f64a7723,ark/deepseek-v3,2311,1156,3467
80ffb13f621e42be8d3b10c3f64a7723,unknown,0,0,0
810098daf23849b099bd379a453785c0,ark/deepseek-v3,596,272,868
810098daf23849b099bd379a453785c0,unknown,0,0,0
81042e32c83349f09ccb122358fa56e4,deepseek-chat,561,207,768
81042e32c83349f09ccb122358fa56e4,unknown,0,0,0
810634300351473bad05a0ca3e12de21,ark/deepseek-v3,1089,322,1411
810634300351473bad05a0ca3e12de21,deepseek-chat,5943,198,6141
810634300351473bad05a0ca3e12de21,unknown,0,0,0
810941e49b5942c595e0ef71b348ba00,ark/deepseek-v3,701,186,887
810941e49b5942c595e0ef71b348ba00,unknown,0,0,0
81245d1516a04306a3c339b49d43fd32,ark/deepseek-v3,14874,3497,18371
81245d1516a04306a3c339b49d43fd32,unknown,0,0,0
81247ae5abc842a69b876bc9295f314f,deepseek-chat,1388,523,1911
81247ae5abc842a69b876bc9295f314f,unknown,0,0,0
812db85625ce4ba284410e52d5e5ef2b,ark/deepseek-v3,550,214,764
812db85625ce4ba284410e52d5e5ef2b,unknown,0,0,0
812e74546de440bfb1785f98c29b9204,ark/deepseek-v3,0,0,0
812e74546de440bfb1785f98c29b9204,unknown,0,0,0
81378a1c526148e1a704fa206f985778,ark/deepseek-v3,6175,1968,8143
81378a1c526148e1a704fa206f985778,gpt-4.1,696,54,750
81378a1c526148e1a704fa206f985778,unknown,0,0,0
813950335cc143218011d512d1dca36b,ark/deepseek-v3,467,91,558
813950335cc143218011d512d1dca36b,unknown,0,0,0
81413704e89240b2aff2b2ab1117ff33,ark/deepseek-v3,1251,216,1467
81413704e89240b2aff2b2ab1117ff33,unknown,0,0,0
81422aeb73a7424097ecee27a2da1398,gpt-4.1,1757,536,2293
81422aeb73a7424097ecee27a2da1398,unknown,0,0,0
81426f80cd7449ef976d3c73a240bb08,deepseek-chat,3113,1149,4262
81426f80cd7449ef976d3c73a240bb08,gpt-4.1,3489,762,4251
81426f80cd7449ef976d3c73a240bb08,unknown,0,0,0
814e885e878c4057b037dbab360dc8ef,ark/deepseek-v3,0,0,0
814e885e878c4057b037dbab360dc8ef,unknown,0,0,0
815333f60f974a9d951a689cfbc19765,ark/deepseek-v3,467,92,559
815333f60f974a9d951a689cfbc19765,unknown,0,0,0
815499c4f77842b38abc2a180bdd5e8e,ark/deepseek-v3,6340,1410,7750
815499c4f77842b38abc2a180bdd5e8e,unknown,0,0,0
8157744f10e24165a13c9910c949e28c,ark/deepseek-v3,4217,1139,5356
8157744f10e24165a13c9910c949e28c,unknown,0,0,0
815904b6eff8429bbd79dd12603afdc3,deepseek-chat,1215,740,1955
815904b6eff8429bbd79dd12603afdc3,unknown,0,0,0
815b47279c8c4a6b923bc28b86e71553,ark/deepseek-v3,2338,989,3327
815b47279c8c4a6b923bc28b86e71553,unknown,0,0,0
815b9b20436940b2bafbf681a1c822e8,deepseek-chat,1557,478,2035
815b9b20436940b2bafbf681a1c822e8,unknown,0,0,0
8166e2bd84b24ff8b56a91267bc880e4,deepseek-chat,809,293,1102
8166e2bd84b24ff8b56a91267bc880e4,unknown,0,0,0
8171655555d8485287828b35e806690c,deepseek-chat,2580,1216,3796
8171655555d8485287828b35e806690c,unknown,0,0,0
8171be9265c640f18a1e97776367ef80,ark/deepseek-v3-1,1405,905,2310
8171be9265c640f18a1e97776367ef80,unknown,0,0,0
81766d002f8e45d992f4a720fa2e5b4f,ark/deepseek-v3,5867,664,6531
81766d002f8e45d992f4a720fa2e5b4f,unknown,0,0,0
817b0d27636341479f9c5efea5a66cee,ark/deepseek-v3,1244,491,1735
817b0d27636341479f9c5efea5a66cee,unknown,0,0,0
8180787228c544b79cc9a1777c23552c,ark/deepseek-v3,701,175,876
8180787228c544b79cc9a1777c23552c,unknown,0,0,0
8184e719ffce4f27b4a213018af72615,ark/deepseek-v3,30161,5965,36126
8184e719ffce4f27b4a213018af72615,deepseek-chat,9642,461,10103
8184e719ffce4f27b4a213018af72615,unknown,0,0,0
8187d2f959314271bc60f66b4e710892,ark/deepseek-v3,3144,312,3456
8187d2f959314271bc60f66b4e710892,unknown,0,0,0
818b42bf2797421ea06459c8018d00fc,unknown,0,0,0
818f28a4815e4a0493efbe19987a0274,ark/deepseek-v3,12,333,345
818f28a4815e4a0493efbe19987a0274,deepseek-chat,1339,372,1711
818f28a4815e4a0493efbe19987a0274,unknown,0,0,0
818fb48e238e456b849c52a77df51ad4,ark/deepseek-v3,4661,796,5457
818fb48e238e456b849c52a77df51ad4,unknown,0,0,0
8198aefa796143fd8f0d5a31689a642b,deepseek-chat,848,366,1214
8198aefa796143fd8f0d5a31689a642b,unknown,0,0,0
819b7c526d084e2aa0252837772038bf,ark/deepseek-v3,4168,2046,6214
819b7c526d084e2aa0252837772038bf,unknown,0,0,0
81a31527c2cc4b55ac0d711b0c1ff601,ark/deepseek-v3,1251,216,1467
81a31527c2cc4b55ac0d711b0c1ff601,unknown,0,0,0
81a45892949e4aacaceb6327f69eba74,deepseek-chat,813,253,1066
81a45892949e4aacaceb6327f69eba74,unknown,0,0,0
81b9f18b617f4dc8af04e5c137f30868,deepseek-chat,2166,1331,3497
81b9f18b617f4dc8af04e5c137f30868,unknown,0,0,0
81bb042af29c404989ecbfe1eb7f7a32,ark/deepseek-v3,701,181,882
81bb042af29c404989ecbfe1eb7f7a32,unknown,0,0,0
81bd491121bc4bed9518ed53a3fb5e8e,ark/deepseek-v3,695,82,777
81bd491121bc4bed9518ed53a3fb5e8e,unknown,0,0,0
81c1a20c759e4f5bb000f9ed6e282d30,ark/deepseek-v3,6410,1541,7951
81c1a20c759e4f5bb000f9ed6e282d30,gpt-4.1,640,21,661
81c1a20c759e4f5bb000f9ed6e282d30,unknown,0,0,0
81cbdaaaf3b14c8ba57a4769d7335adf,ark/deepseek-v3,9252,1824,11076
81cbdaaaf3b14c8ba57a4769d7335adf,unknown,0,0,0
81cc930aabd0497a8d7b106b52b41174,ark/deepseek-v3,701,186,887
81cc930aabd0497a8d7b106b52b41174,unknown,0,0,0
81cd3baf106b45bcb63cace1ab07fa25,ark/deepseek-v3,1455,241,1696
81cd3baf106b45bcb63cace1ab07fa25,unknown,0,0,0
81d6b128e77e404ca2b0cbc69c0e2a32,deepseek-chat,717,309,1026
81d6b128e77e404ca2b0cbc69c0e2a32,unknown,0,0,0
81d988e0ea48455f9f720e438614d399,ark/deepseek-v3,5928,1146,7074
81d988e0ea48455f9f720e438614d399,unknown,0,0,0
81e3ff9dceb943d6b85a8b954f3f5d09,deepseek-chat,1401,379,1780
81e3ff9dceb943d6b85a8b954f3f5d09,unknown,0,0,0
81e491244b6a4be8820137ff8b380605,ark/deepseek-v3,5179,1393,6572
81e491244b6a4be8820137ff8b380605,unknown,0,0,0
81ea40522fcf40d1bc4685e70c5f026d,deepseek-chat,2604,791,3395
81ea40522fcf40d1bc4685e70c5f026d,unknown,0,0,0
81ee33997f854963ac739b63acf41821,ark/deepseek-v3,701,216,917
81ee33997f854963ac739b63acf41821,unknown,0,0,0
81fbf2ed50014417b11b8c0424eb1b8e,ark/deepseek-v3,701,182,883
81fbf2ed50014417b11b8c0424eb1b8e,unknown,0,0,0
8209f9c344fc4942ba083a5d70c74436,unknown,0,0,0
820e01d1427c4a46a00f5e24e4a223c5,ark/deepseek-v3,15395,2911,18306
820e01d1427c4a46a00f5e24e4a223c5,deepseek-chat,5110,144,5254
820e01d1427c4a46a00f5e24e4a223c5,unknown,0,0,0
8210056c85b841bf91bd7edd6316d641,ark/deepseek-v3,1392,267,1659
8210056c85b841bf91bd7edd6316d641,unknown,0,0,0
8219903be8c04e05ad27a392bf1b039f,deepseek-chat,981,383,1364
8219903be8c04e05ad27a392bf1b039f,unknown,0,0,0
8220ddf1158740729a42ad274729ff74,deepseek-chat,671,381,1052
8220ddf1158740729a42ad274729ff74,unknown,0,0,0
8226f6722d814d9d9ecda6b5f221e5fd,ark/deepseek-v3,6607,770,7377
8226f6722d814d9d9ecda6b5f221e5fd,unknown,0,0,0
8232800dc7dd4a429cea11ea05aa87b7,ark/deepseek-v3,8033,1415,9448
8232800dc7dd4a429cea11ea05aa87b7,unknown,0,0,0
8242e450f0474e0383442e8547c09a6c,ark/deepseek-v3,0,0,0
8242e450f0474e0383442e8547c09a6c,unknown,0,0,0
8251796ab4394bf887a9938359ec58e1,ark/deepseek-v3,24810,5068,29878
8251796ab4394bf887a9938359ec58e1,unknown,0,0,0
82569ea9cf71412dbcdfbebdc3c56981,deepseek-chat,2327,985,3312
82569ea9cf71412dbcdfbebdc3c56981,unknown,0,0,0
8257d385d23249cc82f0d5ebafc01a5b,deepseek-chat,2076,943,3019
8257d385d23249cc82f0d5ebafc01a5b,unknown,0,0,0
826038016488435f8d132a563726167f,ark/deepseek-v3,1455,214,1669
826038016488435f8d132a563726167f,unknown,0,0,0
82628f4d8e1a418bbe81e52cc6c6af5d,ark/deepseek-v3,1060,406,1466
82628f4d8e1a418bbe81e52cc6c6af5d,deepseek-chat,0,0,0
82628f4d8e1a418bbe81e52cc6c6af5d,unknown,0,0,0
826c90b52b444f279dba39544ae2fb26,ark/deepseek-v3,701,213,914
826c90b52b444f279dba39544ae2fb26,unknown,0,0,0
8277fd4736c64f8896ab38e09ecc6547,deepseek-chat,0,0,0
8277fd4736c64f8896ab38e09ecc6547,unknown,0,0,0
827aedc51239447488689910e85eb31d,ark/deepseek-v3-1,2429,1398,3827
827aedc51239447488689910e85eb31d,gpt-4.1,2553,340,2893
827aedc51239447488689910e85eb31d,unknown,0,0,0
828232aa8e24482d972034bb984e3bb1,ark/deepseek-v3,0,0,0
828232aa8e24482d972034bb984e3bb1,unknown,0,0,0
828807c0ff164daea77507af2a7ecad9,ark/deepseek-v3,1497,709,2206
828807c0ff164daea77507af2a7ecad9,unknown,0,0,0
829372956e2148b29910cd69d98eb7da,deepseek-chat,671,359,1030
829372956e2148b29910cd69d98eb7da,unknown,0,0,0
8294d689fc5640508c376d397319d94e,ark/deepseek-v3,4859,1190,6049
8294d689fc5640508c376d397319d94e,unknown,0,0,0
8295a4ab75f6470cb143700007c98965,deepseek-chat,1121,265,1386
8295a4ab75f6470cb143700007c98965,unknown,0,0,0
82984e78fb2d4757908933b8af9b7f2f,deepseek-chat,795,521,1316
82984e78fb2d4757908933b8af9b7f2f,unknown,0,0,0
829a401c61cd45ccb3e4a9b907c1c446,deepseek-chat,754,250,1004
829a401c61cd45ccb3e4a9b907c1c446,unknown,0,0,0
82a5211ea24a444a9ccdf5fe79979ac7,deepseek-chat,1440,549,1989
82a5211ea24a444a9ccdf5fe79979ac7,unknown,0,0,0
82a887d20a784912b5d617c2fe096d18,deepseek-chat,2222,838,3060
82a887d20a784912b5d617c2fe096d18,unknown,0,0,0
82a8948d7e654c4cbfc177c59cb57490,ark/deepseek-v3,1455,164,1619
82a8948d7e654c4cbfc177c59cb57490,unknown,0,0,0
82b2125633e141e5bb06894843d73d96,deepseek-chat,1569,318,1887
82b2125633e141e5bb06894843d73d96,unknown,0,0,0
82b69eb3b1674b2c99f35ddf40a851e7,ark/deepseek-v3,758,103,861
82b69eb3b1674b2c99f35ddf40a851e7,unknown,0,0,0
82c6d22c209e4ab896d4317ced3b6513,ark/deepseek-v3,701,175,876
82c6d22c209e4ab896d4317ced3b6513,unknown,0,0,0
82ce179c6cda4f8dac0746b3ca3c24f2,ark/deepseek-v3,701,197,898
82ce179c6cda4f8dac0746b3ca3c24f2,unknown,0,0,0
82ce1eb8bffd40b9a3f1cad6e2873a51,deepseek-chat,2202,871,3073
82ce1eb8bffd40b9a3f1cad6e2873a51,unknown,0,0,0
82cf57112b604fa99276d19e050d774b,deepseek-chat,5917,1648,7565
82cf57112b604fa99276d19e050d774b,unknown,0,0,0
82d32b12bbbe4bce96958e2c2546f29f,ark/deepseek-v3,617,345,962
82d32b12bbbe4bce96958e2c2546f29f,unknown,0,0,0
82d9be60cf0349c1b17e81d5adb0dea8,ark/deepseek-v3,465,110,575
82d9be60cf0349c1b17e81d5adb0dea8,unknown,0,0,0
82dd2adbeb3b4d0495422d4bffee9e2b,ark/deepseek-v3,467,95,562
82dd2adbeb3b4d0495422d4bffee9e2b,unknown,0,0,0
82e152c961604525a1d946707213e115,ark/deepseek-v3,701,197,898
82e152c961604525a1d946707213e115,unknown,0,0,0
82ecc627e74c4150b5a0ae83eda9a07f,deepseek-chat,0,0,0
82ecc627e74c4150b5a0ae83eda9a07f,unknown,0,0,0
82f84a51e9e94fc5a86d563b3f69e21f,ark/deepseek-v3,1509,722,2231
82f84a51e9e94fc5a86d563b3f69e21f,unknown,0,0,0
8301533993ab44118e7075f87233fe73,ark/deepseek-v3,8769,880,9649
8301533993ab44118e7075f87233fe73,unknown,0,0,0
83018f1e30234452a56aad06a27a6ce9,deepseek-chat,2579,1182,3761
83018f1e30234452a56aad06a27a6ce9,gpt-4.1,3362,913,4275
83018f1e30234452a56aad06a27a6ce9,unknown,0,0,0
830ac2ee0d0b41af8a2188d41fe72558,ark/deepseek-v3,1455,148,1603
830ac2ee0d0b41af8a2188d41fe72558,unknown,0,0,0
830f8a1f5b9b4b4f8e7e25806a200043,deepseek-chat,93,858,951
830f8a1f5b9b4b4f8e7e25806a200043,unknown,0,0,0
8310a863955d44d9962f11b1827aa1b3,deepseek-chat,935,233,1168
8310a863955d44d9962f11b1827aa1b3,gpt-4.1,1613,338,1951
8310a863955d44d9962f11b1827aa1b3,unknown,0,0,0
8321be99924f47e4b5e14055e1bf6bc7,deepseek-chat,1434,1129,2563
8321be99924f47e4b5e14055e1bf6bc7,unknown,0,0,0
832af990a2404290a51504d8e18e820f,ark/deepseek-v3,465,90,555
832af990a2404290a51504d8e18e820f,unknown,0,0,0
832b888e4d0b4dcab460c1e3d2db6033,ark/deepseek-v3,3143,317,3460
832b888e4d0b4dcab460c1e3d2db6033,unknown,0,0,0
8330c098856048fbaff1043cd292f663,deepseek-chat,561,207,768
8330c098856048fbaff1043cd292f663,unknown,0,0,0
833a8404fb69458186420d9f63ff1900,ark/deepseek-v3,3143,302,3445
833a8404fb69458186420d9f63ff1900,unknown,0,0,0
833edcb9096245c182ed769afd866fef,deepseek-chat,1581,377,1958
833edcb9096245c182ed769afd866fef,unknown,0,0,0
834709bf2efe44d0a38f5051f85b9695,deepseek-chat,561,207,768
834709bf2efe44d0a38f5051f85b9695,unknown,0,0,0
8347439e6835449bb55b7d00c6df26ec,deepseek-chat,2596,1188,3784
8347439e6835449bb55b7d00c6df26ec,unknown,0,0,0
83483ae9418640849567376b3f1ae059,deepseek-chat,0,0,0
83483ae9418640849567376b3f1ae059,unknown,0,0,0
83488c5ff8874742bbc11740bc6635a1,ark/deepseek-v3,1089,297,1386
83488c5ff8874742bbc11740bc6635a1,unknown,0,0,0
834b7d3abf44413ea743cdee5cc93535,deepseek-chat,561,207,768
834b7d3abf44413ea743cdee5cc93535,unknown,0,0,0
83547939c2614fdd897914b79a69af09,ark/deepseek-v3,1096,361,1457
83547939c2614fdd897914b79a69af09,deepseek-chat,5799,219,6018
83547939c2614fdd897914b79a69af09,unknown,0,0,0
83559bc8dd10415cb5334f91ffe09dfb,deepseek-chat,905,574,1479
83559bc8dd10415cb5334f91ffe09dfb,unknown,0,0,0
83559e23edd246c2b8a9915f86891852,deepseek-chat,8364,1114,9478
83559e23edd246c2b8a9915f86891852,unknown,0,0,0
83592775024b401e9a2ff0342c5ee461,deepseek-chat,4145,1666,5811
83592775024b401e9a2ff0342c5ee461,gpt-4.1,3415,974,4389
83592775024b401e9a2ff0342c5ee461,unknown,0,0,0
8369683dea7f490f8d55f6fe8918c20c,ark/deepseek-v3,1121,382,1503
8369683dea7f490f8d55f6fe8918c20c,unknown,0,0,0
8373bd33f1364b109225fd48b95b3b8a,deepseek-chat,671,443,1114
8373bd33f1364b109225fd48b95b3b8a,unknown,0,0,0
837d225f79b0431f98abf82cfa11046f,deepseek-chat,455,249,704
837d225f79b0431f98abf82cfa11046f,unknown,0,0,0
83815d97f6d54e2899dcf73204c3acb1,deepseek-chat,3261,1250,4511
83815d97f6d54e2899dcf73204c3acb1,gpt-4.1,3324,742,4066
83815d97f6d54e2899dcf73204c3acb1,unknown,0,0,0
838a36795ede4ba1a69d2f1ac4d2bf22,ark/deepseek-v3,0,0,0
838a36795ede4ba1a69d2f1ac4d2bf22,unknown,0,0,0
8394938f03a24a5eb78a92bdf6f19d96,deepseek-chat,932,230,1162
8394938f03a24a5eb78a92bdf6f19d96,gpt-4.1,672,256,928
8394938f03a24a5eb78a92bdf6f19d96,unknown,0,0,0
8396ac7318ca4032a1f0f446b0d1021a,deepseek-chat,932,230,1162
8396ac7318ca4032a1f0f446b0d1021a,gpt-4.1,672,231,903
8396ac7318ca4032a1f0f446b0d1021a,unknown,0,0,0
839728672a884ee68cd4ea9c076322f3,ark/deepseek-v3,1937,380,2317
839728672a884ee68cd4ea9c076322f3,unknown,0,0,0
839bb4abb53d42178a6294a4a3c19a31,ark/deepseek-v3,15983,3055,19038
839bb4abb53d42178a6294a4a3c19a31,unknown,0,0,0
839db6e8e24642ec900a673606966d5c,deepseek-chat,1377,143,1520
839db6e8e24642ec900a673606966d5c,unknown,0,0,0
83a4226358814a8988117b12405219e4,ark/deepseek-v3,4505,342,4847
83a4226358814a8988117b12405219e4,deepseek-chat,8271,140,8411
83a4226358814a8988117b12405219e4,unknown,0,0,0
83a83dc9582b4be7a39b1b8398526bb6,deepseek-chat,1539,261,1800
83a83dc9582b4be7a39b1b8398526bb6,unknown,0,0,0
83b060adc1374915be45be75c7d0a5b1,ark/deepseek-v3,701,183,884
83b060adc1374915be45be75c7d0a5b1,unknown,0,0,0
83b99265e24d47c5bff393d286cf8ac8,ark/deepseek-v3,0,0,0
83b99265e24d47c5bff393d286cf8ac8,unknown,0,0,0
83bd3a77579443818f51d740db0b7d5c,unknown,0,0,0
83c12ba5f1454ff3a4e2c49ae2227b1c,ark/deepseek-v3,6932,1481,8413
83c12ba5f1454ff3a4e2c49ae2227b1c,unknown,0,0,0
83c1aedb4d0647f6855eb008aea64853,ark/deepseek-v3,3427,1403,4830
83c1aedb4d0647f6855eb008aea64853,unknown,0,0,0
83c27abb93a0436a9b3c409fbaf1a065,ark/deepseek-v3-1,1405,961,2366
83c27abb93a0436a9b3c409fbaf1a065,unknown,0,0,0
83c2d8aa17a34620a1b5e423f4cb5cd3,ark/deepseek-v3,465,99,564
83c2d8aa17a34620a1b5e423f4cb5cd3,unknown,0,0,0
83c4de9bed9a44c8991111711c38442e,ark/deepseek-v3,1455,191,1646
83c4de9bed9a44c8991111711c38442e,unknown,0,0,0
83c5ccab17534b75aef57186236526da,deepseek-chat,803,547,1350
83c5ccab17534b75aef57186236526da,unknown,0,0,0
83c95a669e4345398dfd6135e9c84030,ark/deepseek-v3,1888,810,2698
83c95a669e4345398dfd6135e9c84030,unknown,0,0,0
83d71d2c47114b58adc37a1b21f5d2a4,deepseek-chat,841,445,1286
83d71d2c47114b58adc37a1b21f5d2a4,unknown,0,0,0
83dec75fa76440b2a23a9c75171dacd7,ark/deepseek-v3,637,242,879
83dec75fa76440b2a23a9c75171dacd7,unknown,0,0,0
83e5ed7c60c5426fb94e35b41c1c7358,ark/deepseek-v3,1662,148,1810
83e5ed7c60c5426fb94e35b41c1c7358,unknown,0,0,0
83edd43fa89e41b2a671bed6f5f60efb,deepseek-chat,1052,399,1451
83edd43fa89e41b2a671bed6f5f60efb,gpt-4.1,941,28,969
83edd43fa89e41b2a671bed6f5f60efb,unknown,0,0,0
83f10d9b2c214dcb8842f5a9922dd86d,unknown,0,0,0
83fb75aa69fb4286aca1b3aec9b5f2c7,deepseek-chat,7073,651,7724
83fb75aa69fb4286aca1b3aec9b5f2c7,gpt-4.1,1616,220,1836
83fb75aa69fb4286aca1b3aec9b5f2c7,unknown,0,0,0
840146b9c6ad41e9925ae9548d8853a9,deepseek-chat,934,232,1166
840146b9c6ad41e9925ae9548d8853a9,gpt-4.1,675,209,884
840146b9c6ad41e9925ae9548d8853a9,unknown,0,0,0
8403952f763c4cd58c663e3ac06227ed,deepseek-chat,3892,1540,5432
8403952f763c4cd58c663e3ac06227ed,gpt-4.1,4191,966,5157
8403952f763c4cd58c663e3ac06227ed,unknown,0,0,0
84073de8506044088c1f64a1cf88df6f,ark/deepseek-v3-1,1933,1343,3276
84073de8506044088c1f64a1cf88df6f,unknown,0,0,0
840b754581ad499280950dcc23457ab9,deepseek-chat,561,207,768
840b754581ad499280950dcc23457ab9,unknown,0,0,0
84113983bae3491c82d5722b88511569,ark/deepseek-v3,1155,272,1427
84113983bae3491c82d5722b88511569,unknown,0,0,0
841d57a0e7514770b72e7ba4007d754e,ark/deepseek-v3,2179,1081,3260
841d57a0e7514770b72e7ba4007d754e,unknown,0,0,0
841e8590e7d14a648235fa10dafce01d,ark/deepseek-v3-1,1073,426,1499
841e8590e7d14a648235fa10dafce01d,unknown,0,0,0
841f96f016af481388c6e9c60668a602,deepseek-chat,670,327,997
841f96f016af481388c6e9c60668a602,unknown,0,0,0
8422f80d94c847548dd4d4057a840ff6,deepseek-chat,561,207,768
8422f80d94c847548dd4d4057a840ff6,unknown,0,0,0
842a7a6b9e2644269a029fdd3d7c2806,deepseek-chat,1160,334,1494
842a7a6b9e2644269a029fdd3d7c2806,unknown,0,0,0
842af6e46cac493bb433a8e9f18b8b01,ark/deepseek-v3,1957,833,2790
842af6e46cac493bb433a8e9f18b8b01,unknown,0,0,0
84301e3428584a2c9d38f0b2a9fc6c59,ark/deepseek-v3,1837,394,2231
84301e3428584a2c9d38f0b2a9fc6c59,unknown,0,0,0
843ab3c3d3094768b2f0e86c2c978153,deepseek-chat,0,0,0
843ab3c3d3094768b2f0e86c2c978153,unknown,0,0,0
844fd51d862d46b3b82f94aba6596b3e,ark/deepseek-v3,113,1042,1155
844fd51d862d46b3b82f94aba6596b3e,unknown,0,0,0
845ec87628ea4b0a926c1cbce1af2b42,ark/deepseek-v3,1570,522,2092
845ec87628ea4b0a926c1cbce1af2b42,unknown,0,0,0
846b87c13cfc499fb358377f8c07113d,ark/deepseek-v3,5105,828,5933
846b87c13cfc499fb358377f8c07113d,unknown,0,0,0
8475712fcb50497f8041220056aca83f,ark/deepseek-v3,4210,2173,6383
8475712fcb50497f8041220056aca83f,unknown,0,0,0
8476fd64692145f1b7034d2fb3f10d72,ark/deepseek-v3-1,4449,1801,6250
8476fd64692145f1b7034d2fb3f10d72,gpt-4.1,3116,1130,4246
8476fd64692145f1b7034d2fb3f10d72,unknown,0,0,0
8480db216c894a2aa867310b1f717ef8,deepseek-chat,561,207,768
8480db216c894a2aa867310b1f717ef8,unknown,0,0,0
84882a07e79e462888e42ae90119501e,ark/deepseek-v3-1,1405,779,2184
84882a07e79e462888e42ae90119501e,unknown,0,0,0
8489e49c7fd049dd82b4299a7ead00c2,deepseek-chat,0,0,0
8489e49c7fd049dd82b4299a7ead00c2,unknown,0,0,0
848a84a9630b42a5897563aae7002e02,deepseek-chat,925,377,1302
848a84a9630b42a5897563aae7002e02,unknown,0,0,0
848b8d85d005412299e6f43ff9c8e2db,ark/deepseek-v3,467,94,561
848b8d85d005412299e6f43ff9c8e2db,unknown,0,0,0
848ce6ee2b624c8697a6b8fd616694e1,deepseek-chat,1436,550,1986
848ce6ee2b624c8697a6b8fd616694e1,unknown,0,0,0
849563b5cb35457cb15d26d5f2fe5f5b,ark/deepseek-v3,1844,775,2619
849563b5cb35457cb15d26d5f2fe5f5b,unknown,0,0,0
84ae167921c948439a9fc4f61b2439fb,deepseek-chat,0,0,0
84ae167921c948439a9fc4f61b2439fb,unknown,0,0,0
84b0d78f6b6d4661975dd64783f2041c,ark/deepseek-v3,695,75,770
84b0d78f6b6d4661975dd64783f2041c,unknown,0,0,0
84b84dbe59e146e08898df0540e934ed,unknown,0,0,0
84b85665cedd4341a314e89fe86aef18,ark/deepseek-v3,467,93,560
84b85665cedd4341a314e89fe86aef18,unknown,0,0,0
84bb3dd9110b48ffbff419090cd2ef5c,ark/deepseek-v3-1,1891,679,2570
84bb3dd9110b48ffbff419090cd2ef5c,gpt-4.1,1062,28,1090
84bb3dd9110b48ffbff419090cd2ef5c,unknown,0,0,0
84c1b0afcb8f4ff182d9e44ad1de2bb8,unknown,0,0,0
84c5ea40fded45b18946e32ecbd40eee,deepseek-chat,1033,300,1333
84c5ea40fded45b18946e32ecbd40eee,unknown,0,0,0
84d2298db3e540b6800718dd85ad0c9d,deepseek-chat,288,371,659
84d2298db3e540b6800718dd85ad0c9d,gpt-4o-2024-05-13,607,27,634
84d2298db3e540b6800718dd85ad0c9d,unknown,0,0,0
84e2dcc21c724d3badd7aaa77bc07248,ark/deepseek-v3,8024,1669,9693
84e2dcc21c724d3badd7aaa77bc07248,unknown,0,0,0
84e3acbdf02b4fdba136c99b664d3818,deepseek-chat,670,359,1029
84e3acbdf02b4fdba136c99b664d3818,unknown,0,0,0
84e7f736b9ec43d9b0acdd04f7233c1b,deepseek-chat,0,0,0
84e7f736b9ec43d9b0acdd04f7233c1b,unknown,0,0,0
84e9062f19384e729d6b3b866dc299a2,ark/deepseek-v3,1837,356,2193
84e9062f19384e729d6b3b866dc299a2,unknown,0,0,0
84eb9c0f34e54303a0ea7c13da07aef0,ark/deepseek-v3,701,200,901
84eb9c0f34e54303a0ea7c13da07aef0,unknown,0,0,0
84ebed35d5f344ce8af431e98e668ced,ark/deepseek-v3,3894,439,4333
84ebed35d5f344ce8af431e98e668ced,unknown,0,0,0
84f0365824d84b90bdd92bfcb4789ea8,ark/deepseek-v3,1455,196,1651
84f0365824d84b90bdd92bfcb4789ea8,unknown,0,0,0
84f5feac5a634eda839408e475528fd4,ark/deepseek-v3,1065,274,1339
84f5feac5a634eda839408e475528fd4,unknown,0,0,0
84fae8ca82a843008c772f1c9fee85e7,ark/deepseek-v3,1089,225,1314
84fae8ca82a843008c772f1c9fee85e7,unknown,0,0,0
8501eb5a4bee4dcd99576031fe67c426,deepseek-chat,2240,1026,3266
8501eb5a4bee4dcd99576031fe67c426,unknown,0,0,0
8507e3dc94ff40da95569d2aa4214018,ark/deepseek-v3,743,255,998
8507e3dc94ff40da95569d2aa4214018,unknown,0,0,0
85080bbc7b604a84a3ba8088b1c9f0ea,deepseek-chat,691,224,915
85080bbc7b604a84a3ba8088b1c9f0ea,unknown,0,0,0
8509c8f63adf4587aed397153806eebd,ark/deepseek-v3-1,641,672,1313
8509c8f63adf4587aed397153806eebd,unknown,0,0,0
85118fcedb2e4cfb9377573de0a8d8a0,deepseek-chat,718,269,987
85118fcedb2e4cfb9377573de0a8d8a0,unknown,0,0,0
85122c477164493899b0205bd06b73b8,deepseek-chat,2037,842,2879
85122c477164493899b0205bd06b73b8,unknown,0,0,0
8516623bee8644efad34b2be093ec167,ark/deepseek-v3,6861,1548,8409
8516623bee8644efad34b2be093ec167,gpt-4.1,662,58,720
8516623bee8644efad34b2be093ec167,unknown,0,0,0
8517dd1b86fc48f6b425e5bfebd39dd1,deepseek-chat,0,0,0
8517dd1b86fc48f6b425e5bfebd39dd1,unknown,0,0,0
85182462903a4e59843639e4a056d61c,ark/deepseek-v3-1,3163,1344,4507
85182462903a4e59843639e4a056d61c,unknown,0,0,0
851fc4c36c5f4f27ae880b06f5e82284,ark/deepseek-v3,695,71,766
851fc4c36c5f4f27ae880b06f5e82284,unknown,0,0,0
8525a2b12cc84be8a023d807bdaf31bd,deepseek-chat,1514,309,1823
8525a2b12cc84be8a023d807bdaf31bd,gpt-4.1,2451,881,3332
8525a2b12cc84be8a023d807bdaf31bd,unknown,0,0,0
8527baa560ca4f129af3acb80ef611b6,ark/deepseek-v3,465,101,566
8527baa560ca4f129af3acb80ef611b6,unknown,0,0,0
85305122a75b481ebde94033e78fd412,unknown,0,0,0
8531b315a85a4bfdb62668e1669dee0f,deepseek-chat,0,0,0
8531b315a85a4bfdb62668e1669dee0f,unknown,0,0,0
8531f9a2c93340be9288b125736a5883,ark/deepseek-v3,14071,2731,16802
8531f9a2c93340be9288b125736a5883,unknown,0,0,0
85359a1c495c4d0283d7fd6e5b582854,ark/deepseek-v3,2982,260,3242
85359a1c495c4d0283d7fd6e5b582854,unknown,0,0,0
853e486454b14fd0bbc91757bec23292,deepseek-chat,0,0,0
853e486454b14fd0bbc91757bec23292,unknown,0,0,0
85417405c0c7409ea7ed07184837968d,ark/deepseek-v3,8204,1403,9607
85417405c0c7409ea7ed07184837968d,unknown,0,0,0
854c95e9bacf40199119aabef27ecd97,ark/deepseek-v3,636,331,967
854c95e9bacf40199119aabef27ecd97,unknown,0,0,0
854ee4bfb09e4da3a6cff38b2748e17d,ark/deepseek-v3,1455,219,1674
854ee4bfb09e4da3a6cff38b2748e17d,unknown,0,0,0
854fcc69793d4ec2b9b57d9d154bf056,deepseek-chat,3463,301,3764
854fcc69793d4ec2b9b57d9d154bf056,unknown,0,0,0
855e1420beeb47fe8e25b6cdf7659ae6,deepseek-chat,840,424,1264
855e1420beeb47fe8e25b6cdf7659ae6,unknown,0,0,0
85616d943e9d43cc8b323ef6a9f84991,ark/deepseek-v3,3083,601,3684
85616d943e9d43cc8b323ef6a9f84991,unknown,0,0,0
856736b1a3c04accaef7727dfd57f3f0,deepseek-chat,561,207,768
856736b1a3c04accaef7727dfd57f3f0,unknown,0,0,0
8569260e5d1146beb7c04d59bb3f0eb5,ark/deepseek-v3,467,86,553
8569260e5d1146beb7c04d59bb3f0eb5,unknown,0,0,0
85746f1b0632475a91e032a07b5e4f75,deepseek-chat,1213,419,1632
85746f1b0632475a91e032a07b5e4f75,unknown,0,0,0
8574b37788c64adcb02ee791c1b4174e,ark/deepseek-v3,1065,294,1359
8574b37788c64adcb02ee791c1b4174e,unknown,0,0,0
85769b7506434ac9b067fce076e16773,ark/deepseek-v3,6090,1871,7961
85769b7506434ac9b067fce076e16773,gpt-4.1,674,33,707
85769b7506434ac9b067fce076e16773,unknown,0,0,0
85789ffa65c245e1b78785cea46f0d65,deepseek-chat,5244,1921,7165
85789ffa65c245e1b78785cea46f0d65,unknown,0,0,0
857f2c2c59a941fc9f9e8d42cce78172,deepseek-chat,0,0,0
857f2c2c59a941fc9f9e8d42cce78172,unknown,0,0,0
858a54765f1646ccb06773c058afc822,deepseek-chat,1410,661,2071
858a54765f1646ccb06773c058afc822,unknown,0,0,0
858ba49fda4c4581a372fbc72d677915,ark/deepseek-v3,3144,290,3434
858ba49fda4c4581a372fbc72d677915,deepseek-chat,4957,127,5084
858ba49fda4c4581a372fbc72d677915,unknown,0,0,0
85a37377b6dd42b797051b1e49d86c44,ark/deepseek-v3-1,1329,936,2265
85a37377b6dd42b797051b1e49d86c44,unknown,0,0,0
85a953a8b079415a83f42a7631277986,deepseek-chat,2104,628,2732
85a953a8b079415a83f42a7631277986,unknown,0,0,0
85aae437f82948c49d219d5534bdb6cc,ark/deepseek-v3,467,96,563
85aae437f82948c49d219d5534bdb6cc,unknown,0,0,0
85b350ae9c5541e6be3c65bc3feea2f8,deepseek-chat,815,381,1196
85b350ae9c5541e6be3c65bc3feea2f8,unknown,0,0,0
85b410720bfb441a8102c2d8c2780d53,ark/deepseek-v3,3144,313,3457
85b410720bfb441a8102c2d8c2780d53,unknown,0,0,0
85b634f07ba6407b85ed0dba508f5d98,ark/deepseek-v3,3410,808,4218
85b634f07ba6407b85ed0dba508f5d98,unknown,0,0,0
85b81c84fdad410cb1e96e694ff8cece,deepseek-chat,21,314,335
85b81c84fdad410cb1e96e694ff8cece,unknown,0,0,0
85b8f6083a834445a722839ceb93eed2,deepseek-chat,1369,419,1788
85b8f6083a834445a722839ceb93eed2,unknown,0,0,0
85ca1f137a874961972e13bcd6d58395,unknown,0,0,0
85ca3e45d8c641038a12c24932c68a4f,ark/deepseek-v3,467,95,562
85ca3e45d8c641038a12c24932c68a4f,unknown,0,0,0
85cad684e49e46b9b51ec67011069858,ark/deepseek-v3,5054,1176,6230
85cad684e49e46b9b51ec67011069858,unknown,0,0,0
85d5b6af37c340f6932a86a7bf067115,ark/deepseek-v3,1204,589,1793
85d5b6af37c340f6932a86a7bf067115,unknown,0,0,0
85dfd6145f51413eb668bc0688c67df4,ark/deepseek-v3-1,1405,646,2051
85dfd6145f51413eb668bc0688c67df4,unknown,0,0,0
85e4b47924b442aaa5761d5cc52fb921,deepseek-chat,950,375,1325
85e4b47924b442aaa5761d5cc52fb921,unknown,0,0,0
85e8032840164e25806e285becfc251a,deepseek-chat,10380,2544,12924
85e8032840164e25806e285becfc251a,unknown,0,0,0
85ebf249235c4da1a8ecf6913755218c,ark/deepseek-v3-1,1405,865,2270
85ebf249235c4da1a8ecf6913755218c,unknown,0,0,0
85f22717f62f43a2809d6d78766e090a,ark/deepseek-v3-1,1329,972,2301
85f22717f62f43a2809d6d78766e090a,unknown,0,0,0
85fc9dfdcc4d41c79ce6c87eae85c472,deepseek-chat,916,391,1307
85fc9dfdcc4d41c79ce6c87eae85c472,unknown,0,0,0
85fcbef4ffba496885608c0fa1921abd,ark/deepseek-v3,782,157,939
85fcbef4ffba496885608c0fa1921abd,unknown,0,0,0
860b11fd0f4f463cab8a93a06d2bd274,deepseek-chat,670,369,1039
860b11fd0f4f463cab8a93a06d2bd274,unknown,0,0,0
8619799ca6ac4d3ba630018b1e91b08c,ark/deepseek-v3,465,123,588
8619799ca6ac4d3ba630018b1e91b08c,unknown,0,0,0
862e89c41909496bace18e76a537f7c4,deepseek-chat,754,235,989
862e89c41909496bace18e76a537f7c4,unknown,0,0,0
862fae49bc664840b8affeadf13568b9,deepseek-chat,2205,912,3117
862fae49bc664840b8affeadf13568b9,unknown,0,0,0
8637349d3b95431a8ef0a76447ae1ea9,ark/deepseek-v3,6815,1363,8178
8637349d3b95431a8ef0a76447ae1ea9,unknown,0,0,0
8640e4c37fe64550a5818246d9088bb9,deepseek-chat,754,309,1063
8640e4c37fe64550a5818246d9088bb9,unknown,0,0,0
864b796ba1b4450d80fa16c0f32d6013,ark/deepseek-v3,832,115,947
864b796ba1b4450d80fa16c0f32d6013,unknown,0,0,0
864e5c07445d409ebaa8aa450ef7b27d,deepseek-chat,1308,289,1597
864e5c07445d409ebaa8aa450ef7b27d,gpt-4.1,4098,648,4746
864e5c07445d409ebaa8aa450ef7b27d,unknown,0,0,0
8650c819be294746b0bd9cd2e3d7be80,ark/deepseek-v3,467,85,552
8650c819be294746b0bd9cd2e3d7be80,unknown,0,0,0
86636c876c764034bf073ee1d9beaf2b,deepseek-chat,1251,546,1797
86636c876c764034bf073ee1d9beaf2b,unknown,0,0,0
866a0629f78844ec962e698d036abcc2,ark/deepseek-v3-1,1329,890,2219
866a0629f78844ec962e698d036abcc2,unknown,0,0,0
86722ab4f96b485b9d2530208a5ed5c7,ark/deepseek-v3,701,175,876
86722ab4f96b485b9d2530208a5ed5c7,unknown,0,0,0
8676d61686e744c6b8c3453f9b9254a8,ark/deepseek-v3,7552,1384,8936
8676d61686e744c6b8c3453f9b9254a8,unknown,0,0,0
8678bab5959549219c5d524708729b13,ark/deepseek-v3,7031,3239,10270
8678bab5959549219c5d524708729b13,unknown,0,0,0
867bbf9a455b485bb58a13ef8774caaf,ark/kimi-k2,1704,92,1796
867bbf9a455b485bb58a13ef8774caaf,gpt-4.1,2040,413,2453
867bbf9a455b485bb58a13ef8774caaf,unknown,0,0,0
867e589465a8427ca0fed7135ed6614f,ark/deepseek-v3,1311,372,1683
867e589465a8427ca0fed7135ed6614f,unknown,0,0,0
8681d15e88d54789bf5cc12a5a6d52db,ark/deepseek-v3,1813,918,2731
8681d15e88d54789bf5cc12a5a6d52db,unknown,0,0,0
8683d747204e4001912637770e4b2f31,deepseek-chat,3635,1469,5104
8683d747204e4001912637770e4b2f31,gpt-4.1,4265,919,5184
8683d747204e4001912637770e4b2f31,unknown,0,0,0
868afde9dd3b499cbc4f5e962c18a820,ark/deepseek-v3-1,4072,1434,5506
868afde9dd3b499cbc4f5e962c18a820,unknown,0,0,0
868f372264714a7da29fa9293c15f503,ark/deepseek-v3,2377,1334,3711
868f372264714a7da29fa9293c15f503,ark/deepseek-v3-1,0,0,0
868f372264714a7da29fa9293c15f503,unknown,0,0,0
86914ac9c26242078400ec3cde28f1f0,ark/deepseek-v3,6176,1839,8015
86914ac9c26242078400ec3cde28f1f0,gpt-4.1,1290,73,1363
86914ac9c26242078400ec3cde28f1f0,unknown,0,0,0
86920d4a37b94105895e28a03a434b1b,deepseek-chat,670,310,980
86920d4a37b94105895e28a03a434b1b,unknown,0,0,0
869e8b02446c421cb372cabbd8c8884c,ark/deepseek-v3,4136,1269,5405
869e8b02446c421cb372cabbd8c8884c,unknown,0,0,0
86a81e558c8d4dcf9137e914b06a72ef,ark/deepseek-v3-1,877,613,1490
86a81e558c8d4dcf9137e914b06a72ef,unknown,0,0,0
86a9e541e3294c1ab9cad639ce6d7c74,ark/deepseek-v3,5647,493,6140
86a9e541e3294c1ab9cad639ce6d7c74,unknown,0,0,0
86b66848f28b4d729f61151b19ca808e,ark/deepseek-v3,4437,1657,6094
86b66848f28b4d729f61151b19ca808e,unknown,0,0,0
86bcf4f7e0ff42d29d315a57ff38d028,ark/deepseek-v3,1150,490,1640
86bcf4f7e0ff42d29d315a57ff38d028,unknown,0,0,0
86c8064ff015493c8c9c5e2aba5ee49f,ark/deepseek-v3,3144,290,3434
86c8064ff015493c8c9c5e2aba5ee49f,unknown,0,0,0
86c8c7c257554cf9ac2c7f8cb219d6fd,ark/deepseek-v3,6581,1833,8414
86c8c7c257554cf9ac2c7f8cb219d6fd,deepseek-chat,7459,279,7738
86c8c7c257554cf9ac2c7f8cb219d6fd,gpt-4.1,642,26,668
86c8c7c257554cf9ac2c7f8cb219d6fd,unknown,0,0,0
86d1ca51e525404b9a82fdc120f90dd5,deepseek-chat,2151,788,2939
86d1ca51e525404b9a82fdc120f90dd5,unknown,0,0,0
86d5065241c945e2a48411d0f9782019,ark/deepseek-v3,2317,401,2718
86d5065241c945e2a48411d0f9782019,unknown,0,0,0
86dcac4c83384a56becc759ce8b7dc58,deepseek-chat,670,303,973
86dcac4c83384a56becc759ce8b7dc58,unknown,0,0,0
86de82473f2542a893d46ec214667190,ark/deepseek-v3,2746,1240,3986
86de82473f2542a893d46ec214667190,unknown,0,0,0
86ec2aeae6ed45139c55910c7daa02b2,ark/deepseek-v3,2399,478,2877
86ec2aeae6ed45139c55910c7daa02b2,unknown,0,0,0
86f0f90667554bda9052bed4bd8446a9,deepseek-chat,1172,326,1498
86f0f90667554bda9052bed4bd8446a9,unknown,0,0,0
86f3a344979b4e3f85ea265b04ae2e60,deepseek-chat,2638,903,3541
86f3a344979b4e3f85ea265b04ae2e60,unknown,0,0,0
86f7131aa5544c069d0d7deb30754ebc,deepseek-chat,561,207,768
86f7131aa5544c069d0d7deb30754ebc,unknown,0,0,0
87021b266a484b92b2b4fe7c6366e344,deepseek-chat,0,0,0
87021b266a484b92b2b4fe7c6366e344,unknown,0,0,0
8708f076d7804a83a2a3033b59b544a6,ark/deepseek-v3,701,176,877
8708f076d7804a83a2a3033b59b544a6,unknown,0,0,0
87164a1f818741d4a7d95b997add67cf,ark/deepseek-v3,701,177,878
87164a1f818741d4a7d95b997add67cf,unknown,0,0,0
871d89a732e440f296090b56efb2802d,ark/deepseek-v3,24658,4158,28816
871d89a732e440f296090b56efb2802d,unknown,0,0,0
872512de98a746309478c81cb36311ec,ark/deepseek-v3,2304,434,2738
872512de98a746309478c81cb36311ec,unknown,0,0,0
872fa53b1e9b498cb5fe5ecd1634f485,ark/deepseek-v3-1,1405,1175,2580
872fa53b1e9b498cb5fe5ecd1634f485,unknown,0,0,0
873210d88dde47138dcd94eb78331bf3,ark/deepseek-v3,24734,5074,29808
873210d88dde47138dcd94eb78331bf3,unknown,0,0,0
8735a52f8afd4a36a5e553e23fd7e4ce,ark/deepseek-v3,1089,280,1369
8735a52f8afd4a36a5e553e23fd7e4ce,unknown,0,0,0
87378b608cfc48d59a7387929a412c1f,ark/deepseek-v3,8641,1723,10364
87378b608cfc48d59a7387929a412c1f,unknown,0,0,0
873a194bc0b147a28a8dbb7b14f7242f,ark/deepseek-v3,0,0,0
873a194bc0b147a28a8dbb7b14f7242f,unknown,0,0,0
873ae1f401874cd49db60d6889fa0054,ark/deepseek-v3,701,197,898
873ae1f401874cd49db60d6889fa0054,unknown,0,0,0
873aee0e7fb549a1bf0246d4a0ad3844,deepseek-chat,3062,316,3378
873aee0e7fb549a1bf0246d4a0ad3844,unknown,0,0,0
873b09a6cbca48b7bc20c81f68f25fc4,ark/deepseek-v3,0,0,0
873b09a6cbca48b7bc20c81f68f25fc4,unknown,0,0,0
8746782cc7364e04a67581a19da07989,ark/deepseek-v3-1,1405,916,2321
8746782cc7364e04a67581a19da07989,unknown,0,0,0
874800c8d71e49a1aeb65ec343e3ec25,ark/deepseek-v3-1,18888,1571,20459
874800c8d71e49a1aeb65ec343e3ec25,unknown,0,0,0
874a831585e24e149c99c001ca7e626e,ark/deepseek-v3,1227,613,1840
874a831585e24e149c99c001ca7e626e,unknown,0,0,0
874d17046b5c481a862f55659c39319d,ark/deepseek-v3,465,86,551
874d17046b5c481a862f55659c39319d,unknown,0,0,0
874ebaabdea645d882d14ccfca049ea2,ark/deepseek-v3,0,0,0
874ebaabdea645d882d14ccfca049ea2,unknown,0,0,0
8755f7840f124ba6b330642cb60f3786,ark/deepseek-v3,1455,238,1693
8755f7840f124ba6b330642cb60f3786,unknown,0,0,0
875bcdd5111f4851a2f5a7aed24462f8,ark/deepseek-v3,1455,229,1684
875bcdd5111f4851a2f5a7aed24462f8,unknown,0,0,0
875c3bb264764f169b80d9b15b76c4bb,deepseek-chat,1042,415,1457
875c3bb264764f169b80d9b15b76c4bb,gpt-4.1,941,28,969
875c3bb264764f169b80d9b15b76c4bb,unknown,0,0,0
875f75d4d0314804b6989b9bcd5c0010,ark/deepseek-v3,2357,479,2836
875f75d4d0314804b6989b9bcd5c0010,unknown,0,0,0
875f9e31b5204d96880860beaa523c6f,ark/deepseek-v3,1855,684,2539
875f9e31b5204d96880860beaa523c6f,unknown,0,0,0
8761fadef4b84edbb78a8b59268aa11c,deepseek-chat,2803,1403,4206
8761fadef4b84edbb78a8b59268aa11c,unknown,0,0,0
87674ef288224fa58458f47cf0d4f1f7,ark/deepseek-v3,2398,439,2837
87674ef288224fa58458f47cf0d4f1f7,deepseek-chat,59181,2154,61335
87674ef288224fa58458f47cf0d4f1f7,unknown,0,0,0
8768454838744d87833e939c8a6a25e8,deepseek-chat,561,207,768
8768454838744d87833e939c8a6a25e8,unknown,0,0,0
877fb61489eb4805ba9f0776cf07168f,ark/deepseek-v3,12586,2142,14728
877fb61489eb4805ba9f0776cf07168f,unknown,0,0,0
8780420a5cd1489a8fe7b542aa6e1528,ark/deepseek-v3,1937,416,2353
8780420a5cd1489a8fe7b542aa6e1528,unknown,0,0,0
878106dd6e4d47a082f73980866b3f17,ark/deepseek-v3,0,0,0
878106dd6e4d47a082f73980866b3f17,unknown,0,0,0
878ce26db715462fb6c40e771e3fa721,deepseek-chat,1053,414,1467
878ce26db715462fb6c40e771e3fa721,gpt-4.1,1893,116,2009
878ce26db715462fb6c40e771e3fa721,unknown,0,0,0
878dc0292f71409dae8ba5f53c35e7cc,ark/deepseek-v3,1455,209,1664
878dc0292f71409dae8ba5f53c35e7cc,unknown,0,0,0
878ddbed498d40a9ac3c87e70699669a,ark/deepseek-v3,1145,268,1413
878ddbed498d40a9ac3c87e70699669a,unknown,0,0,0
8790bfa5165d483cb6292ea45389daa0,deepseek-chat,1374,582,1956
8790bfa5165d483cb6292ea45389daa0,unknown,0,0,0
879bf88ab78c4aab949c9205f5a28ae6,ark/deepseek-v3,638,275,913
879bf88ab78c4aab949c9205f5a28ae6,unknown,0,0,0
87a200500d0c437dbac1bbb5bd019243,ark/deepseek-v3,5912,1402,7314
87a200500d0c437dbac1bbb5bd019243,unknown,0,0,0
87a7a8a1ddd54ab484c6aa701246d471,ark/deepseek-v3,758,100,858
87a7a8a1ddd54ab484c6aa701246d471,unknown,0,0,0
87b3b3de1f914051bbd9f554b67447d3,ark/deepseek-v3,701,177,878
87b3b3de1f914051bbd9f554b67447d3,unknown,0,0,0
87b631204e1c4cb7adb591175938b1b8,ark/deepseek-v3,701,175,876
87b631204e1c4cb7adb591175938b1b8,unknown,0,0,0
87ba377cc82945fdbe0e9fdb28ee74dd,deepseek-chat,1359,452,1811
87ba377cc82945fdbe0e9fdb28ee74dd,unknown,0,0,0
87bca480df3b4c01927bb5f22cc2c86c,ark/kimi-k2,1704,653,2357
87bca480df3b4c01927bb5f22cc2c86c,gpt-4.1,1252,28,1280
87bca480df3b4c01927bb5f22cc2c86c,unknown,0,0,0
87c32235dd2347a5a657bd735d6767cb,ark/deepseek-v3,4431,997,5428
87c32235dd2347a5a657bd735d6767cb,unknown,0,0,0
87c6a3369a364acba6b699b6f91ab4e5,ark/deepseek-v3-1,4388,1510,5898
87c6a3369a364acba6b699b6f91ab4e5,unknown,0,0,0
87d2f7e7098e495580501f0441fa7e92,ark/deepseek-v3,1455,219,1674
87d2f7e7098e495580501f0441fa7e92,unknown,0,0,0
87d5454c59db4384b83261cc4c695938,deepseek-chat,2100,739,2839
87d5454c59db4384b83261cc4c695938,unknown,0,0,0
87e7b2a245c645769e1230f84aab4315,deepseek-chat,1055,432,1487
87e7b2a245c645769e1230f84aab4315,gpt-4.1,941,28,969
87e7b2a245c645769e1230f84aab4315,unknown,0,0,0
87ebb80074d7459fb3aaf0fdcf1c3660,ark/deepseek-v3,3083,450,3533
87ebb80074d7459fb3aaf0fdcf1c3660,unknown,0,0,0
87ece8bf11f941d7bd4d622bdc698fc0,deepseek-chat,671,431,1102
87ece8bf11f941d7bd4d622bdc698fc0,unknown,0,0,0
87ef1872896d4bb7848a2a39c5ebe0c1,deepseek-chat,0,0,0
87ef1872896d4bb7848a2a39c5ebe0c1,unknown,0,0,0
87f0204fef15431aaea904acb36db588,ark/deepseek-v3,1091,254,1345
87f0204fef15431aaea904acb36db588,unknown,0,0,0
87f27027fdf04f2b9ffdddc6c5472185,deepseek-chat,2120,1614,3734
87f27027fdf04f2b9ffdddc6c5472185,unknown,0,0,0
87f861fc4e74474cbb7f9301e59dd6b9,ark/deepseek-v3,2026,798,2824
87f861fc4e74474cbb7f9301e59dd6b9,deepseek-chat,509,839,1348
87f861fc4e74474cbb7f9301e59dd6b9,unknown,0,0,0
87faa6d4abcf4835a38283ab30751b6d,deepseek-chat,561,224,785
87faa6d4abcf4835a38283ab30751b6d,unknown,0,0,0
87fac205d769467f83ef8f496a5737b2,ark/deepseek-v3,2485,1295,3780
87fac205d769467f83ef8f496a5737b2,unknown,0,0,0
87fbe163d3b14d83a2b77ae4be34803c,deepseek-chat,1366,552,1918
87fbe163d3b14d83a2b77ae4be34803c,unknown,0,0,0
88005937be9645c284e38dcf32ccde3e,ark/deepseek-v3,1571,818,2389
88005937be9645c284e38dcf32ccde3e,unknown,0,0,0
8803572d8ef64028af672f5eb689c104,ark/deepseek-v3,14032,2720,16752
8803572d8ef64028af672f5eb689c104,unknown,0,0,0
8815992d4f0a4a49bbcbb47076e96a0a,deepseek-chat,5472,1858,7330
8815992d4f0a4a49bbcbb47076e96a0a,unknown,0,0,0
88174c3c12ab485a993065c2f0c0cac0,ark/deepseek-v3,1251,216,1467
88174c3c12ab485a993065c2f0c0cac0,unknown,0,0,0
88255986347e4a1ba2d98e283c6caa28,deepseek-chat,1055,417,1472
88255986347e4a1ba2d98e283c6caa28,gpt-4.1,941,28,969
88255986347e4a1ba2d98e283c6caa28,unknown,0,0,0
882a1bf6c6a340df9a98acb3963350ff,ark/deepseek-v3,1054,427,1481
882a1bf6c6a340df9a98acb3963350ff,unknown,0,0,0
882c09623cb84fe6a8b952af16724616,ark/deepseek-v3,7389,2284,9673
882c09623cb84fe6a8b952af16724616,gpt-4.1,651,25,676
882c09623cb84fe6a8b952af16724616,unknown,0,0,0
8832626465b645c38269391d9855572a,deepseek-chat,3697,782,4479
8832626465b645c38269391d9855572a,unknown,0,0,0
8837df799910450c883db9fd38b6edaa,deepseek-chat,671,354,1025
8837df799910450c883db9fd38b6edaa,unknown,0,0,0
8839344b231040ab80d97aaf91e529bb,unknown,0,0,0
883a5c0324de4853a84773912f974820,deepseek-chat,561,207,768
883a5c0324de4853a84773912f974820,unknown,0,0,0
8840e5c4faea49ccbfcb41ee24293e21,ark/deepseek-v3,467,86,553
8840e5c4faea49ccbfcb41ee24293e21,unknown,0,0,0
8843a0a9cf064599a61db4e27249e967,ark/deepseek-v3,1455,210,1665
8843a0a9cf064599a61db4e27249e967,unknown,0,0,0
88443a3142a643ab9d77e180c6ccb690,ark/deepseek-v3,599,277,876
88443a3142a643ab9d77e180c6ccb690,unknown,0,0,0
8847eda2d061456dba7b6927510c2861,ark/deepseek-v3-1,904,391,1295
8847eda2d061456dba7b6927510c2861,unknown,0,0,0
884b8bd7306b4cf9ab1d55f9d68c62e4,ark/deepseek-v3,0,0,0
884b8bd7306b4cf9ab1d55f9d68c62e4,unknown,0,0,0
884c5d14132d49c494f2016e5ffd5caf,ark/deepseek-v3,1061,307,1368
884c5d14132d49c494f2016e5ffd5caf,unknown,0,0,0
884d3617a60c4c9b963d0aee1301dfc7,ark/deepseek-v3-1,1893,877,2770
884d3617a60c4c9b963d0aee1301dfc7,gpt-4.1,1062,28,1090
884d3617a60c4c9b963d0aee1301dfc7,unknown,0,0,0
884ea84313ed4b6f9f54600cc2a6551b,ark/deepseek-v3,1251,218,1469
884ea84313ed4b6f9f54600cc2a6551b,unknown,0,0,0
8850e22876f44d4bb63bad20f4d455b7,ark/deepseek-v3,467,94,561
8850e22876f44d4bb63bad20f4d455b7,unknown,0,0,0
885445292a2d4e669bf35bfc5931229b,deepseek-chat,1406,629,2035
885445292a2d4e669bf35bfc5931229b,unknown,0,0,0
885cbec28c7341b28edf5cae75144cbe,deepseek-chat,386,77,463
885cbec28c7341b28edf5cae75144cbe,unknown,0,0,0
886df458c01c4a10a2a406a0adf4b71d,ark/deepseek-v3,2978,6008,8986
886df458c01c4a10a2a406a0adf4b71d,unknown,0,0,0
886f3dd57a6842fa80a72e4a9b653b8b,deepseek-chat,15,43,58
886f3dd57a6842fa80a72e4a9b653b8b,unknown,0,0,0
88767026fe7143abbbe177216f56ded3,ark/deepseek-v3,5651,1130,6781
88767026fe7143abbbe177216f56ded3,unknown,0,0,0
8878f2fdda484cd6849d4907382a8879,deepseek-chat,0,0,0
8878f2fdda484cd6849d4907382a8879,unknown,0,0,0
887adcc2389b476fa82d44cd044f83ab,ark/deepseek-v3,5959,662,6621
887adcc2389b476fa82d44cd044f83ab,unknown,0,0,0
888045791c43417cb2992c066f2f41a0,ark/deepseek-v3,0,0,0
888045791c43417cb2992c066f2f41a0,unknown,0,0,0
8886cf5c795d478bad2db7ad12df7c50,ark/deepseek-v3,1715,523,2238
8886cf5c795d478bad2db7ad12df7c50,unknown,0,0,0
8887b489b2c64842a4533552c3a97fe7,deepseek-chat,2472,845,3317
8887b489b2c64842a4533552c3a97fe7,unknown,0,0,0
8890ae38ca054b7b945435dc59f9fe2a,ark/deepseek-v3,8629,1517,10146
8890ae38ca054b7b945435dc59f9fe2a,unknown,0,0,0
8895a75cd0f44e1ca953cbbce152087f,deepseek-chat,721,242,963
8895a75cd0f44e1ca953cbbce152087f,unknown,0,0,0
889d9992d8564daeaefc7202f0018f1a,ark/deepseek-v3,701,179,880
889d9992d8564daeaefc7202f0018f1a,unknown,0,0,0
88a43f69bf2f451f94420454567ddd0c,deepseek-chat,560,83,643
88a43f69bf2f451f94420454567ddd0c,unknown,0,0,0
88adca92c01b4c3a9ead87ff3ddc8071,ark/deepseek-v3,465,92,557
88adca92c01b4c3a9ead87ff3ddc8071,unknown,0,0,0
88b1d21d6fca49448b28de60ecf0ae10,deepseek-chat,1305,269,1574
88b1d21d6fca49448b28de60ecf0ae10,gpt-4.1,2186,467,2653
88b1d21d6fca49448b28de60ecf0ae10,unknown,0,0,0
88baea7751fd422a87e753529df372fe,ark/deepseek-v3,5055,658,5713
88baea7751fd422a87e753529df372fe,unknown,0,0,0
88bb038efe8e41a695143fcb94badfc2,deepseek-chat,1467,1147,2614
88bb038efe8e41a695143fcb94badfc2,unknown,0,0,0
88bc91b7a3d24b11b61e5a34c38977a3,ark/deepseek-v3,467,97,564
88bc91b7a3d24b11b61e5a34c38977a3,unknown,0,0,0
88bf24289a1f4aa28cf37b6d128db875,ark/deepseek-v3,5912,1389,7301
88bf24289a1f4aa28cf37b6d128db875,unknown,0,0,0
88bf602a6b2744348688916426da1c79,ark/deepseek-v3,14036,2746,16782
88bf602a6b2744348688916426da1c79,unknown,0,0,0
88c1a6f9ff48442d86033c8e0a630add,ark/deepseek-v3,1572,810,2382
88c1a6f9ff48442d86033c8e0a630add,unknown,0,0,0
88cbe3a1788e43bb8b13abb0ec84338a,ark/deepseek-v3,465,83,548
88cbe3a1788e43bb8b13abb0ec84338a,unknown,0,0,0
88e7edfca2744af2a88fa5c45339f313,deepseek-chat,561,221,782
88e7edfca2744af2a88fa5c45339f313,unknown,0,0,0
88fba7d1cb94470e9c55f58c8f505c5f,ark/deepseek-v3,467,97,564
88fba7d1cb94470e9c55f58c8f505c5f,unknown,0,0,0
89030aa7589645ec8a16a4802b6163c5,ark/deepseek-v3-1,1749,1079,2828
89030aa7589645ec8a16a4802b6163c5,unknown,0,0,0
8903c7ba02ae4b3a84d170bc12701f94,deepseek-chat,2094,1559,3653
8903c7ba02ae4b3a84d170bc12701f94,unknown,0,0,0
890a5a84abce449d8c78a1d2fe60ffbe,ark/deepseek-v3,4163,1390,5553
890a5a84abce449d8c78a1d2fe60ffbe,unknown,0,0,0
891113676521470483775581c2842906,ark/deepseek-v3,6742,2173,8915
891113676521470483775581c2842906,gpt-4.1,650,30,680
891113676521470483775581c2842906,unknown,0,0,0
8913bbb34d1d44799cc3c03117a18d7e,deepseek-chat,670,335,1005
8913bbb34d1d44799cc3c03117a18d7e,unknown,0,0,0
8919b11dc989483ba460b6eda32e894a,ark/deepseek-v3,1837,330,2167
8919b11dc989483ba460b6eda32e894a,unknown,0,0,0
892380953f20411796bcbc24feb4360b,deepseek-chat,717,255,972
892380953f20411796bcbc24feb4360b,unknown,0,0,0
89258e2a97d54a2f94288f87b25dde07,deepseek-chat,1213,740,1953
89258e2a97d54a2f94288f87b25dde07,unknown,0,0,0
89368faeace64b0a97edf8d2a12cfd0a,deepseek-chat,2390,879,3269
89368faeace64b0a97edf8d2a12cfd0a,unknown,0,0,0
8939a70b37774ddd9e9e77492b7e04c6,ark/deepseek-v3,3145,330,3475
8939a70b37774ddd9e9e77492b7e04c6,unknown,0,0,0
893e5b214e5f4f618d7e33f57c8a4447,ark/deepseek-v3,1251,215,1466
893e5b214e5f4f618d7e33f57c8a4447,unknown,0,0,0
8944d4c0680148de808252a88919f161,ark/deepseek-v3,4233,1739,5972
8944d4c0680148de808252a88919f161,unknown,0,0,0
89486635e12a407cbb5c1d4b0a1595d2,ark/deepseek-v3,758,125,883
89486635e12a407cbb5c1d4b0a1595d2,unknown,0,0,0
89486e3acf1c474283cbe44fd0812429,deepseek-chat,1339,325,1664
89486e3acf1c474283cbe44fd0812429,gpt-4.1,2237,543,2780
89486e3acf1c474283cbe44fd0812429,unknown,0,0,0
89490f00b8314deb9205dd896d3ee4eb,ark/deepseek-v3,5966,715,6681
89490f00b8314deb9205dd896d3ee4eb,unknown,0,0,0
894aeea688a8456994eb039c069ca338,ark/deepseek-v3,3048,562,3610
894aeea688a8456994eb039c069ca338,unknown,0,0,0
8957dc9648cb4697a4a10041172477e3,ark/deepseek-v3,2379,1320,3699
8957dc9648cb4697a4a10041172477e3,unknown,0,0,0
89583b5b87484348b7405371b32f1022,deepseek-chat,2151,1560,3711
89583b5b87484348b7405371b32f1022,unknown,0,0,0
8960a8c299b349888db775a9aca8c74a,deepseek-chat,1344,586,1930
8960a8c299b349888db775a9aca8c74a,unknown,0,0,0
89614c1234a847b2a29d14c11231eba3,ark/deepseek-v3,465,84,549
89614c1234a847b2a29d14c11231eba3,unknown,0,0,0
8966a0db0b784212a07aed0e78ad82db,ark/deepseek-v3,7077,3632,10709
8966a0db0b784212a07aed0e78ad82db,unknown,0,0,0
896b530905344531ab6b59ec3b9c4504,ark/deepseek-v3,1455,196,1651
896b530905344531ab6b59ec3b9c4504,unknown,0,0,0
896d7285d50c4953a7a18efd9ed37e54,ark/deepseek-v3,0,0,0
896d7285d50c4953a7a18efd9ed37e54,unknown,0,0,0
89749ae14c90453ab7b0c5008e3ad7ac,ark/deepseek-v3,0,0,0
89749ae14c90453ab7b0c5008e3ad7ac,unknown,0,0,0
897bcd7e5ca34fe184b9991d2bcb62a0,deepseek-chat,10320,1673,11993
897bcd7e5ca34fe184b9991d2bcb62a0,gpt-4.1,3338,863,4201
897bcd7e5ca34fe184b9991d2bcb62a0,unknown,0,0,0
89889ec42ae045dbb9d148aba3de19eb,ark/deepseek-v3,1455,204,1659
89889ec42ae045dbb9d148aba3de19eb,unknown,0,0,0
8993678095c440309a0bd84199703065,ark/deepseek-v3,6283,1135,7418
8993678095c440309a0bd84199703065,unknown,0,0,0
89953962d72e4e21bd6f1b2f6bdb7b42,deepseek-chat,937,426,1363
89953962d72e4e21bd6f1b2f6bdb7b42,unknown,0,0,0
89a7e85df87b440eb21658b5e68b4368,ark/deepseek-v3,701,176,877
89a7e85df87b440eb21658b5e68b4368,unknown,0,0,0
89a8112d094e43bc871e600ce904bb5a,deepseek-chat,3758,1076,4834
89a8112d094e43bc871e600ce904bb5a,unknown,0,0,0
89a8abcabdcd400bbb482213b3e21e28,ark/deepseek-v3,1251,227,1478
89a8abcabdcd400bbb482213b3e21e28,unknown,0,0,0
89ab15455a644189815065e7f552e8b7,ark/deepseek-v3,701,185,886
89ab15455a644189815065e7f552e8b7,unknown,0,0,0
89b0cdbd210345fe9848f10575a6420a,ark/deepseek-v3,4221,2027,6248
89b0cdbd210345fe9848f10575a6420a,unknown,0,0,0
89b2cad7f8ac4190b41e0f9e24c5c9ac,ark/deepseek-v3,467,86,553
89b2cad7f8ac4190b41e0f9e24c5c9ac,unknown,0,0,0
89b4c1e036284021866ff87e3a1f5949,ark/deepseek-v3,1478,887,2365
89b4c1e036284021866ff87e3a1f5949,unknown,0,0,0
89c7c5c6a41c49098212368e88e76544,ark/deepseek-v3-1,2426,1265,3691
89c7c5c6a41c49098212368e88e76544,gpt-4.1,2553,378,2931
89c7c5c6a41c49098212368e88e76544,unknown,0,0,0
89d073f076a1439d9819373be675ed5f,ark/deepseek-v3,806,128,934
89d073f076a1439d9819373be675ed5f,unknown,0,0,0
89d492002b47440cbbd3a916f432da14,deepseek-chat,1376,639,2015
89d492002b47440cbbd3a916f432da14,unknown,0,0,0
89dc437f81ac49bea9d22f6d3094e8d4,deepseek-chat,0,0,0
89dc437f81ac49bea9d22f6d3094e8d4,unknown,0,0,0
89e48fe769064209873eb0fb85a0346b,deepseek-chat,1400,713,2113
89e48fe769064209873eb0fb85a0346b,unknown,0,0,0
89ec5ea83a8e4de4a97c2b3fe7d56bfa,ark/deepseek-v3,5880,1733,7613
89ec5ea83a8e4de4a97c2b3fe7d56bfa,gpt-4.1,3932,253,4185
89ec5ea83a8e4de4a97c2b3fe7d56bfa,unknown,0,0,0
89f007fbdb93422a89d0256b90286f95,deepseek-chat,5730,1469,7199
89f007fbdb93422a89d0256b90286f95,unknown,0,0,0
89f2a6557053469fbd8809c9a11b9063,deepseek-chat,600,278,878
89f2a6557053469fbd8809c9a11b9063,unknown,0,0,0
89f629474f35412abac437f5e95b56e7,ark/deepseek-v3,1509,760,2269
89f629474f35412abac437f5e95b56e7,unknown,0,0,0
89ff1e452cb14fdb9aec5abb27d60658,ark/deepseek-v3,8180,1506,9686
89ff1e452cb14fdb9aec5abb27d60658,unknown,0,0,0
8a024a6efa0f43529cb8e3ea6b28bc9e,ark/deepseek-v3,758,109,867
8a024a6efa0f43529cb8e3ea6b28bc9e,unknown,0,0,0
8a03477ed38e4be9a4f6ab29dda5f6cd,ark/deepseek-v3,467,94,561
8a03477ed38e4be9a4f6ab29dda5f6cd,unknown,0,0,0
8a06aa66c0c74d36998c578e0cca3f76,deepseek-chat,986,733,1719
8a06aa66c0c74d36998c578e0cca3f76,unknown,0,0,0
8a07440f9871491ab6148a87c24b6511,deepseek-chat,1086,1646,2732
8a07440f9871491ab6148a87c24b6511,unknown,0,0,0
8a0adcdd90234598976343a2d8a45af9,ark/deepseek-v3,6362,943,7305
8a0adcdd90234598976343a2d8a45af9,unknown,0,0,0
8a0d214dc5134023a25bfd7e5c2f0a6a,ark/deepseek-v3,465,107,572
8a0d214dc5134023a25bfd7e5c2f0a6a,unknown,0,0,0
8a1256035ef74130bed1e51ca09ca852,ark/deepseek-v3,5423,1033,6456
8a1256035ef74130bed1e51ca09ca852,unknown,0,0,0
8a1d978d4a9341abb0ae92f8310a6672,ark/deepseek-v3,701,176,877
8a1d978d4a9341abb0ae92f8310a6672,unknown,0,0,0
8a2132a0f5624694aec21e1a8405a8dd,ark/deepseek-v3,0,0,0
8a2132a0f5624694aec21e1a8405a8dd,unknown,0,0,0
8a23aa494d534c1889f921faa7296294,deepseek-chat,561,205,766
8a23aa494d534c1889f921faa7296294,unknown,0,0,0
8a2652648ccd4b85a9a5d105af58c651,ark/deepseek-v3,0,0,0
8a2652648ccd4b85a9a5d105af58c651,unknown,0,0,0
8a286c76172b42f48e5396a7f5303704,deepseek-chat,1566,248,1814
8a286c76172b42f48e5396a7f5303704,unknown,0,0,0
8a2a2b5d49fc4791a28a2a67efbbc7e7,deepseek-chat,670,336,1006
8a2a2b5d49fc4791a28a2a67efbbc7e7,unknown,0,0,0
8a2c225e1c484e2293c50857b3b2e400,ark/deepseek-v3,1089,308,1397
8a2c225e1c484e2293c50857b3b2e400,unknown,0,0,0
8a32633dba52430e80de51855e4c260c,ark/deepseek-v3,0,0,0
8a32633dba52430e80de51855e4c260c,unknown,0,0,0
8a3520263b374b8f938d97f74ed8cbce,deepseek-chat,561,206,767
8a3520263b374b8f938d97f74ed8cbce,unknown,0,0,0
8a36bbc2548e44f3824c36d16b478aae,ark/deepseek-v3,1879,719,2598
8a36bbc2548e44f3824c36d16b478aae,unknown,0,0,0
8a44917925c7470e9c2f6af6ef17be6c,ark/deepseek-v3-1,1405,1043,2448
8a44917925c7470e9c2f6af6ef17be6c,unknown,0,0,0
8a484d5898bf4dc19245736307510a90,deepseek-chat,0,0,0
8a484d5898bf4dc19245736307510a90,unknown,0,0,0
8a48b693f1304232b07a98dd3094d0f8,ark/deepseek-v3,6160,1566,7726
8a48b693f1304232b07a98dd3094d0f8,gpt-4.1,656,31,687
8a48b693f1304232b07a98dd3094d0f8,unknown,0,0,0
8a48e9397fcb40448ff3b9d25c93c4e0,ark/deepseek-v3,1455,199,1654
8a48e9397fcb40448ff3b9d25c93c4e0,unknown,0,0,0
8a517ec920a04d68bd0c7fc5833a23cc,deepseek-chat,1440,869,2309
8a517ec920a04d68bd0c7fc5833a23cc,gpt-4.1,3161,424,3585
8a517ec920a04d68bd0c7fc5833a23cc,unknown,0,0,0
8a54abb1d60a47179a15252b67d4c80a,deepseek-chat,18991,702,19693
8a54abb1d60a47179a15252b67d4c80a,unknown,0,0,0
8a56c3afdd7d4dedb5ec90e3d436273d,ark/deepseek-v3,1937,448,2385
8a56c3afdd7d4dedb5ec90e3d436273d,unknown,0,0,0
8a56ee102dd843d284a4cdc625cfc331,deepseek-chat,0,0,0
8a56ee102dd843d284a4cdc625cfc331,unknown,0,0,0
8a5885d907284513a68a3b47c46311a7,deepseek-chat,1056,453,1509
8a5885d907284513a68a3b47c46311a7,unknown,0,0,0
8a5e818b651543c49aecefb27753a743,ark/deepseek-v3,2248,1053,3301
8a5e818b651543c49aecefb27753a743,unknown,0,0,0
8a71284ee93f4feab9d39083a9af83fc,ark/deepseek-v3,0,0,0
8a71284ee93f4feab9d39083a9af83fc,unknown,0,0,0
8a8916d1cd024b918d3861ff0b277013,deepseek-chat,2798,1169,3967
8a8916d1cd024b918d3861ff0b277013,unknown,0,0,0
8a8d60a38cfa4cbfb2c9b1f438bea68e,deepseek-chat,2847,1339,4186
8a8d60a38cfa4cbfb2c9b1f438bea68e,unknown,0,0,0
8a9abec02e374564a1da8571ed7329a1,ark/deepseek-v3,11488,1933,13421
8a9abec02e374564a1da8571ed7329a1,unknown,0,0,0
8aa3c537c2864187bd88e373b724acb0,deepseek-chat,0,0,0
8aa3c537c2864187bd88e373b724acb0,unknown,0,0,0
8aa83ddf26e4483fa2c737778499c822,deepseek-chat,561,207,768
8aa83ddf26e4483fa2c737778499c822,unknown,0,0,0
8aa8cf03b41f4da4aa18a4c7a92324b6,deepseek-chat,2624,1150,3774
8aa8cf03b41f4da4aa18a4c7a92324b6,unknown,0,0,0
8aab2493892a48ebb7b4ff039dea4036,unknown,0,0,0
8ab192d9123740a38a40fe032425d2f8,ark/deepseek-v3-1,0,0,0
8ab192d9123740a38a40fe032425d2f8,unknown,0,0,0
8ab26530edee4496b2b1ca88f5f993e1,ark/deepseek-v3,1336,628,1964
8ab26530edee4496b2b1ca88f5f993e1,unknown,0,0,0
8ab8ea7ca4a14c4f9fc1c7f5d281b94e,ark/deepseek-v3,1455,231,1686
8ab8ea7ca4a14c4f9fc1c7f5d281b94e,unknown,0,0,0
8abb22f5f10c4e0caf3cc0a0af542f90,deepseek-chat,0,0,0
8abb22f5f10c4e0caf3cc0a0af542f90,unknown,0,0,0
8abc0fc21829476c9c48d4d40f3484e4,deepseek-chat,2458,930,3388
8abc0fc21829476c9c48d4d40f3484e4,gpt-4.1,1252,28,1280
8abc0fc21829476c9c48d4d40f3484e4,unknown,0,0,0
8abe8583273f4657ad421ccc435874ec,deepseek-chat,670,376,1046
8abe8583273f4657ad421ccc435874ec,unknown,0,0,0
8ac487aab8824ffea5283c6bee408290,deepseek-chat,670,340,1010
8ac487aab8824ffea5283c6bee408290,unknown,0,0,0
8ac4a6b7278445e89539b5ddd2d5fa9c,ark/deepseek-v3,4282,1685,5967
8ac4a6b7278445e89539b5ddd2d5fa9c,unknown,0,0,0
8ac87c21d99342eab996007b4fbf9ef7,deepseek-chat,561,207,768
8ac87c21d99342eab996007b4fbf9ef7,unknown,0,0,0
8aca1770a6cd460288983215fc3de915,ark/deepseek-v3,1089,268,1357
8aca1770a6cd460288983215fc3de915,unknown,0,0,0
8accc4d0a4854fe89e4a0337755f3529,deepseek-chat,1478,496,1974
8accc4d0a4854fe89e4a0337755f3529,unknown,0,0,0
8ad379d3bf784f298215894e4af56019,ark/deepseek-v3,1455,240,1695
8ad379d3bf784f298215894e4af56019,unknown,0,0,0
8ad3af0d17af4f8bbce5af3a7afca3e3,ark/deepseek-v3,701,197,898
8ad3af0d17af4f8bbce5af3a7afca3e3,unknown,0,0,0
8ada3d63ad3d4830a5b05e093cce178d,deepseek-chat,561,207,768
8ada3d63ad3d4830a5b05e093cce178d,unknown,0,0,0
8ae10750f5da472086f81366ecf52536,deepseek-chat,1533,852,2385
8ae10750f5da472086f81366ecf52536,gpt-4.1,2211,423,2634
8ae10750f5da472086f81366ecf52536,unknown,0,0,0
8ae37226012949cd8477bde825d609f9,ark/deepseek-v3-1,1874,726,2600
8ae37226012949cd8477bde825d609f9,unknown,0,0,0
8aef63a185c14b6f8a0668fd5eb0dc16,deepseek-chat,2084,1564,3648
8aef63a185c14b6f8a0668fd5eb0dc16,unknown,0,0,0
8af43d7125da420989722dad130913c0,ark/deepseek-v3,701,199,900
8af43d7125da420989722dad130913c0,unknown,0,0,0
8afd1b0e934242f0b79c6ba3b4b5eaa7,ark/deepseek-v3,6287,1887,8174
8afd1b0e934242f0b79c6ba3b4b5eaa7,gpt-4.1,640,21,661
8afd1b0e934242f0b79c6ba3b4b5eaa7,unknown,0,0,0
8b01b98f7dc04c2fa299435c1d11c68a,deepseek-chat,670,317,987
8b01b98f7dc04c2fa299435c1d11c68a,unknown,0,0,0
8b0e79b647a04860b433269ff53d6ca1,ark/deepseek-v3,5443,1106,6549
8b0e79b647a04860b433269ff53d6ca1,unknown,0,0,0
8b11bbec369348cca84afde1edad6e0b,deepseek-chat,3189,1336,4525
8b11bbec369348cca84afde1edad6e0b,gpt-4.1,3330,801,4131
8b11bbec369348cca84afde1edad6e0b,unknown,0,0,0
8b1cff8e44b744678793a5d79d9f7040,ark/deepseek-v3,701,176,877
8b1cff8e44b744678793a5d79d9f7040,unknown,0,0,0
8b1e466fca9544528691a2acbe830776,ark/deepseek-v3,465,92,557
8b1e466fca9544528691a2acbe830776,unknown,0,0,0
8b2641971a1247a9867ba3b9f0e65c17,ark/deepseek-v3,1455,198,1653
8b2641971a1247a9867ba3b9f0e65c17,unknown,0,0,0
8b2fe012d25a47f4aaf18c6330741c9d,ark/deepseek-v3,0,0,0
8b2fe012d25a47f4aaf18c6330741c9d,unknown,0,0,0
8b3079206c5345189813d9f61eb17961,deepseek-chat,5640,2767,8407
8b3079206c5345189813d9f61eb17961,gpt-4.1,3388,918,4306
8b3079206c5345189813d9f61eb17961,unknown,0,0,0
8b418dbc5a31457ead0141b7a18d3c06,ark/deepseek-v3,0,0,0
8b418dbc5a31457ead0141b7a18d3c06,unknown,0,0,0
8b4299dabac246aa98922b2333865add,ark/deepseek-v3,5958,688,6646
8b4299dabac246aa98922b2333865add,unknown,0,0,0
8b46642812e6474ea8d9b2d4c83c1bf5,deepseek-chat,2576,1134,3710
8b46642812e6474ea8d9b2d4c83c1bf5,unknown,0,0,0
8b483c5e0d38468dbef28737aeb06f94,ark/deepseek-v3,5172,1455,6627
8b483c5e0d38468dbef28737aeb06f94,unknown,0,0,0
8b4bc9c677914261b60ebb62bf3a94da,deepseek-chat,1361,606,1967
8b4bc9c677914261b60ebb62bf3a94da,unknown,0,0,0
8b52a35a319b4ffda689c50501aa849a,deepseek-chat,727,195,922
8b52a35a319b4ffda689c50501aa849a,unknown,0,0,0
8b582e8c8b2f41f6898245b08e222e1a,ark/deepseek-v3,3120,268,3388
8b582e8c8b2f41f6898245b08e222e1a,unknown,0,0,0
8b5a4d1c3bd347698bdb007c5c76a218,ark/deepseek-v3,6771,1843,8614
8b5a4d1c3bd347698bdb007c5c76a218,gpt-4.1,673,49,722
8b5a4d1c3bd347698bdb007c5c76a218,unknown,0,0,0
8b60b3d66b0f4fb58a4f4560568ce9cd,ark/deepseek-v3,4359,2251,6610
8b60b3d66b0f4fb58a4f4560568ce9cd,unknown,0,0,0
8b650ec2653b45368f133428a83e89e5,deepseek-chat,782,353,1135
8b650ec2653b45368f133428a83e89e5,unknown,0,0,0
8b65936bef12436cac2c7471afa2f2aa,ark/deepseek-v3-1,1405,691,2096
8b65936bef12436cac2c7471afa2f2aa,unknown,0,0,0
8b65a207fb5e4563860ffc33360ffefd,ark/deepseek-v3,2338,468,2806
8b65a207fb5e4563860ffc33360ffefd,unknown,0,0,0
8b6e0ed0bda248dc876d92bc2e020b5a,ark/deepseek-v3,3853,907,4760
8b6e0ed0bda248dc876d92bc2e020b5a,unknown,0,0,0
8b763b9fcbe544ff9dc89d46fb665cce,ark/deepseek-v3,3091,353,3444
8b763b9fcbe544ff9dc89d46fb665cce,unknown,0,0,0
8b7663a470204219aad00546321b1bbf,ark/deepseek-v3,701,177,878
8b7663a470204219aad00546321b1bbf,unknown,0,0,0
8b7a27df07ba4735b48cde5a21d02dc5,deepseek-chat,561,207,768
8b7a27df07ba4735b48cde5a21d02dc5,unknown,0,0,0
8b7e53a59f9042e1880367d0d309b83b,ark/deepseek-v3,701,179,880
8b7e53a59f9042e1880367d0d309b83b,unknown,0,0,0
8b7e6ee433534a55b550b46c2a197836,ark/deepseek-v3-1,1001,341,1342
8b7e6ee433534a55b550b46c2a197836,unknown,0,0,0
8b8bb1fd04894614bfa454d9215d2c50,deepseek-chat,670,342,1012
8b8bb1fd04894614bfa454d9215d2c50,unknown,0,0,0
8b8bbca50d5042e1955ef41792a53553,ark/deepseek-v3,1025,277,1302
8b8bbca50d5042e1955ef41792a53553,unknown,0,0,0
8b92e6fa3cec495d8805150a847aff0f,deepseek-chat,932,244,1176
8b92e6fa3cec495d8805150a847aff0f,gpt-4.1,672,226,898
8b92e6fa3cec495d8805150a847aff0f,unknown,0,0,0
8b956599d776455cb054b3b169422b72,ark/deepseek-v3,1097,299,1396
8b956599d776455cb054b3b169422b72,unknown,0,0,0
8b961401484545ab899add4a5d8b04e9,deepseek-chat,1053,407,1460
8b961401484545ab899add4a5d8b04e9,gpt-4.1,941,28,969
8b961401484545ab899add4a5d8b04e9,unknown,0,0,0
8b983402186f4ba98d3be1bdd35c4ba9,ark/deepseek-v3,1197,432,1629
8b983402186f4ba98d3be1bdd35c4ba9,unknown,0,0,0
8ba21493863c404ba3200073c9034e7b,ark/deepseek-v3,1251,222,1473
8ba21493863c404ba3200073c9034e7b,unknown,0,0,0
8badab5b06674c15ba3024e9b1f3fcd0,deepseek-chat,746,311,1057
8badab5b06674c15ba3024e9b1f3fcd0,unknown,0,0,0
8bbeea2fc367473792622cf1f7e227c3,deepseek-chat,1524,380,1904
8bbeea2fc367473792622cf1f7e227c3,unknown,0,0,0
8bc620e2c67e4d868e37bb229d8b0bb4,deepseek-chat,1304,330,1634
8bc620e2c67e4d868e37bb229d8b0bb4,gpt-4.1,1612,276,1888
8bc620e2c67e4d868e37bb229d8b0bb4,unknown,0,0,0
8bc67c7656af41cd83b8c919a518e337,ark/deepseek-v3,1455,226,1681
8bc67c7656af41cd83b8c919a518e337,unknown,0,0,0
8bc9e538c6c3423e9f9d9acece49bfe5,ark/deepseek-v3,0,0,0
8bc9e538c6c3423e9f9d9acece49bfe5,unknown,0,0,0
8bd2d33e39ff4d65898ef75dbd6509b2,ark/deepseek-v3-1,2407,925,3332
8bd2d33e39ff4d65898ef75dbd6509b2,gpt-4.1,1232,27,1259
8bd2d33e39ff4d65898ef75dbd6509b2,unknown,0,0,0
8bd957bc83a84758b3968ba3a1a11af5,ark/deepseek-v3,6354,925,7279
8bd957bc83a84758b3968ba3a1a11af5,unknown,0,0,0
8bdbfa8a60884d6a921a34d12578f421,unknown,0,0,0
8bdf2a97a38f4663a2ee140dbbe97bcd,ark/deepseek-v3,1455,141,1596
8bdf2a97a38f4663a2ee140dbbe97bcd,unknown,0,0,0
8be42e0f86544e74a615ceb974048ef8,deepseek-chat,688,236,924
8be42e0f86544e74a615ceb974048ef8,unknown,0,0,0
8be8374c82fb48b8af8e5890fc2510f2,deepseek-chat,752,232,984
8be8374c82fb48b8af8e5890fc2510f2,unknown,0,0,0
8bf6ccdef3ae421ba3d118a1d3a2d0e6,ark/deepseek-v3-1,1973,733,2706
8bf6ccdef3ae421ba3d118a1d3a2d0e6,deepseek-chat,2931,1574,4505
8bf6ccdef3ae421ba3d118a1d3a2d0e6,unknown,0,0,0
8bfc2db9a32e40ba8384f88a08ee96df,ark/deepseek-v3,1455,175,1630
8bfc2db9a32e40ba8384f88a08ee96df,unknown,0,0,0
8bfdf0f186784cc19bac7c6c9573859c,ark/deepseek-v3,467,134,601
8bfdf0f186784cc19bac7c6c9573859c,unknown,0,0,0
8c0b9a23e2d84c848c8f248c483538da,unknown,0,0,0
8c0d49412db34f828468ca8e0c980d24,ark/deepseek-v3,5993,775,6768
8c0d49412db34f828468ca8e0c980d24,unknown,0,0,0
8c1571102ee14acd87a3ccb3d1da9f87,ark/deepseek-v3,687,355,1042
8c1571102ee14acd87a3ccb3d1da9f87,unknown,0,0,0
8c1a1e8e972d499d9d985d9f83157318,deepseek-chat,1122,414,1536
8c1a1e8e972d499d9d985d9f83157318,unknown,0,0,0
8c22da8335dc4e96b3c3752c2e9abafc,ark/deepseek-v3,649,236,885
8c22da8335dc4e96b3c3752c2e9abafc,unknown,0,0,0
8c2460b9346a455c82ea5551f5b8ccfc,ark/deepseek-v3,467,93,560
8c2460b9346a455c82ea5551f5b8ccfc,unknown,0,0,0
8c24bbb13b184a879c8515dcddf43353,unknown,0,0,0
8c257130c1e24619a01bfab90acdc412,ark/deepseek-v3-1,0,0,0
8c257130c1e24619a01bfab90acdc412,unknown,0,0,0
8c2e4f0590e8423ca44e8252491c6fa1,ark/deepseek-v3,1528,680,2208
8c2e4f0590e8423ca44e8252491c6fa1,unknown,0,0,0
8c323fee9910491d970719a13a883093,ark/deepseek-v3,2455,678,3133
8c323fee9910491d970719a13a883093,unknown,0,0,0
8c3997235d0f42e1a837102bc4cfbc0c,unknown,0,0,0
8c3b8762ec1a433c9d4b09ec530520f0,ark/deepseek-v3,8174,816,8990
8c3b8762ec1a433c9d4b09ec530520f0,unknown,0,0,0
8c3e183d03e746f6b12e2265d210f6c6,deepseek-chat,2856,191,3047
8c3e183d03e746f6b12e2265d210f6c6,unknown,0,0,0
8c499cbeea5649bb94a333e10c305956,ark/deepseek-v3,3083,358,3441
8c499cbeea5649bb94a333e10c305956,deepseek-chat,5551,2802,8353
8c499cbeea5649bb94a333e10c305956,unknown,0,0,0
8c4cd0705ea74a768be673bd24248bcd,ark/deepseek-v3,467,94,561
8c4cd0705ea74a768be673bd24248bcd,unknown,0,0,0
8c54c575ad3c45feb5931761e210e988,deepseek-chat,1184,274,1458
8c54c575ad3c45feb5931761e210e988,unknown,0,0,0
8c58688990e241c2a7d01197063a7228,ark/deepseek-v3,3143,292,3435
8c58688990e241c2a7d01197063a7228,unknown,0,0,0
8c5f1c71aa5d40b188408616afce8f12,deepseek-chat,1047,1325,2372
8c5f1c71aa5d40b188408616afce8f12,unknown,0,0,0
8c643c1bf9294f8dbd0d95b494c884d0,ark/deepseek-v3-1,1892,873,2765
8c643c1bf9294f8dbd0d95b494c884d0,gpt-4.1,1063,29,1092
8c643c1bf9294f8dbd0d95b494c884d0,unknown,0,0,0
8c6d24ad500a473ba28a63582109fa86,ark/deepseek-v3,701,175,876
8c6d24ad500a473ba28a63582109fa86,unknown,0,0,0
8c7040d984684fe38f34e0d5704bf764,ark/deepseek-v3,695,94,789
8c7040d984684fe38f34e0d5704bf764,unknown,0,0,0
8c7b1a324b19426da024f3b04ae347c6,ark/deepseek-v3,0,0,0
8c7b1a324b19426da024f3b04ae347c6,unknown,0,0,0
8c82aad4d5f9404d8685ed1303efa696,ark/deepseek-v3,2359,1137,3496
8c82aad4d5f9404d8685ed1303efa696,unknown,0,0,0
8c84ef4fd6234501aed7bcd2fc16138a,deepseek-chat,561,205,766
8c84ef4fd6234501aed7bcd2fc16138a,unknown,0,0,0
8c85e5f40c0048509d0aca7da45a8c78,ark/deepseek-v3,30071,6050,36121
8c85e5f40c0048509d0aca7da45a8c78,unknown,0,0,0
8c88c014ac4e4837944c306b054a2f4d,ark/deepseek-v3,1088,343,1431
8c88c014ac4e4837944c306b054a2f4d,deepseek-chat,5460,141,5601
8c88c014ac4e4837944c306b054a2f4d,unknown,0,0,0
8c8f6e3d16cd49c0b514344ec7175aab,deepseek-chat,671,385,1056
8c8f6e3d16cd49c0b514344ec7175aab,unknown,0,0,0
8c987037aa40444a8be7d6a50ca7423f,ark/deepseek-v3,1455,192,1647
8c987037aa40444a8be7d6a50ca7423f,unknown,0,0,0
8c994d91baaa480c86631d8809313dd5,deepseek-chat,561,207,768
8c994d91baaa480c86631d8809313dd5,unknown,0,0,0
8c9fef8a8d87466794a57313a8ee0baa,deepseek-chat,2666,1709,4375
8c9fef8a8d87466794a57313a8ee0baa,unknown,0,0,0
8cab397cf2f94a4e86e24950a23a700f,ark/deepseek-v3,2793,1364,4157
8cab397cf2f94a4e86e24950a23a700f,unknown,0,0,0
8cac9a9b27854651a4468bd07d26da17,ark/deepseek-v3-1,1405,781,2186
8cac9a9b27854651a4468bd07d26da17,unknown,0,0,0
8cb7ee196b3d4d5b85581235338bebe7,deepseek-chat,671,353,1024
8cb7ee196b3d4d5b85581235338bebe7,unknown,0,0,0
8cb81005969243d8a91168928e28bd9e,deepseek-chat,3237,1134,4371
8cb81005969243d8a91168928e28bd9e,unknown,0,0,0
8cb9561dbcfb4e798bcc944c2e383624,ark/deepseek-v3,467,115,582
8cb9561dbcfb4e798bcc944c2e383624,unknown,0,0,0
8cba10b8723b459c9f39cc762c490d15,ark/deepseek-v3,8926,1463,10389
8cba10b8723b459c9f39cc762c490d15,unknown,0,0,0
8cc3b945e348471dac44ece2bec43e05,deepseek-chat,561,207,768
8cc3b945e348471dac44ece2bec43e05,unknown,0,0,0
8cc420c660754405a235e48e068221cf,deepseek-chat,671,373,1044
8cc420c660754405a235e48e068221cf,gpt-4.1,943,91,1034
8cc420c660754405a235e48e068221cf,unknown,0,0,0
8cc6eb2508d94226a566f8e08d150e29,ark/deepseek-v3,2356,465,2821
8cc6eb2508d94226a566f8e08d150e29,unknown,0,0,0
8cd05eb10ac14800ac0e82e7e35b9131,ark/deepseek-v3,5675,1154,6829
8cd05eb10ac14800ac0e82e7e35b9131,unknown,0,0,0
8cd43504e1ca45d2933c277395c6e0e3,ark/deepseek-v3,0,0,0
8cd43504e1ca45d2933c277395c6e0e3,unknown,0,0,0
8cd5977b833f4e1c9298816618cd8cd2,ark/deepseek-v3,467,96,563
8cd5977b833f4e1c9298816618cd8cd2,unknown,0,0,0
8cdfbfce433c4b039104a68adc73c626,deepseek-chat,1179,238,1417
8cdfbfce433c4b039104a68adc73c626,unknown,0,0,0
8cdfe16a486f4faca452bbe09f5cf514,deepseek-chat,1377,128,1505
8cdfe16a486f4faca452bbe09f5cf514,unknown,0,0,0
8ce715cf268245ffb659ea29232f57da,deepseek-chat,561,222,783
8ce715cf268245ffb659ea29232f57da,unknown,0,0,0
8ce9a03daf9c492abddf59d66f4d2b66,ark/deepseek-v3,2601,217,2818
8ce9a03daf9c492abddf59d66f4d2b66,gpt-4-0613,1685,232,1917
8ce9a03daf9c492abddf59d66f4d2b66,unknown,0,0,0
8cecd5a111304e8581dbac7d2dfdc64e,ark/deepseek-v3,3426,1141,4567
8cecd5a111304e8581dbac7d2dfdc64e,unknown,0,0,0
8cee4319b661476b8a3b63da61249d1b,deepseek-chat,1187,404,1591
8cee4319b661476b8a3b63da61249d1b,unknown,0,0,0
8cf1b42c15f54a20818d4f91a1d7004c,deepseek-chat,671,487,1158
8cf1b42c15f54a20818d4f91a1d7004c,unknown,0,0,0
8cf470a2db5d4d7fbab0274065203570,deepseek-chat,1304,308,1612
8cf470a2db5d4d7fbab0274065203570,gpt-4.1,1606,296,1902
8cf470a2db5d4d7fbab0274065203570,unknown,0,0,0
8cfc8dc021654221afbaca75419961d2,deepseek-chat,561,206,767
8cfc8dc021654221afbaca75419961d2,unknown,0,0,0
8d008abde4cb4241a6e230516cbdae28,deepseek-chat,2677,1234,3911
8d008abde4cb4241a6e230516cbdae28,unknown,0,0,0
8d019971112446c49ff8c9b00db10357,ark/deepseek-v3,701,175,876
8d019971112446c49ff8c9b00db10357,unknown,0,0,0
8d044a7b5d224c6687ad014ab72b1a22,deepseek-chat,643,319,962
8d044a7b5d224c6687ad014ab72b1a22,unknown,0,0,0
8d1749e30ae94792b1872fb4f2f388c4,deepseek-chat,600,301,901
8d1749e30ae94792b1872fb4f2f388c4,unknown,0,0,0
8d25693461c44acc98db1af2659d7419,deepseek-chat,1442,1099,2541
8d25693461c44acc98db1af2659d7419,unknown,0,0,0
8d2d5e6a96be49bcb272597a3b6c3ef5,ark/deepseek-v3,1455,212,1667
8d2d5e6a96be49bcb272597a3b6c3ef5,unknown,0,0,0
8d350616e7404bf9baf20562345efcff,deepseek-chat,2390,761,3151
8d350616e7404bf9baf20562345efcff,unknown,0,0,0
8d3b004ed51b490ab692a45564525051,ark/deepseek-v3,2227,411,2638
8d3b004ed51b490ab692a45564525051,unknown,0,0,0
8d3cd7de71b844709b87ef4541fc0dca,ark/deepseek-v3,2336,1138,3474
8d3cd7de71b844709b87ef4541fc0dca,unknown,0,0,0
8d3f43f18eb4482a8060c022bd10de54,ark/deepseek-v3,1455,210,1665
8d3f43f18eb4482a8060c022bd10de54,unknown,0,0,0
8d44ad1b6f804546838f426ac851ab50,ark/deepseek-v3,467,97,564
8d44ad1b6f804546838f426ac851ab50,unknown,0,0,0
8d4d71d551054741a20af866d4d33fb5,ark/deepseek-v3,5299,781,6080
8d4d71d551054741a20af866d4d33fb5,unknown,0,0,0
8d4ee502add64d279cadc2e25e994216,deepseek-chat,2257,960,3217
8d4ee502add64d279cadc2e25e994216,unknown,0,0,0
8d5327edf2a54e149ae55a3b59ba9601,ark/deepseek-v3,2400,1105,3505
8d5327edf2a54e149ae55a3b59ba9601,unknown,0,0,0
8d5b5eee41034276863d93ffd8b80b0c,deepseek-chat,6524,581,7105
8d5b5eee41034276863d93ffd8b80b0c,gpt-4.1,945,103,1048
8d5b5eee41034276863d93ffd8b80b0c,unknown,0,0,0
8d60a9ffc2b54333bacb12ee09041f4c,ark/deepseek-v3,933,203,1136
8d60a9ffc2b54333bacb12ee09041f4c,unknown,0,0,0
8d71d3a2ae904caba195e7caca389302,unknown,0,0,0
8d764c936110497e8b0a5e8a07a9b713,deepseek-chat,1009,400,1409
8d764c936110497e8b0a5e8a07a9b713,unknown,0,0,0
8d7f42eee0974b43a0774750ee84d863,ark/deepseek-v3-1,905,400,1305
8d7f42eee0974b43a0774750ee84d863,unknown,0,0,0
8d8000718f5740809b776a8fea9a1c56,ark/deepseek-v3,1359,679,2038
8d8000718f5740809b776a8fea9a1c56,unknown,0,0,0
8d824e732a144af68601ed4a69c42d78,ark/deepseek-v3,1455,193,1648
8d824e732a144af68601ed4a69c42d78,unknown,0,0,0
8d8bdb4de88e4b5abea00e79130512bf,ark/deepseek-v3,465,93,558
8d8bdb4de88e4b5abea00e79130512bf,unknown,0,0,0
8d8dc1aa14ce4726b0e93e8295920483,ark/deepseek-v3,465,92,557
8d8dc1aa14ce4726b0e93e8295920483,unknown,0,0,0
8d907c881e9b4cfdbbeadc0f66823054,ark/deepseek-v3,467,91,558
8d907c881e9b4cfdbbeadc0f66823054,unknown,0,0,0
8d97cac11d8c4027a3bb11c429d260d3,ark/deepseek-v3,1509,693,2202
8d97cac11d8c4027a3bb11c429d260d3,unknown,0,0,0
8d98e218b72a4d72bcd59ffcb098f8b8,deepseek-chat,1307,245,1552
8d98e218b72a4d72bcd59ffcb098f8b8,unknown,0,0,0
8d98f56825f94d8d84ed5347522fc949,ark/deepseek-v3,14049,2496,16545
8d98f56825f94d8d84ed5347522fc949,unknown,0,0,0
8da05ed569814246aa8008f7e6915916,ark/deepseek-v3,3907,1495,5402
8da05ed569814246aa8008f7e6915916,unknown,0,0,0
8da24f2f00724acaa50df08952dab185,deepseek-chat,1390,546,1936
8da24f2f00724acaa50df08952dab185,unknown,0,0,0
8da7007f4612450891580e8c79c58f91,deepseek-chat,2110,1549,3659
8da7007f4612450891580e8c79c58f91,unknown,0,0,0
8da7a27829ba431fb51098c4bfc9bf2f,ark/deepseek-v3,467,96,563
8da7a27829ba431fb51098c4bfc9bf2f,unknown,0,0,0
8da8527f38134d588f1101d39ee7dd48,deepseek-chat,5483,2177,7660
8da8527f38134d588f1101d39ee7dd48,unknown,0,0,0
8da8a518c5954fccbcd770450c25aae4,deepseek-chat,972,347,1319
8da8a518c5954fccbcd770450c25aae4,gpt-4.1,940,27,967
8da8a518c5954fccbcd770450c25aae4,unknown,0,0,0
8dadabe1c7b14faa8831f2bd8f02ef1f,ark/deepseek-v3,0,0,0
8dadabe1c7b14faa8831f2bd8f02ef1f,unknown,0,0,0
8daf1ae250114337a789697067deedf5,deepseek-chat,0,0,0
8daf1ae250114337a789697067deedf5,unknown,0,0,0
8db0e70e787843fd9bc0622cf5ff8c89,ark/deepseek-v3,1625,498,2123
8db0e70e787843fd9bc0622cf5ff8c89,unknown,0,0,0
8db19b3a5d0e449da617a90b61c2902f,ark/deepseek-v3,0,0,0
8db19b3a5d0e449da617a90b61c2902f,unknown,0,0,0
8db221e8774849a3a689f1dbf909d99f,ark/deepseek-v3,789,147,936
8db221e8774849a3a689f1dbf909d99f,unknown,0,0,0
8db3ccadd686446a8b1308144f4a5ac4,deepseek-chat,0,0,0
8db3ccadd686446a8b1308144f4a5ac4,unknown,0,0,0
8db8b289ade641e492b0b501a7883792,ark/deepseek-v3,467,85,552
8db8b289ade641e492b0b501a7883792,unknown,0,0,0
8dbb0138164547088f57432a93fd4a5b,ark/deepseek-v3,758,127,885
8dbb0138164547088f57432a93fd4a5b,unknown,0,0,0
8dc937d1bb734ced88733a42837a4bf8,ark/deepseek-v3,13442,2491,15933
8dc937d1bb734ced88733a42837a4bf8,unknown,0,0,0
8dca87991bc241f78eba93c1f6592402,ark/deepseek-v3,5349,2345,7694
8dca87991bc241f78eba93c1f6592402,unknown,0,0,0
8dcd450a95dc4f729b20dacb6fcdb6f2,qwen/qwen-max,6343,1890,8233
8dcd450a95dc4f729b20dacb6fcdb6f2,unknown,0,0,0
8dd319eb4a114955ad5c747c25019fe8,ark/deepseek-v3-1,1712,588,2300
8dd319eb4a114955ad5c747c25019fe8,deepseek-chat,3222,996,4218
8dd319eb4a114955ad5c747c25019fe8,unknown,0,0,0
8de8004383f148f187b5a9c0a0068d6d,ark/deepseek-v3,1434,213,1647
8de8004383f148f187b5a9c0a0068d6d,unknown,0,0,0
8df2c90cf626428084392b1ede6c06dc,ark/deepseek-v3,701,174,875
8df2c90cf626428084392b1ede6c06dc,unknown,0,0,0
8df9094922dc48ca8c7fb5c11a6ad2fe,ark/deepseek-v3,701,176,877
8df9094922dc48ca8c7fb5c11a6ad2fe,unknown,0,0,0
8df92de90c19441fb0ea2983e0e8c7f6,ark/deepseek-v3,487,88,575
8df92de90c19441fb0ea2983e0e8c7f6,unknown,0,0,0
8dfa011c3c66462f908186408a4e9c02,ark/deepseek-v3,6480,1114,7594
8dfa011c3c66462f908186408a4e9c02,unknown,0,0,0
8dfe39f394c0480a9442676f2a3a810f,ark/deepseek-v3,701,177,878
8dfe39f394c0480a9442676f2a3a810f,unknown,0,0,0
8e02bedc01f74ef6a076535c51aff0b6,deepseek-chat,16627,2140,18767
8e02bedc01f74ef6a076535c51aff0b6,gpt-4.1,7370,1175,8545
8e02bedc01f74ef6a076535c51aff0b6,unknown,0,0,0
8e06a9ad673349968df6697477761ad9,deepseek-chat,671,358,1029
8e06a9ad673349968df6697477761ad9,unknown,0,0,0
8e0acda658974019a3e98a25ba2ed0f6,deepseek-chat,0,0,0
8e0acda658974019a3e98a25ba2ed0f6,unknown,0,0,0
8e0c09ae26e04f72afefff57452b0be0,ark/deepseek-v3,1455,215,1670
8e0c09ae26e04f72afefff57452b0be0,unknown,0,0,0
8e0cf9c7a62e40eeb6ca9d43c3f6cd4d,ark/deepseek-v3,5867,1902,7769
8e0cf9c7a62e40eeb6ca9d43c3f6cd4d,gpt-4.1,640,20,660
8e0cf9c7a62e40eeb6ca9d43c3f6cd4d,unknown,0,0,0
8e11fc4c83014177a2e2affa59d7c263,ark/deepseek-v3,3144,292,3436
8e11fc4c83014177a2e2affa59d7c263,unknown,0,0,0
8e16171cdfee46ab894d7543ce9c231b,ark/deepseek-v3,467,99,566
8e16171cdfee46ab894d7543ce9c231b,unknown,0,0,0
8e1d0128433942dc9bbac61faa86e3d5,ark/deepseek-v3,1837,369,2206
8e1d0128433942dc9bbac61faa86e3d5,unknown,0,0,0
8e21a7a68a23438781fa95eb15bf745d,deepseek-chat,561,207,768
8e21a7a68a23438781fa95eb15bf745d,unknown,0,0,0
8e25da2bf3dd49669d03709d0178940a,deepseek-chat,671,356,1027
8e25da2bf3dd49669d03709d0178940a,unknown,0,0,0
8e2f943cb95442c3824b465d6cdac51d,unknown,0,0,0
8e3ccd16c8834573a873c2d6e4159a78,deepseek-chat,5,10,15
8e3ccd16c8834573a873c2d6e4159a78,unknown,0,0,0
8e3eee6ccb8e471c85b5180d9bbe3f69,deepseek-chat,6,134,140
8e3eee6ccb8e471c85b5180d9bbe3f69,unknown,0,0,0
8e454ff84f87448fb35236a1569011e7,ark/deepseek-v3,2349,818,3167
8e454ff84f87448fb35236a1569011e7,unknown,0,0,0
8e49f48f682f4431aa42ddd777d4e679,deepseek-chat,16521,2220,18741
8e49f48f682f4431aa42ddd777d4e679,unknown,0,0,0
8e4a1ab3bf9e411e9afe35663019643b,ark/deepseek-v3,1064,320,1384
8e4a1ab3bf9e411e9afe35663019643b,unknown,0,0,0
8e527be4750848ad99ee9cfa10044abe,ark/deepseek-v3,806,123,929
8e527be4750848ad99ee9cfa10044abe,unknown,0,0,0
8e5369f1d3cb4d73b988f144e2711fed,ark/deepseek-v3-1,1219,476,1695
8e5369f1d3cb4d73b988f144e2711fed,unknown,0,0,0
8e54124fed0d41279fc0b83819a298b3,ark/deepseek-v3,1251,256,1507
8e54124fed0d41279fc0b83819a298b3,unknown,0,0,0
8e615256222f4fa9bcb93d1be75b5745,deepseek-chat,561,207,768
8e615256222f4fa9bcb93d1be75b5745,unknown,0,0,0
8e646a6046cf4535920e7c4dff905aa7,ark/deepseek-v3,1455,235,1690
8e646a6046cf4535920e7c4dff905aa7,unknown,0,0,0
8e6471a504e84297b744e4fd2c5ede3a,ark/deepseek-v3,5137,638,5775
8e6471a504e84297b744e4fd2c5ede3a,deepseek-chat,21814,892,22706
8e6471a504e84297b744e4fd2c5ede3a,unknown,0,0,0
8e676f93fa494243b5b52378a0f7064b,deepseek-chat,1308,296,1604
8e676f93fa494243b5b52378a0f7064b,gpt-4.1,1614,252,1866
8e676f93fa494243b5b52378a0f7064b,unknown,0,0,0
8e6f4620e030467da61f213d09d5da97,ark/deepseek-v3,3969,658,4627
8e6f4620e030467da61f213d09d5da97,unknown,0,0,0
8e7172b69df2434c88c200dd5e35ab06,deepseek-chat,671,399,1070
8e7172b69df2434c88c200dd5e35ab06,unknown,0,0,0
8e89e88786bc487a8ceb104bb74425b7,ark/deepseek-v3,0,0,0
8e89e88786bc487a8ceb104bb74425b7,unknown,0,0,0
8e904ef3345141e99fac803dd6ce3c57,ark/deepseek-v3,6311,1206,7517
8e904ef3345141e99fac803dd6ce3c57,unknown,0,0,0
8ea1b401cb344f65aa83e1e5cf28431c,deepseek-chat,2619,876,3495
8ea1b401cb344f65aa83e1e5cf28431c,unknown,0,0,0
8ea1cddf8cde441d9e20b89984d2d5b2,ark/deepseek-v3,621,147,768
8ea1cddf8cde441d9e20b89984d2d5b2,unknown,0,0,0
8ea732502378436e8147e9b8da9b5dc8,ark/deepseek-v3,467,80,547
8ea732502378436e8147e9b8da9b5dc8,unknown,0,0,0
8ea77bbb7e474a4abd985786e8b310bb,deepseek-chat,752,261,1013
8ea77bbb7e474a4abd985786e8b310bb,unknown,0,0,0
8eb015dcb8274858a18a93374170118e,deepseek-chat,0,0,0
8eb015dcb8274858a18a93374170118e,unknown,0,0,0
8eb700b41f62490ca01d5fd75acb7c9e,deepseek-chat,561,207,768
8eb700b41f62490ca01d5fd75acb7c9e,unknown,0,0,0
8ec04db368e34060bf4a11a59c46d0db,ark/deepseek-v3,2397,452,2849
8ec04db368e34060bf4a11a59c46d0db,unknown,0,0,0
8ec0e1698bcc40938c58a514bfd98eda,ark/deepseek-v3,701,202,903
8ec0e1698bcc40938c58a514bfd98eda,unknown,0,0,0
8ec5f9c2ad7143479e952cb93ec3cc96,deepseek-chat,670,261,931
8ec5f9c2ad7143479e952cb93ec3cc96,unknown,0,0,0
8ecca36d086f4cdfa2cbd3e16adc1923,ark/deepseek-v3,467,94,561
8ecca36d086f4cdfa2cbd3e16adc1923,unknown,0,0,0
8ecd6ebcdf514d1e998f0c702e2c0f42,ark/deepseek-v3,487,93,580
8ecd6ebcdf514d1e998f0c702e2c0f42,unknown,0,0,0
8ed59d482eac4439aba73559945c8419,ark/deepseek-v3,8640,1800,10440
8ed59d482eac4439aba73559945c8419,unknown,0,0,0
8edb047353854b7e9fa4e7c27a0c54b4,ark/deepseek-v3,2361,528,2889
8edb047353854b7e9fa4e7c27a0c54b4,unknown,0,0,0
8ee182b87f60414aadda8f2fd1b8ce07,ark/deepseek-v3,1509,752,2261
8ee182b87f60414aadda8f2fd1b8ce07,unknown,0,0,0
8ee83ad0781641e691349b58a8293365,ark/deepseek-v3,1819,710,2529
8ee83ad0781641e691349b58a8293365,unknown,0,0,0
8eee84a653114c26abccfaff8d856d91,ark/deepseek-v3-1,1405,667,2072
8eee84a653114c26abccfaff8d856d91,unknown,0,0,0
8eeff38c5821484caf984f6dbff963b2,deepseek-chat,671,502,1173
8eeff38c5821484caf984f6dbff963b2,unknown,0,0,0
8ef012501c9e463bbd4e616936ab4149,ark/deepseek-v3,1991,745,2736
8ef012501c9e463bbd4e616936ab4149,unknown,0,0,0
8ef6b8ab14cf49febf88750d241cfb8a,ark/deepseek-v3,866,354,1220
8ef6b8ab14cf49febf88750d241cfb8a,unknown,0,0,0
8efef3a16b5c40a0a6477d35d1f51dc5,ark/deepseek-v3,467,90,557
8efef3a16b5c40a0a6477d35d1f51dc5,unknown,0,0,0
8f041171ba0f44259baa4661677dd82c,ark/deepseek-v3,24812,4921,29733
8f041171ba0f44259baa4661677dd82c,unknown,0,0,0
8f059a4ec061448aa10747a6b5333061,deepseek-chat,670,379,1049
8f059a4ec061448aa10747a6b5333061,unknown,0,0,0
8f0ab8c43f174002a9f6444df1377d3b,deepseek-chat,17,450,467
8f0ab8c43f174002a9f6444df1377d3b,unknown,0,0,0
8f0cf5031e744ab2a49e367d62b6f988,ark/deepseek-v3,1455,205,1660
8f0cf5031e744ab2a49e367d62b6f988,unknown,0,0,0
8f0d637a498e419d839bd6c322c86fd9,deepseek-chat,671,442,1113
8f0d637a498e419d839bd6c322c86fd9,unknown,0,0,0
8f0f81a3fc454c63b1439af010045a38,ark/deepseek-v3,630,160,790
8f0f81a3fc454c63b1439af010045a38,unknown,0,0,0
8f113b0b45f04015ba55f53f0021b24c,ark/deepseek-v3,4300,1974,6274
8f113b0b45f04015ba55f53f0021b24c,unknown,0,0,0
8f15485d4cef43a5888d4f215c5c36ef,deepseek-chat,44,1710,1754
8f15485d4cef43a5888d4f215c5c36ef,unknown,0,0,0
8f1c0180d00d4aa5bf8d9c4c86705df4,ark/deepseek-v3,1455,223,1678
8f1c0180d00d4aa5bf8d9c4c86705df4,unknown,0,0,0
8f257a5dad0a43c9ac6a652bc28c64df,ark/deepseek-v3,710,160,870
8f257a5dad0a43c9ac6a652bc28c64df,unknown,0,0,0
8f2c90d635384032ad13f85d8501fa78,unknown,0,0,0
8f2e6a1c7f6143db9405c58d2f3b0529,ark/deepseek-v3,629,284,913
8f2e6a1c7f6143db9405c58d2f3b0529,unknown,0,0,0
8f30942b656440e1b067bfb901626cfb,ark/deepseek-v3-1,2703,834,3537
8f30942b656440e1b067bfb901626cfb,unknown,0,0,0
8f3bc7900aed4ddd9e763cf17c8554ff,ark/deepseek-v3,17206,3528,20734
8f3bc7900aed4ddd9e763cf17c8554ff,unknown,0,0,0
8f405367855044d8bffd4a408edc9a43,unknown,0,0,0
8f4107ffbe114139ae9039386c90ad56,ark/deepseek-v3,8136,1090,9226
8f4107ffbe114139ae9039386c90ad56,unknown,0,0,0
8f4c55c1e4504a7ab822644086df3d36,ark/deepseek-v3,1795,754,2549
8f4c55c1e4504a7ab822644086df3d36,unknown,0,0,0
8f4f7b0ff53a457695753cee0526f7d2,ark/deepseek-v3,5983,673,6656
8f4f7b0ff53a457695753cee0526f7d2,unknown,0,0,0
8f572202b1be4500baac8a321c3e499e,deepseek-chat,561,207,768
8f572202b1be4500baac8a321c3e499e,unknown,0,0,0
8f690ebe9c484fe98c34ec085ba42389,ark/deepseek-v3,0,0,0
8f690ebe9c484fe98c34ec085ba42389,unknown,0,0,0
8f69bff5f23b4bde8e20e4063039e3f4,deepseek-chat,504,209,713
8f69bff5f23b4bde8e20e4063039e3f4,unknown,0,0,0
8f69e31c51b34726b3f1febaa7178192,deepseek-chat,0,0,0
8f69e31c51b34726b3f1febaa7178192,unknown,0,0,0
8f6e5638aa4c407b9ff075b330b3b10a,deepseek-chat,671,401,1072
8f6e5638aa4c407b9ff075b330b3b10a,unknown,0,0,0
8f78147c66f04de7b41da64c6ae9de72,deepseek-chat,1422,687,2109
8f78147c66f04de7b41da64c6ae9de72,unknown,0,0,0
8f7de014c71b41e49f8f8c0c6dd372e3,deepseek-chat,670,346,1016
8f7de014c71b41e49f8f8c0c6dd372e3,unknown,0,0,0
8f7f7025ac4b45f29699028f0d39f56c,deepseek-chat,3395,1407,4802
8f7f7025ac4b45f29699028f0d39f56c,gpt-4.1,3405,883,4288
8f7f7025ac4b45f29699028f0d39f56c,unknown,0,0,0
8f991158b8d74fb9ac12112a3121fe4c,deepseek-chat,769,426,1195
8f991158b8d74fb9ac12112a3121fe4c,unknown,0,0,0
8f9a09c51101482791ef5508ea97b603,ark/deepseek-v3,8754,1612,10366
8f9a09c51101482791ef5508ea97b603,unknown,0,0,0
8f9f3235ebe0460a8bce48a3416e89ae,ark/deepseek-v3,3119,327,3446
8f9f3235ebe0460a8bce48a3416e89ae,unknown,0,0,0
8fa4d7c4ed634f5187d8c4dd5a562231,ark/deepseek-v3,113,1379,1492
8fa4d7c4ed634f5187d8c4dd5a562231,unknown,0,0,0
8fa9743e291e4681a1c164b8632f1143,ark/deepseek-v3,2520,1227,3747
8fa9743e291e4681a1c164b8632f1143,unknown,0,0,0
8fb969ae04a74ab280e55f1b8787c6a2,ark/deepseek-v3-1,972,374,1346
8fb969ae04a74ab280e55f1b8787c6a2,unknown,0,0,0
8fc3b54af7024703a25b746ddca7adae,deepseek-chat,711,346,1057
8fc3b54af7024703a25b746ddca7adae,unknown,0,0,0
8fca75fac5ba46bfb070bfafcef8ff0b,ark/deepseek-v3,2685,1365,4050
8fca75fac5ba46bfb070bfafcef8ff0b,unknown,0,0,0
8fcad6fa27c74d1facc620d42df58b8d,deepseek-chat,966,416,1382
8fcad6fa27c74d1facc620d42df58b8d,unknown,0,0,0
8fe33a173f51497d81afa5dab594ea08,deepseek-chat,3539,1228,4767
8fe33a173f51497d81afa5dab594ea08,gpt-4.1,4159,961,5120
8fe33a173f51497d81afa5dab594ea08,unknown,0,0,0
8fe50937e3e54caca92b04dfb2c2124d,ark/deepseek-v3,1837,385,2222
8fe50937e3e54caca92b04dfb2c2124d,unknown,0,0,0
8fe8c6602f7f40e793bd60bb0688ee37,ark/deepseek-v3,5057,724,5781
8fe8c6602f7f40e793bd60bb0688ee37,unknown,0,0,0
8ff197be7e5646e5bfc9ed9ff71639c2,ark/kimi-k2,1069,591,1660
8ff197be7e5646e5bfc9ed9ff71639c2,unknown,0,0,0
8ff9af3181ec450992c8bf2df62e0d5e,ark/deepseek-v3,30294,5970,36264
8ff9af3181ec450992c8bf2df62e0d5e,unknown,0,0,0
8ffba4be5cd4468899b45062a36a14d1,ark/deepseek-v3,467,94,561
8ffba4be5cd4468899b45062a36a14d1,unknown,0,0,0
90010dee8a604ee6afed52b800f4b7ac,deepseek-chat,5662,1372,7034
90010dee8a604ee6afed52b800f4b7ac,unknown,0,0,0
9011261024784cdba8226d904bb1fce0,deepseek-chat,0,0,0
9011261024784cdba8226d904bb1fce0,unknown,0,0,0
90166d18126d41e4a412243adc13e6f3,ark/deepseek-v3,1170,476,1646
90166d18126d41e4a412243adc13e6f3,unknown,0,0,0
90186f945c864681b01154c8e02551ba,deepseek-chat,5529,2412,7941
90186f945c864681b01154c8e02551ba,gpt-4.1,3928,995,4923
90186f945c864681b01154c8e02551ba,unknown,0,0,0
90191942ae084282b133a5f358ecef20,deepseek-chat,1444,1102,2546
90191942ae084282b133a5f358ecef20,unknown,0,0,0
901d1064e30043559d4d562910d4e316,ark/deepseek-v3,467,83,550
901d1064e30043559d4d562910d4e316,unknown,0,0,0
903256336d704a82917b841458db1ea0,deepseek-chat,1180,389,1569
903256336d704a82917b841458db1ea0,unknown,0,0,0
9038509132f14f6cb81e43181afde0a6,ark/deepseek-v3,465,83,548
9038509132f14f6cb81e43181afde0a6,unknown,0,0,0
90392d63b7704d26a28f9ce8ae34ffed,deepseek-chat,2793,1027,3820
90392d63b7704d26a28f9ce8ae34ffed,unknown,0,0,0
903b1e96ddc843b8ab966618ae636300,ark/deepseek-v3,701,215,916
903b1e96ddc843b8ab966618ae636300,unknown,0,0,0
904504310a364176b12518eb35c0adce,ark/deepseek-v3,6624,760,7384
904504310a364176b12518eb35c0adce,unknown,0,0,0
90486c49ae6a47fb935c5fe4ca572fa2,ark/deepseek-v3,758,80,838
90486c49ae6a47fb935c5fe4ca572fa2,unknown,0,0,0
904aaebb8bf04e4dbf7c1d55d902eab1,ark/deepseek-v3,0,0,0
904aaebb8bf04e4dbf7c1d55d902eab1,unknown,0,0,0
905412a0a05b4f14ab8bb6ff111e7a70,ark/deepseek-v3-1,2717,1013,3730
905412a0a05b4f14ab8bb6ff111e7a70,unknown,0,0,0
9055c6ad4908438a8f551d37d40f4882,ark/deepseek-v3-1,2173,331,2504
9055c6ad4908438a8f551d37d40f4882,unknown,0,0,0
90564565ba88410a864b9bc72f512a60,deepseek-chat,670,339,1009
90564565ba88410a864b9bc72f512a60,unknown,0,0,0
905c8d06e3bb469fbe503a49f2dd6d26,ark/deepseek-v3-1,1405,823,2228
905c8d06e3bb469fbe503a49f2dd6d26,unknown,0,0,0
905f34e2685e455e90460494edf7965e,ark/deepseek-v3,2369,463,2832
905f34e2685e455e90460494edf7965e,unknown,0,0,0
906134dc22924dda80d83dac536e7d09,deepseek-chat,561,207,768
906134dc22924dda80d83dac536e7d09,unknown,0,0,0
90626b37a9594aa094a19449b36e9110,deepseek-chat,2095,1339,3434
90626b37a9594aa094a19449b36e9110,unknown,0,0,0
906c6b49bfcf424088d4fbf21db9b5cb,ark/deepseek-v3,113,935,1048
906c6b49bfcf424088d4fbf21db9b5cb,unknown,0,0,0
906d6f85f7724b2e8043d7a17cc2fcb6,ark/deepseek-v3,2261,1117,3378
906d6f85f7724b2e8043d7a17cc2fcb6,unknown,0,0,0
9077eb4eed344cac9f3886a6af437570,ark/deepseek-v3,7267,1547,8814
9077eb4eed344cac9f3886a6af437570,unknown,0,0,0
907b4ca359874e038ecb1400630dec5f,ark/deepseek-v3,467,104,571
907b4ca359874e038ecb1400630dec5f,unknown,0,0,0
9082dd15379c4e1f8f9ebb53061087aa,ark/deepseek-v3,3143,279,3422
9082dd15379c4e1f8f9ebb53061087aa,deepseek-chat,5091,170,5261
9082dd15379c4e1f8f9ebb53061087aa,unknown,0,0,0
9085a47a7e694564b0841f7823f28052,ark/deepseek-v3,701,183,884
9085a47a7e694564b0841f7823f28052,unknown,0,0,0
9086fb93c5384a73a9141a1fb5bbe7e3,ark/deepseek-v3,2383,269,2652
9086fb93c5384a73a9141a1fb5bbe7e3,unknown,0,0,0
90881a74d0524098a576de8b2729675e,ark/deepseek-v3,113,1309,1422
90881a74d0524098a576de8b2729675e,unknown,0,0,0
908ca0e0fb4a44b0a3c05cb3d82f4126,deepseek-chat,1387,427,1814
908ca0e0fb4a44b0a3c05cb3d82f4126,unknown,0,0,0
90a01e1bfa0e4179b4be1aa2d538d91e,deepseek-chat,847,450,1297
90a01e1bfa0e4179b4be1aa2d538d91e,unknown,0,0,0
90a06719cbdf42b7ad054df5c26e6aae,ark/deepseek-v3,6129,1626,7755
90a06719cbdf42b7ad054df5c26e6aae,gpt-4.1,648,27,675
90a06719cbdf42b7ad054df5c26e6aae,unknown,0,0,0
90a703e6a7334e1a971751546f749ccd,ark/deepseek-v3,14032,2590,16622
90a703e6a7334e1a971751546f749ccd,unknown,0,0,0
90a85eae1c6b4ccb85deb425ef90c807,gpt-4-0613,5382,5261,10643
90a85eae1c6b4ccb85deb425ef90c807,unknown,0,0,0
90aa84549bfe432ebf7b17ec43c7828d,deepseek-chat,2772,1110,3882
90aa84549bfe432ebf7b17ec43c7828d,unknown,0,0,0
90ab63d9a82e4535bb8d4893816c794a,ark/deepseek-v3,4135,2116,6251
90ab63d9a82e4535bb8d4893816c794a,unknown,0,0,0
90b4861e67894fa183e62fc4e795da8f,ark/deepseek-v3,5487,606,6093
90b4861e67894fa183e62fc4e795da8f,unknown,0,0,0
90c72a012f054022ae0ec67af6b85f54,deepseek-chat,0,0,0
90c72a012f054022ae0ec67af6b85f54,unknown,0,0,0
90c9effd22584365b2dedeb0f63a261d,deepseek-chat,932,229,1161
90c9effd22584365b2dedeb0f63a261d,gpt-4.1,672,252,924
90c9effd22584365b2dedeb0f63a261d,unknown,0,0,0
90ca75f9ca6148b3ab150419968b86d6,deepseek-chat,2414,1123,3537
90ca75f9ca6148b3ab150419968b86d6,unknown,0,0,0
90cac0a00e294fe39e7261dd0da9d4c0,ark/deepseek-v3,160,257,417
90cac0a00e294fe39e7261dd0da9d4c0,unknown,0,0,0
90cc36a7411944f78a972d17737d2789,deepseek-chat,2139,901,3040
90cc36a7411944f78a972d17737d2789,unknown,0,0,0
90d3150b6ff045bca722b0531f67a7a5,ark/deepseek-v3,6258,1553,7811
90d3150b6ff045bca722b0531f67a7a5,gpt-4.1,638,56,694
90d3150b6ff045bca722b0531f67a7a5,unknown,0,0,0
90d45c38e4d242549fedd2f39c68116a,ark/deepseek-v3,1455,192,1647
90d45c38e4d242549fedd2f39c68116a,unknown,0,0,0
90deae8c3bf345b48d6630d56414cd01,ark/deepseek-v3,701,183,884
90deae8c3bf345b48d6630d56414cd01,unknown,0,0,0
90e4006db04145faa59db28813560d0b,deepseek-chat,826,316,1142
90e4006db04145faa59db28813560d0b,unknown,0,0,0
90e47ed093684a73826f5ef66f4863f0,deepseek-chat,670,283,953
90e47ed093684a73826f5ef66f4863f0,unknown,0,0,0
90e58a4aa7a948d4a61f30e185f180da,ark/deepseek-v3,4406,836,5242
90e58a4aa7a948d4a61f30e185f180da,unknown,0,0,0
90ea2d3a98ca4b24b20aba88b4d187c0,deepseek-chat,2162,888,3050
90ea2d3a98ca4b24b20aba88b4d187c0,unknown,0,0,0
90f05463f3634118921dd48b31862b89,ark/deepseek-v3,1065,306,1371
90f05463f3634118921dd48b31862b89,unknown,0,0,0
9105d1c34e5947d48f61d14dc6d1732f,ark/deepseek-v3-1,528,301,829
9105d1c34e5947d48f61d14dc6d1732f,unknown,0,0,0
910700ae4a444e9ebc20798d3dc04df1,ark/deepseek-v3-1,2952,1305,4257
910700ae4a444e9ebc20798d3dc04df1,unknown,0,0,0
910ce75796c64cf9a280141fdd618cc6,deepseek-chat,569,537,1106
910ce75796c64cf9a280141fdd618cc6,unknown,0,0,0
911db7520a4347eba2973a37041dd1d3,ark/deepseek-v3,467,97,564
911db7520a4347eba2973a37041dd1d3,unknown,0,0,0
9124a9f66c34403783765dd69f86adca,deepseek-chat,670,335,1005
9124a9f66c34403783765dd69f86adca,unknown,0,0,0
9127e06fc9dc4e54ae542aef6ab4a637,deepseek-chat,2112,329,2441
9127e06fc9dc4e54ae542aef6ab4a637,unknown,0,0,0
9128f111925d4fabaccee07ed24fb38d,ark/deepseek-v3,6187,1847,8034
9128f111925d4fabaccee07ed24fb38d,gpt-4.1,642,23,665
9128f111925d4fabaccee07ed24fb38d,unknown,0,0,0
9131f9a67f1642f0a4ac5d407247b4a3,ark/deepseek-v3,8020,1459,9479
9131f9a67f1642f0a4ac5d407247b4a3,unknown,0,0,0
913876c23ae647bbb6af8f275bb271fb,deepseek-chat,0,0,0
913876c23ae647bbb6af8f275bb271fb,unknown,0,0,0
913d57279e324609b9b61ac7bbd783c6,ark/deepseek-v3,3255,468,3723
913d57279e324609b9b61ac7bbd783c6,unknown,0,0,0
914902e94b764a17925706e3be300f50,ark/deepseek-v3,9265,1703,10968
914902e94b764a17925706e3be300f50,unknown,0,0,0
914b881683234b4fb63cf1f8144c3fd0,ark/deepseek-v3,1455,205,1660
914b881683234b4fb63cf1f8144c3fd0,unknown,0,0,0
914d7860c54a4436a834ee4e533d9fb0,deepseek-chat,0,0,0
914d7860c54a4436a834ee4e533d9fb0,unknown,0,0,0
9151dc4f6c304e93b840f2b4ce2098b7,deepseek-chat,755,284,1039
9151dc4f6c304e93b840f2b4ce2098b7,unknown,0,0,0
915da36e4fb0490bac471384ecd195c9,deepseek-chat,0,0,0
915da36e4fb0490bac471384ecd195c9,unknown,0,0,0
91608aa7373c423db1484bcfc876b72a,deepseek-chat,1536,241,1777
91608aa7373c423db1484bcfc876b72a,unknown,0,0,0
9163605f8f6847afaf542f9f9dff742f,ark/deepseek-v3,785,182,967
9163605f8f6847afaf542f9f9dff742f,unknown,0,0,0
91682b0aa5ba44fe84fb86a48ffe076f,deepseek-chat,0,0,0
91682b0aa5ba44fe84fb86a48ffe076f,unknown,0,0,0
916ce0e65eb948f1b896ad2e8c7c3b1e,ark/deepseek-v3,1455,155,1610
916ce0e65eb948f1b896ad2e8c7c3b1e,unknown,0,0,0
917214afb8b74a76b8022fe217033d8f,ark/deepseek-v3,1091,336,1427
917214afb8b74a76b8022fe217033d8f,unknown,0,0,0
9173a23165d4411e8ff46e2bcbe2bf69,deepseek-chat,4329,248,4577
9173a23165d4411e8ff46e2bcbe2bf69,unknown,0,0,0
9173e36ed19643cdb34ee2e14ed5366e,ark/deepseek-v3,467,85,552
9173e36ed19643cdb34ee2e14ed5366e,unknown,0,0,0
917792c78bb545c8a615a556f53e1382,ark/deepseek-v3,2397,484,2881
917792c78bb545c8a615a556f53e1382,unknown,0,0,0
9179155a4bce46a1a86dd441619a841d,deepseek-chat,896,471,1367
9179155a4bce46a1a86dd441619a841d,unknown,0,0,0
9179403cd47b434f918861f2ea4ce536,ark/deepseek-v3-1,5074,2069,7143
9179403cd47b434f918861f2ea4ce536,gpt-4.1,3831,924,4755
9179403cd47b434f918861f2ea4ce536,unknown,0,0,0
917ac72b99b847488da15ec0f77412f9,ark/kimi-k2,1659,1023,2682
917ac72b99b847488da15ec0f77412f9,unknown,0,0,0
91800276144c47dfab25b46013777858,deepseek-chat,561,206,767
91800276144c47dfab25b46013777858,unknown,0,0,0
9181f443a89741f9bb2356447e9bf6a1,ark/deepseek-v3,1516,238,1754
9181f443a89741f9bb2356447e9bf6a1,unknown,0,0,0
9186c9375ea044169880fa9e622c39ad,deepseek-chat,2867,1315,4182
9186c9375ea044169880fa9e622c39ad,unknown,0,0,0
918a98a22920466398f9900b258ae0cd,ark/deepseek-v3,0,0,0
918a98a22920466398f9900b258ae0cd,unknown,0,0,0
918d491de153429c82cc202d240320d9,ark/deepseek-v3,701,176,877
918d491de153429c82cc202d240320d9,unknown,0,0,0
918eb716f58a40b795858bcfbe72f0d4,ark/deepseek-v3,621,219,840
918eb716f58a40b795858bcfbe72f0d4,unknown,0,0,0
9190ce7211d44a0d8e4b695539f6a172,ark/deepseek-v3,6625,664,7289
9190ce7211d44a0d8e4b695539f6a172,unknown,0,0,0
9190f1d3e3dd414c91af0b8ffe40962e,ark/deepseek-v3,467,93,560
9190f1d3e3dd414c91af0b8ffe40962e,unknown,0,0,0
9191c16227c44f02bba6ad6d6a7f9e57,ark/deepseek-v3,2615,1204,3819
9191c16227c44f02bba6ad6d6a7f9e57,unknown,0,0,0
9196d2ecd3f142ffbe4f996f2b092517,ark/deepseek-v3-1,2859,1114,3973
9196d2ecd3f142ffbe4f996f2b092517,unknown,0,0,0
919895e3b03d4ecd9a0b9b12d767b47f,deepseek-chat,905,763,1668
919895e3b03d4ecd9a0b9b12d767b47f,unknown,0,0,0
919bdbd7702c4dbd880edb2e7f7c7f6e,ark/deepseek-v3,1420,654,2074
919bdbd7702c4dbd880edb2e7f7c7f6e,unknown,0,0,0
91ae019a167749d8890523ac551d4064,ark/deepseek-v3,467,104,571
91ae019a167749d8890523ac551d4064,unknown,0,0,0
91b079d5f04042a2a0e99120a48408cd,ark/deepseek-v3,795,161,956
91b079d5f04042a2a0e99120a48408cd,deepseek-chat,172,998,1170
91b079d5f04042a2a0e99120a48408cd,unknown,0,0,0
91b0f25d1b2d4e1fb8069d53621496b8,deepseek-chat,11106,1615,12721
91b0f25d1b2d4e1fb8069d53621496b8,gpt-4.1,3346,894,4240
91b0f25d1b2d4e1fb8069d53621496b8,unknown,0,0,0
91b323dd93a348bea0397b593d3c399c,unknown,0,0,0
91b3ff8337844ea6bbde2d0b49c16694,ark/deepseek-v3,1065,319,1384
91b3ff8337844ea6bbde2d0b49c16694,unknown,0,0,0
91badfe5255845cf808d10511b947aa6,ark/deepseek-v3,3527,1427,4954
91badfe5255845cf808d10511b947aa6,unknown,0,0,0
91c523f7224b4a009131977023ecfb58,ark/deepseek-v3,467,96,563
91c523f7224b4a009131977023ecfb58,unknown,0,0,0
91c5d7bd40c140ce9ff0201e90ec371c,deepseek-chat,841,345,1186
91c5d7bd40c140ce9ff0201e90ec371c,unknown,0,0,0
91dfe48b90964ef2a04d279944571d1b,gpt-4-0613,2041,1567,3608
91dfe48b90964ef2a04d279944571d1b,unknown,0,0,0
91e5f5c5511c4f07a8eb170a5ed2360d,ark/deepseek-v3,1455,195,1650
91e5f5c5511c4f07a8eb170a5ed2360d,unknown,0,0,0
91ee9c9438a74bc985e5a343aa44aa41,deepseek-chat,2676,1395,4071
91ee9c9438a74bc985e5a343aa44aa41,unknown,0,0,0
91f1fbb86ee64a6ba85eab978674205f,ark/deepseek-v3,0,0,0
91f1fbb86ee64a6ba85eab978674205f,unknown,0,0,0
91fa00597c6b4fbc91021bfa971fbf11,deepseek-chat,697,222,919
91fa00597c6b4fbc91021bfa971fbf11,unknown,0,0,0
91fa605b30964d91811836e287652c86,ark/deepseek-v3,3144,324,3468
91fa605b30964d91811836e287652c86,unknown,0,0,0
91fc9695647f4d25812900a5e75d6c75,ark/deepseek-v3,1455,205,1660
91fc9695647f4d25812900a5e75d6c75,unknown,0,0,0
9204016421d8478bb06c00d88b987890,ark/deepseek-v3,701,176,877
9204016421d8478bb06c00d88b987890,unknown,0,0,0
920cce08595e4a00bb432cdcbbb5ada7,deepseek-chat,6728,1668,8396
920cce08595e4a00bb432cdcbbb5ada7,unknown,0,0,0
920e73cb60d44cdb8853af02832e1bfd,ark/deepseek-v3,758,89,847
920e73cb60d44cdb8853af02832e1bfd,unknown,0,0,0
921060c0f5d44343b5ef5b4be707f8f5,deepseek-chat,705,278,983
921060c0f5d44343b5ef5b4be707f8f5,unknown,0,0,0
92142d2329c64c4e9738c78ebfcec21a,ark/deepseek-v3,697,318,1015
92142d2329c64c4e9738c78ebfcec21a,unknown,0,0,0
9218ac0222ee429fb3b4d7b37c1e66ff,deepseek-chat,561,206,767
9218ac0222ee429fb3b4d7b37c1e66ff,unknown,0,0,0
921c5d15f5ce4849ae5c79fdaa45e5e6,ark/deepseek-v3,2307,372,2679
921c5d15f5ce4849ae5c79fdaa45e5e6,unknown,0,0,0
92237454eae3429db16ab21c17be99f7,ark/deepseek-v3,1064,364,1428
92237454eae3429db16ab21c17be99f7,unknown,0,0,0
9227dd66abea4015a1d531f7a7485053,ark/deepseek-v3,1118,220,1338
9227dd66abea4015a1d531f7a7485053,unknown,0,0,0
923269f0bc5c4e178f5e1f587a193b69,ark/deepseek-v3,467,93,560
923269f0bc5c4e178f5e1f587a193b69,unknown,0,0,0
923d935b46794c17880770e4abc68014,deepseek-chat,0,0,0
923d935b46794c17880770e4abc68014,unknown,0,0,0
923e8d84535e402faea8a0e6d5328416,deepseek-chat,3461,1612,5073
923e8d84535e402faea8a0e6d5328416,gpt-4.1,3417,821,4238
923e8d84535e402faea8a0e6d5328416,unknown,0,0,0
923fb2c86fcc4b18b3ab26c0a4bfe6d5,deepseek-chat,6606,2149,8755
923fb2c86fcc4b18b3ab26c0a4bfe6d5,unknown,0,0,0
9244077544514d56a5d78140d9403090,deepseek-chat,1304,276,1580
9244077544514d56a5d78140d9403090,gpt-4.1,1607,286,1893
9244077544514d56a5d78140d9403090,unknown,0,0,0
92461c7aecfc46ab8326ce4048909a89,ark/deepseek-v3,13444,2585,16029
92461c7aecfc46ab8326ce4048909a89,unknown,0,0,0
9248977682404b3baa335af31db0315a,ark/deepseek-v3,1144,357,1501
9248977682404b3baa335af31db0315a,deepseek-chat,13141,708,13849
9248977682404b3baa335af31db0315a,unknown,0,0,0
92521fcb4ad14a5c8c5a5bd6c7c473b1,ark/deepseek-v3-1,1852,753,2605
92521fcb4ad14a5c8c5a5bd6c7c473b1,unknown,0,0,0
9259a5a0c58645798f25b6c3e3b97887,ark/deepseek-v3,562,89,651
9259a5a0c58645798f25b6c3e3b97887,unknown,0,0,0
925effc1e59e40f39628291178089d5a,deepseek-chat,1568,765,2333
925effc1e59e40f39628291178089d5a,unknown,0,0,0
926166f4f9e34c5ab9935af30ea7ebce,deepseek-chat,0,0,0
926166f4f9e34c5ab9935af30ea7ebce,unknown,0,0,0
92625ec21c6d41afa681d736a6ceb63c,ark/deepseek-v3,1089,308,1397
92625ec21c6d41afa681d736a6ceb63c,unknown,0,0,0
926e42678c25491ca7177a7425bc03bc,ark/deepseek-v3,1064,310,1374
926e42678c25491ca7177a7425bc03bc,unknown,0,0,0
9271ab49a0fb4fc6a9a74671e01598bb,gpt-4o-mini,24048,3544,27592
9271ab49a0fb4fc6a9a74671e01598bb,unknown,0,0,0
927d1af07629456fb172252af4d2ff61,deepseek-chat,957,455,1412
927d1af07629456fb172252af4d2ff61,unknown,0,0,0
92803df8aedc4d858d56693693566604,deepseek-chat,3289,1343,4632
92803df8aedc4d858d56693693566604,gpt-4.1,3347,750,4097
92803df8aedc4d858d56693693566604,unknown,0,0,0
9282e70e0fd14cf1b5728848bec8cfc9,deepseek-chat,0,0,0
9282e70e0fd14cf1b5728848bec8cfc9,unknown,0,0,0
9283a1742e7f48b6abbc9dc4231d3b4a,deepseek-chat,561,207,768
9283a1742e7f48b6abbc9dc4231d3b4a,unknown,0,0,0
9295635a4d2a4c86941448e818e06c5e,deepseek-chat,1044,385,1429
9295635a4d2a4c86941448e818e06c5e,gpt-4.1,942,29,971
9295635a4d2a4c86941448e818e06c5e,unknown,0,0,0
92a1bd7f8c9d4f2186f1a677cf0a1942,deepseek-chat,3177,1146,4323
92a1bd7f8c9d4f2186f1a677cf0a1942,gpt-4.1,3339,845,4184
92a1bd7f8c9d4f2186f1a677cf0a1942,unknown,0,0,0
92a991193ad941079e5a55b59ab1f276,deepseek-chat,671,380,1051
92a991193ad941079e5a55b59ab1f276,unknown,0,0,0
92b047bd96004b8aa5af9c48c2d84320,ark/kimi-k2,0,0,0
92b047bd96004b8aa5af9c48c2d84320,deepseek-chat,671,454,1125
92b047bd96004b8aa5af9c48c2d84320,unknown,0,0,0
92b587dec6e94208ae0e16c130e636c6,deepseek-chat,897,467,1364
92b587dec6e94208ae0e16c130e636c6,unknown,0,0,0
92b5b770be7a4cc28f2dea55e0b5579e,ark/deepseek-v3,4618,2210,6828
92b5b770be7a4cc28f2dea55e0b5579e,unknown,0,0,0
92bc9c469f01496cafda59cc0436b3e4,ark/deepseek-v3,4982,352,5334
92bc9c469f01496cafda59cc0436b3e4,unknown,0,0,0
92c210a80f33414b88fde243780c8279,deepseek-chat,671,466,1137
92c210a80f33414b88fde243780c8279,unknown,0,0,0
92ca20dd8aa54b9b99d2d4b1fbe5ba92,ark/deepseek-v3,701,176,877
92ca20dd8aa54b9b99d2d4b1fbe5ba92,unknown,0,0,0
92cc40489261450d8d3f3b1b7db0374b,ark/deepseek-v3,0,0,0
92cc40489261450d8d3f3b1b7db0374b,unknown,0,0,0
92d237bad8384bc9ad5c08d42c3e86b4,unknown,0,0,0
92d48ab116c2466abe2da2b1da0d38c5,ark/deepseek-v3-1,907,330,1237
92d48ab116c2466abe2da2b1da0d38c5,unknown,0,0,0
92d69161d3924e9e9322775fa411d669,deepseek-chat,934,230,1164
92d69161d3924e9e9322775fa411d669,gpt-4.1,672,220,892
92d69161d3924e9e9322775fa411d669,unknown,0,0,0
92db51aa65654b59b78f0cd4e719bb3f,ark/deepseek-v3,2304,1260,3564
92db51aa65654b59b78f0cd4e719bb3f,unknown,0,0,0
92e2c430ed0e44e2b2217bda8b04f51c,ark/deepseek-v3,6056,1758,7814
92e2c430ed0e44e2b2217bda8b04f51c,gpt-4.1,638,26,664
92e2c430ed0e44e2b2217bda8b04f51c,unknown,0,0,0
92e91c76dbb84345a6a1935b8b8dad2d,deepseek-chat,600,326,926
92e91c76dbb84345a6a1935b8b8dad2d,unknown,0,0,0
92ec9695ae5445c48868e65b9e5d0540,deepseek-chat,671,488,1159
92ec9695ae5445c48868e65b9e5d0540,unknown,0,0,0
92f1c2c450a144a7bfaabd0773a2d6bf,deepseek-chat,3583,1571,5154
92f1c2c450a144a7bfaabd0773a2d6bf,gpt-4.1,5132,1102,6234
92f1c2c450a144a7bfaabd0773a2d6bf,unknown,0,0,0
92f5864a22294702b20561765372ac07,ark/deepseek-v3,2398,448,2846
92f5864a22294702b20561765372ac07,unknown,0,0,0
92f5ee4aea6649539eea545e26494a85,ark/deepseek-v3,1251,220,1471
92f5ee4aea6649539eea545e26494a85,unknown,0,0,0
92f5f2f67feb4c4685860b7b63d827df,ark/deepseek-v3,30024,5876,35900
92f5f2f67feb4c4685860b7b63d827df,unknown,0,0,0
92f889245a74476ea6f8e5ca24d58c28,ark/deepseek-v3,1089,309,1398
92f889245a74476ea6f8e5ca24d58c28,unknown,0,0,0
92fbc6595e1242eeb3d294b2783f170c,ark/deepseek-v3,1771,1057,2828
92fbc6595e1242eeb3d294b2783f170c,unknown,0,0,0
930418b485544505b1e058754443552b,ark/deepseek-v3-1,2748,1073,3821
930418b485544505b1e058754443552b,unknown,0,0,0
9304536cf5a0436e819140d6dc27c50d,deepseek-chat,20851,2182,23033
9304536cf5a0436e819140d6dc27c50d,unknown,0,0,0
930c24c61207449b9a1071911ada9f4e,ark/deepseek-v3,701,192,893
930c24c61207449b9a1071911ada9f4e,unknown,0,0,0
930daef4b68b4af198462a6da04db5ee,deepseek-chat,670,351,1021
930daef4b68b4af198462a6da04db5ee,unknown,0,0,0
9313cab308c342f183dd1517b5795469,ark/deepseek-v3,5643,1178,6821
9313cab308c342f183dd1517b5795469,unknown,0,0,0
9316bf03253c4fdb9dc35277898b5077,ark/deepseek-v3,0,0,0
9316bf03253c4fdb9dc35277898b5077,unknown,0,0,0
931779f6ccea4ab48408f687680f3056,ark/deepseek-v3,1089,342,1431
931779f6ccea4ab48408f687680f3056,unknown,0,0,0
9323bf991e8a4e559f1891ef0b840a20,deepseek-chat,1485,568,2053
9323bf991e8a4e559f1891ef0b840a20,unknown,0,0,0
932483b833d54112bc37f07a392c16b2,ark/deepseek-v3,1094,237,1331
932483b833d54112bc37f07a392c16b2,unknown,0,0,0
93274205d7014744a09123222410f7df,ark/deepseek-v3,5862,1915,7777
93274205d7014744a09123222410f7df,deepseek-chat,7070,479,7549
93274205d7014744a09123222410f7df,unknown,0,0,0
933067364a5d4eee82e122264b254a0a,ark/deepseek-v3,1251,215,1466
933067364a5d4eee82e122264b254a0a,unknown,0,0,0
933517df7eaf425c97445938e5948387,ark/deepseek-v3,4913,1154,6067
933517df7eaf425c97445938e5948387,unknown,0,0,0
93410c22ae4444048959c62923be2887,ark/deepseek-v3,1455,218,1673
93410c22ae4444048959c62923be2887,unknown,0,0,0
934de6410daa467e97dfa66d1af79de6,ark/deepseek-v3,6129,1720,7849
934de6410daa467e97dfa66d1af79de6,ark/deepseek-v3-1,0,0,0
934de6410daa467e97dfa66d1af79de6,gpt-4.1,641,20,661
934de6410daa467e97dfa66d1af79de6,unknown,0,0,0
93689615252c45f2a26bd8031793cf05,ark/deepseek-v3,695,510,1205
93689615252c45f2a26bd8031793cf05,unknown,0,0,0
936dde55b37f40bd97ee061611ece556,deepseek-chat,1053,401,1454
936dde55b37f40bd97ee061611ece556,gpt-4.1,941,28,969
936dde55b37f40bd97ee061611ece556,unknown,0,0,0
9373d06f0e274de98abeb8f75b81d653,ark/deepseek-v3-1,4805,1950,6755
9373d06f0e274de98abeb8f75b81d653,unknown,0,0,0
9374a772364b472b9fa09495d35acfaa,ark/deepseek-v3,467,97,564
9374a772364b472b9fa09495d35acfaa,unknown,0,0,0
9378ee77dbbc4661bfe5cd52a3a40384,deepseek-chat,1527,490,2017
9378ee77dbbc4661bfe5cd52a3a40384,unknown,0,0,0
93875705b2784aacbc42295564beb946,deepseek-chat,671,389,1060
93875705b2784aacbc42295564beb946,unknown,0,0,0
938cae6cb3734c68afc56fd45833058d,ark/deepseek-v3,467,94,561
938cae6cb3734c68afc56fd45833058d,unknown,0,0,0
938d12c7517a462a9998578e4a91016a,ark/deepseek-v3,467,98,565
938d12c7517a462a9998578e4a91016a,unknown,0,0,0
93907091424c482bb36c187087376d7f,ark/deepseek-v3,467,92,559
93907091424c482bb36c187087376d7f,unknown,0,0,0
939c126feeb54977b39d32c3f488d03c,deepseek-chat,584,148,732
939c126feeb54977b39d32c3f488d03c,unknown,0,0,0
939ce060debc45ec9602a1a53fa80441,deepseek-chat,3489,1359,4848
939ce060debc45ec9602a1a53fa80441,unknown,0,0,0
93aef72de51a42de90c753011045a3a4,ark/deepseek-v3,467,94,561
93aef72de51a42de90c753011045a3a4,unknown,0,0,0
93b63509666c4d9fa4efa5bf53e9e4ff,deepseek-chat,3352,1462,4814
93b63509666c4d9fa4efa5bf53e9e4ff,gpt-4.1,4890,1017,5907
93b63509666c4d9fa4efa5bf53e9e4ff,unknown,0,0,0
93bb9fd2c3714aa89e7142622bf29a4c,ark/deepseek-v3,701,176,877
93bb9fd2c3714aa89e7142622bf29a4c,unknown,0,0,0
93bde6022e134ae6b06f5d19db13882f,ark/deepseek-v3,13444,2629,16073
93bde6022e134ae6b06f5d19db13882f,deepseek-chat,4457,257,4714
93bde6022e134ae6b06f5d19db13882f,unknown,0,0,0
93bff2ef5dd34023bf191593b65dc946,ark/deepseek-v3-1,1405,648,2053
93bff2ef5dd34023bf191593b65dc946,unknown,0,0,0
93c0895dbbde4074a691e342401bfbd5,deepseek-chat,0,0,0
93c0895dbbde4074a691e342401bfbd5,unknown,0,0,0
93d1e81b63f94399b434f8bb17228c07,ark/deepseek-v3,896,2613,3509
93d1e81b63f94399b434f8bb17228c07,unknown,0,0,0
93d2b95b193e4151a46e5f77aef7c3a8,deepseek-chat,1055,445,1500
93d2b95b193e4151a46e5f77aef7c3a8,gpt-4.1,940,27,967
93d2b95b193e4151a46e5f77aef7c3a8,unknown,0,0,0
93d4be64dc50446ab7292a7825374c42,deepseek-chat,670,365,1035
93d4be64dc50446ab7292a7825374c42,unknown,0,0,0
93d5b59e44c441598ec990ba4b9a886c,ark/deepseek-v3,2050,1103,3153
93d5b59e44c441598ec990ba4b9a886c,unknown,0,0,0
93d810aa3b994a4991c61b15890909da,deepseek-chat,3893,1264,5157
93d810aa3b994a4991c61b15890909da,gpt-4.1,3348,869,4217
93d810aa3b994a4991c61b15890909da,unknown,0,0,0
93d8e802edfb463c9856ff43365bd390,deepseek-chat,670,343,1013
93d8e802edfb463c9856ff43365bd390,unknown,0,0,0
93d93982b2614a68bdff90278dea46b7,ark/deepseek-v3,467,93,560
93d93982b2614a68bdff90278dea46b7,unknown,0,0,0
93deaf31baee491fb2cfd9f67a67cd86,deepseek-chat,788,382,1170
93deaf31baee491fb2cfd9f67a67cd86,unknown,0,0,0
93f676b4321f41c9a7447575c9dcd2af,ark/deepseek-v3,0,0,0
93f676b4321f41c9a7447575c9dcd2af,unknown,0,0,0
93fcf795ccb842a9929666431454e028,gpt-4-0613,2029,593,2622
93fcf795ccb842a9929666431454e028,unknown,0,0,0
9402b0893535468598d374d49c2e2cb5,ark/deepseek-v3-1,1844,728,2572
9402b0893535468598d374d49c2e2cb5,unknown,0,0,0
940c9797eedf470e9d8d7b93214712e5,ark/deepseek-v3,0,0,0
940c9797eedf470e9d8d7b93214712e5,unknown,0,0,0
9415cbbe686e4e2a90c4ed90aea04416,ark/deepseek-v3,8310,1330,9640
9415cbbe686e4e2a90c4ed90aea04416,unknown,0,0,0
94272545c8be4925b0b7827970238c48,deepseek-chat,2448,633,3081
94272545c8be4925b0b7827970238c48,gpt-4.1,2978,476,3454
94272545c8be4925b0b7827970238c48,unknown,0,0,0
94281a1652a54d54917e47b728f20982,ark/deepseek-v3,1601,139,1740
94281a1652a54d54917e47b728f20982,unknown,0,0,0
9430419f629c4ddb9e4fb18027f0a7e0,deepseek-chat,670,309,979
9430419f629c4ddb9e4fb18027f0a7e0,unknown,0,0,0
9432e2bc81bc4186b306a487e9f204d8,deepseek-chat,1042,387,1429
9432e2bc81bc4186b306a487e9f204d8,gpt-4.1,941,28,969
9432e2bc81bc4186b306a487e9f204d8,unknown,0,0,0
94345a29c62f4048ab7a23ede5eb1ceb,unknown,0,0,0
943af07aa4324b47bf932fe503016dcd,ark/deepseek-v3-1,1405,898,2303
943af07aa4324b47bf932fe503016dcd,unknown,0,0,0
943feb0ea1af496b99a37e10f2fb9dd9,ark/deepseek-v3,701,176,877
943feb0ea1af496b99a37e10f2fb9dd9,unknown,0,0,0
944174a94d9a4bd6869e8f2265b0e9e8,deepseek-chat,1452,653,2105
944174a94d9a4bd6869e8f2265b0e9e8,unknown,0,0,0
9448b813fe2843039848cba3299adf6a,deepseek-chat,561,207,768
9448b813fe2843039848cba3299adf6a,unknown,0,0,0
9448d97d78534181a2510523527e99b7,ark/deepseek-v3,701,176,877
9448d97d78534181a2510523527e99b7,unknown,0,0,0
94531b22836c4e26963a7a958228bfa3,ark/deepseek-v3,683,265,948
94531b22836c4e26963a7a958228bfa3,unknown,0,0,0
945d74f8197f44afb6dceaa488f7408f,deepseek-chat,1560,395,1955
945d74f8197f44afb6dceaa488f7408f,unknown,0,0,0
946186ee4e1a41d98ad0251904e863c3,deepseek-chat,934,232,1166
946186ee4e1a41d98ad0251904e863c3,gpt-4.1,674,216,890
946186ee4e1a41d98ad0251904e863c3,unknown,0,0,0
946534841bc84127bcb86f390f1e89eb,ark/deepseek-v3,863,488,1351
946534841bc84127bcb86f390f1e89eb,unknown,0,0,0
9467c1eb1ef74d61acccc1a1d3c52705,ark/deepseek-v3,6606,646,7252
9467c1eb1ef74d61acccc1a1d3c52705,deepseek-chat,4377,67,4444
9467c1eb1ef74d61acccc1a1d3c52705,unknown,0,0,0
946b114172be46a583fe5bee3a43f6c9,deepseek-chat,671,448,1119
946b114172be46a583fe5bee3a43f6c9,unknown,0,0,0
946b41551ef44841ab99c6f15b29cad2,ark/deepseek-v3,6135,1614,7749
946b41551ef44841ab99c6f15b29cad2,gpt-4.1,1288,72,1360
946b41551ef44841ab99c6f15b29cad2,unknown,0,0,0
946b89b0c3804b49bdee68f555f1f87d,deepseek-chat,561,207,768
946b89b0c3804b49bdee68f555f1f87d,unknown,0,0,0
946bdfc6ff14496f92734a04c292bb5b,deepseek-chat,768,301,1069
946bdfc6ff14496f92734a04c292bb5b,unknown,0,0,0
9475082e3a6b49ffa95404bfa261730a,ark/deepseek-v3-1,1405,685,2090
9475082e3a6b49ffa95404bfa261730a,unknown,0,0,0
9475adb7e74d46b7952a436f489c3407,ark/deepseek-v3,1210,599,1809
9475adb7e74d46b7952a436f489c3407,unknown,0,0,0
947a3933d5f24d92962f94381e49ad50,deepseek-chat,561,206,767
947a3933d5f24d92962f94381e49ad50,unknown,0,0,0
9483e19b53034d92b8e1b2db08948fa8,ark/deepseek-v3,1065,306,1371
9483e19b53034d92b8e1b2db08948fa8,unknown,0,0,0
94868353db1947e0ad9447004268f2ff,ark/deepseek-v3,3896,481,4377
94868353db1947e0ad9447004268f2ff,unknown,0,0,0
94892a2b405f40d081bf8ece3a3ee1a0,ark/deepseek-v3,6144,1855,7999
94892a2b405f40d081bf8ece3a3ee1a0,gpt-4.1,641,21,662
94892a2b405f40d081bf8ece3a3ee1a0,unknown,0,0,0
948bd4a919b34c41b43d3a7baa0cd3b2,ark/deepseek-v3,6606,720,7326
948bd4a919b34c41b43d3a7baa0cd3b2,unknown,0,0,0
94922112561c49098dba1640568570de,ark/deepseek-v3,0,0,0
94922112561c49098dba1640568570de,unknown,0,0,0
94958c4d8cef4db4ad4cb92acabf0b80,deepseek-chat,1385,420,1805
94958c4d8cef4db4ad4cb92acabf0b80,unknown,0,0,0
949c0e642b094354903a235b153f1205,ark/deepseek-v3,701,179,880
949c0e642b094354903a235b153f1205,unknown,0,0,0
94a3832b92344abebefbf274c44a7c68,deepseek-chat,3835,1441,5276
94a3832b92344abebefbf274c44a7c68,gpt-4.1,4411,1053,5464
94a3832b92344abebefbf274c44a7c68,unknown,0,0,0
94ab992dd402493eb0cf42a80ca9fca8,deepseek-chat,1056,411,1467
94ab992dd402493eb0cf42a80ca9fca8,gpt-4.1,942,29,971
94ab992dd402493eb0cf42a80ca9fca8,unknown,0,0,0
94ad7b18b33f4fc68073253d0c311981,ark/deepseek-v3,4920,1236,6156
94ad7b18b33f4fc68073253d0c311981,unknown,0,0,0
94b49df568bd4bd09bdbd0139b59f84e,ark/deepseek-v3-1,1405,712,2117
94b49df568bd4bd09bdbd0139b59f84e,unknown,0,0,0
94b8a8f2f8ba4cc28daa137985fc3955,deepseek-chat,561,206,767
94b8a8f2f8ba4cc28daa137985fc3955,unknown,0,0,0
94be9bfab55a4b1e9703e80e3e6b5a37,ark/deepseek-v3,4510,1209,5719
94be9bfab55a4b1e9703e80e3e6b5a37,unknown,0,0,0
94c3572208084c45a25e53a7f9e60fc1,ark/deepseek-v3,1766,1164,2930
94c3572208084c45a25e53a7f9e60fc1,unknown,0,0,0
94c5717345694e529201d9873b89c975,ark/deepseek-v3,6161,1622,7783
94c5717345694e529201d9873b89c975,gpt-4.1,642,23,665
94c5717345694e529201d9873b89c975,unknown,0,0,0
94cce45122eb44808b97503f020fb1cf,ark/deepseek-v3,3846,1023,4869
94cce45122eb44808b97503f020fb1cf,unknown,0,0,0
94ce7e6a07904b63a6e2d7cc678a3b33,deepseek-chat,1006,521,1527
94ce7e6a07904b63a6e2d7cc678a3b33,unknown,0,0,0
94d08728f34d4415a4bd57f513d8adaf,ark/deepseek-v3,0,0,0
94d08728f34d4415a4bd57f513d8adaf,unknown,0,0,0
94d26aae7c7841938f27bf36b703791c,deepseek-chat,460,92,552
94d26aae7c7841938f27bf36b703791c,unknown,0,0,0
94de706e5da945e9b751c909f6ce65d2,ark/deepseek-v3,3143,295,3438
94de706e5da945e9b751c909f6ce65d2,unknown,0,0,0
94e3e645a5bb46bda2e11a9d791369c6,ark/deepseek-v3,17624,3076,20700
94e3e645a5bb46bda2e11a9d791369c6,deepseek-chat,17693,1279,18972
94e3e645a5bb46bda2e11a9d791369c6,unknown,0,0,0
94e7178b6b6b4f6c9285064cca76f25f,ark/deepseek-v3,933,185,1118
94e7178b6b6b4f6c9285064cca76f25f,unknown,0,0,0
94ef1581c2dc441a948cd4e048b70a86,ark/deepseek-v3,467,92,559
94ef1581c2dc441a948cd4e048b70a86,unknown,0,0,0
94fa80e3be2a47668829e15ad3edfab2,ark/deepseek-v3-1,2804,1065,3869
94fa80e3be2a47668829e15ad3edfab2,unknown,0,0,0
9503d53db80e43e19ad1cae92382d985,deepseek-chat,1158,740,1898
9503d53db80e43e19ad1cae92382d985,unknown,0,0,0
950779e715a64526a6c5aa23477e7261,deepseek-chat,3442,1152,4594
950779e715a64526a6c5aa23477e7261,gpt-4.1,4112,782,4894
950779e715a64526a6c5aa23477e7261,unknown,0,0,0
95080929f3c741d2b5f132214fd6cd2c,deepseek-chat,0,0,0
95080929f3c741d2b5f132214fd6cd2c,unknown,0,0,0
950afc831be04d6d8c796af3b2ad7984,ark/deepseek-v3,2401,468,2869
950afc831be04d6d8c796af3b2ad7984,unknown,0,0,0
950b5f88836d4f5fa61f6bd0305f1054,deepseek-chat,2682,1163,3845
950b5f88836d4f5fa61f6bd0305f1054,unknown,0,0,0
95111c204dcf43058cc40413568bc202,ark/deepseek-v3,2127,1089,3216
95111c204dcf43058cc40413568bc202,unknown,0,0,0
95196eaae62e492ba95779a1b3953343,deepseek-chat,744,389,1133
95196eaae62e492ba95779a1b3953343,unknown,0,0,0
951f54fe6f314ce7bec74304f21af32e,ark/deepseek-v3,467,88,555
951f54fe6f314ce7bec74304f21af32e,unknown,0,0,0
9521f17d324a4745bd8f910520726c8c,ark/deepseek-v3,3560,1246,4806
9521f17d324a4745bd8f910520726c8c,deepseek-chat,14051,439,14490
9521f17d324a4745bd8f910520726c8c,unknown,0,0,0
952735819c354321b9f2b64fa85ce32c,ark/deepseek-v3,467,89,556
952735819c354321b9f2b64fa85ce32c,unknown,0,0,0
952b0bcc80ee46559ccffcad7ccf94e6,ark/deepseek-v3,2629,1188,3817
952b0bcc80ee46559ccffcad7ccf94e6,unknown,0,0,0
9532579d9f7d4bd492318b265d825706,deepseek-chat,0,0,0
9532579d9f7d4bd492318b265d825706,unknown,0,0,0
953aa1ec289c48b6bdf3da1811f80e2d,ark/deepseek-v3,1251,216,1467
953aa1ec289c48b6bdf3da1811f80e2d,unknown,0,0,0
9540c0bb484b4ebb8409d3a2cae55674,ark/deepseek-v3,3144,286,3430
9540c0bb484b4ebb8409d3a2cae55674,unknown,0,0,0
95455ba4767e49acbf2ab46ff326b121,deepseek-chat,935,233,1168
95455ba4767e49acbf2ab46ff326b121,gpt-4.1,675,238,913
95455ba4767e49acbf2ab46ff326b121,unknown,0,0,0
9558ca4cd4244c2599bced7f1f28f6ef,deepseek-chat,1502,1206,2708
9558ca4cd4244c2599bced7f1f28f6ef,unknown,0,0,0
956256d096504e0f821ca6c2b61e5ab2,ark/deepseek-v3,701,176,877
956256d096504e0f821ca6c2b61e5ab2,unknown,0,0,0
95643b47831347eaa28416a9b1a2b65b,ark/deepseek-v3,701,178,879
95643b47831347eaa28416a9b1a2b65b,unknown,0,0,0
95657f8805d845568724fa541fc2bc0b,deepseek-chat,561,207,768
95657f8805d845568724fa541fc2bc0b,unknown,0,0,0
9568e5689614454bb947cc51a44083f2,deepseek-chat,1653,477,2130
9568e5689614454bb947cc51a44083f2,unknown,0,0,0
9571b7351dc547ee89de8b674a69e04c,ark/deepseek-v3,668,345,1013
9571b7351dc547ee89de8b674a69e04c,unknown,0,0,0
957233af07bf440d869f5a4abfd03ff0,ark/deepseek-v3,1443,712,2155
957233af07bf440d869f5a4abfd03ff0,unknown,0,0,0
95739acdb4f54fea9ec151589798a812,ark/deepseek-v3,3134,1650,4784
95739acdb4f54fea9ec151589798a812,unknown,0,0,0
95767c14291346a5ba9976391a04b274,ark/deepseek-v3-1,1405,901,2306
95767c14291346a5ba9976391a04b274,unknown,0,0,0
957bbde647e0405fad7495ab5f62934f,ark/deepseek-v3-1,1749,975,2724
957bbde647e0405fad7495ab5f62934f,unknown,0,0,0
957c4a473a3b4031815db70dc54b93ca,deepseek-chat,658,292,950
957c4a473a3b4031815db70dc54b93ca,unknown,0,0,0
957de027d7be48d2a4afd287f24331d7,deepseek-chat,561,207,768
957de027d7be48d2a4afd287f24331d7,unknown,0,0,0
9584f3897cd441f1baa3c856ba74edac,ark/deepseek-v3,71,829,900
9584f3897cd441f1baa3c856ba74edac,unknown,0,0,0
95893ea5044e4721a761949e2be25162,deepseek-chat,2767,1453,4220
95893ea5044e4721a761949e2be25162,unknown,0,0,0
958be142ac7548328b807d54bfc33e76,ark/deepseek-v3,1771,1019,2790
958be142ac7548328b807d54bfc33e76,unknown,0,0,0
958cb3ad6684441b81bf591b954402c0,ark/deepseek-v3-1,9852,838,10690
958cb3ad6684441b81bf591b954402c0,unknown,0,0,0
959405cc0f5a461b9e59a0f8d8a57bf1,ark/deepseek-v3,3143,323,3466
959405cc0f5a461b9e59a0f8d8a57bf1,unknown,0,0,0
95973d63a6af43ca83fad1773a000ff8,unknown,0,0,0
9599213afb8a4a8d905321564d75b7e2,deepseek-chat,0,0,0
9599213afb8a4a8d905321564d75b7e2,unknown,0,0,0
959a9431b193438ebc7fd20fb778fbb1,ark/deepseek-v3,2711,934,3645
959a9431b193438ebc7fd20fb778fbb1,unknown,0,0,0
959c5a5e56dc42969339dc8a8e34f9b6,ark/deepseek-v3,1455,234,1689
959c5a5e56dc42969339dc8a8e34f9b6,unknown,0,0,0
95a4ade0d7f340b88e35b22e716b37aa,deepseek-chat,561,206,767
95a4ade0d7f340b88e35b22e716b37aa,unknown,0,0,0
95a691fa062143cca2f9f6f6e61ac250,deepseek-chat,1438,682,2120
95a691fa062143cca2f9f6f6e61ac250,gpt-4.1,1418,332,1750
95a691fa062143cca2f9f6f6e61ac250,unknown,0,0,0
95a7f4bc5dc84e89a44afb4ef137e899,ark/deepseek-v3,6156,1791,7947
95a7f4bc5dc84e89a44afb4ef137e899,gpt-4.1,640,21,661
95a7f4bc5dc84e89a44afb4ef137e899,unknown,0,0,0
95b5174e0d1548498f7eab6ea7cd96e3,ark/deepseek-v3-1,1405,1000,2405
95b5174e0d1548498f7eab6ea7cd96e3,unknown,0,0,0
95b5c8b90720416d958ff811fd20062c,ark/deepseek-v3,701,176,877
95b5c8b90720416d958ff811fd20062c,unknown,0,0,0
95b624d24cc14ace8e346d508c721623,deepseek-chat,2702,1168,3870
95b624d24cc14ace8e346d508c721623,unknown,0,0,0
95ca97388214407a8007a5058622cfe8,deepseek-chat,845,454,1299
95ca97388214407a8007a5058622cfe8,unknown,0,0,0
95d25bf2289b4b19891c37762bbf11f4,deepseek-chat,3717,1100,4817
95d25bf2289b4b19891c37762bbf11f4,unknown,0,0,0
95d944818c5f479abd27a2fb463debd4,ark/deepseek-v3,1251,215,1466
95d944818c5f479abd27a2fb463debd4,unknown,0,0,0
95dcc1e3135d45c983f97484e0c41abd,ark/deepseek-v3,467,89,556
95dcc1e3135d45c983f97484e0c41abd,unknown,0,0,0
95dec29324454be0879429e1270d2f5d,ark/deepseek-v3,0,0,0
95dec29324454be0879429e1270d2f5d,unknown,0,0,0
95e2efa12d7e4fd18876a8e4054bea19,ark/deepseek-v3,465,90,555
95e2efa12d7e4fd18876a8e4054bea19,unknown,0,0,0
95e776f8aa6b4324a13133027ee7fd79,ark/deepseek-v3,1271,510,1781
95e776f8aa6b4324a13133027ee7fd79,unknown,0,0,0
95ea20e90ba84b2cae9db3a538c976b9,deepseek-chat,2225,170,2395
95ea20e90ba84b2cae9db3a538c976b9,unknown,0,0,0
95f1492ba34d4dfdba93f9bc40e96d95,ark/deepseek-v3,1142,579,1721
95f1492ba34d4dfdba93f9bc40e96d95,deepseek-chat,6401,320,6721
95f1492ba34d4dfdba93f9bc40e96d95,unknown,0,0,0
95f5b32abe7343ee958f8e1af9fad3d6,deepseek-chat,2584,909,3493
95f5b32abe7343ee958f8e1af9fad3d6,unknown,0,0,0
95fa497469664de08e09f02e7aaea5f2,ark/deepseek-v3,5904,1292,7196
95fa497469664de08e09f02e7aaea5f2,deepseek-chat,12247,1098,13345
95fa497469664de08e09f02e7aaea5f2,unknown,0,0,0
95fc48bf949d46dfafa4f4449345ac1a,deepseek-chat,2792,1273,4065
95fc48bf949d46dfafa4f4449345ac1a,unknown,0,0,0
960e3674142941ed8b961301c7ffaa93,deepseek-chat,2610,909,3519
960e3674142941ed8b961301c7ffaa93,unknown,0,0,0
96109d20d8cc4a6fb1aed85038a17373,deepseek-chat,2286,994,3280
96109d20d8cc4a6fb1aed85038a17373,unknown,0,0,0
961a1fbf73bd4a2187eadd5bf8a43953,ark/deepseek-v3,4569,703,5272
961a1fbf73bd4a2187eadd5bf8a43953,deepseek-chat,1368,1615,2983
961a1fbf73bd4a2187eadd5bf8a43953,unknown,0,0,0
961ed8ca9dc94932af520cfa4689958d,ark/deepseek-v3,467,89,556
961ed8ca9dc94932af520cfa4689958d,unknown,0,0,0
9628b947c4bd48b4ac4c62f1c1c885ae,deepseek-chat,670,327,997
9628b947c4bd48b4ac4c62f1c1c885ae,unknown,0,0,0
962f4377f9a948299b201ade7e3d7a88,ark/deepseek-v3,0,0,0
962f4377f9a948299b201ade7e3d7a88,unknown,0,0,0
9635d2d756f44234bd8238340d7519fd,ark/deepseek-v3-1,682,447,1129
9635d2d756f44234bd8238340d7519fd,unknown,0,0,0
963d4d7541af477a9dc38dd1306e30a2,ark/deepseek-v3-1,1844,702,2546
963d4d7541af477a9dc38dd1306e30a2,unknown,0,0,0
9644258a81de4648b95da1cc5f0349e7,ark/deepseek-v3,12831,1992,14823
9644258a81de4648b95da1cc5f0349e7,unknown,0,0,0
96449ebbba4c497bae85b19ccfc98581,ark/deepseek-v3,2071,1050,3121
96449ebbba4c497bae85b19ccfc98581,unknown,0,0,0
9644a6a2f64a47abaa524cec1daa5b8a,ark/deepseek-v3,5849,686,6535
9644a6a2f64a47abaa524cec1daa5b8a,unknown,0,0,0
9646fcfc9316477cb0e301bbc055d9d3,ark/deepseek-v3-1,1329,1030,2359
9646fcfc9316477cb0e301bbc055d9d3,unknown,0,0,0
9648d3d947ea414691869dd036e8cc39,deepseek-chat,1426,1156,2582
9648d3d947ea414691869dd036e8cc39,unknown,0,0,0
96525ea64e004d4ead7eee3e2b5dbb1b,ark/deepseek-v3,467,89,556
96525ea64e004d4ead7eee3e2b5dbb1b,unknown,0,0,0
9652d25193a34506b2bc07625b870a41,ark/deepseek-v3,10914,1991,12905
9652d25193a34506b2bc07625b870a41,unknown,0,0,0
9660301386b54aeda8d142266ca00123,ark/deepseek-v3,1762,1188,2950
9660301386b54aeda8d142266ca00123,unknown,0,0,0
96650209fe55463f9afbdcf1a0dec344,deepseek-chat,865,392,1257
96650209fe55463f9afbdcf1a0dec344,unknown,0,0,0
967e6498ed4d4d6ab07880ed5850c10a,deepseek-chat,2107,527,2634
967e6498ed4d4d6ab07880ed5850c10a,unknown,0,0,0
9684edef258a47b58cdd8f86b57c0228,ark/deepseek-v3-1,1405,893,2298
9684edef258a47b58cdd8f86b57c0228,unknown,0,0,0
968b57b9c84a4af98fb867d7076fab3a,deepseek-chat,1578,258,1836
968b57b9c84a4af98fb867d7076fab3a,unknown,0,0,0
968d05e2d1f54a119d4ccf90fff30e3e,deepseek-chat,5991,1594,7585
968d05e2d1f54a119d4ccf90fff30e3e,unknown,0,0,0
9693dfca38664272b15876ec154004a3,ark/deepseek-v3,701,183,884
9693dfca38664272b15876ec154004a3,unknown,0,0,0
969b6a8a2bbe40d1916b41bee3121d14,ark/deepseek-v3,13446,2625,16071
969b6a8a2bbe40d1916b41bee3121d14,deepseek-chat,4992,165,5157
969b6a8a2bbe40d1916b41bee3121d14,unknown,0,0,0
969d5dc4edf543fb9cbbeab30d7161c8,deepseek-chat,2264,798,3062
969d5dc4edf543fb9cbbeab30d7161c8,unknown,0,0,0
96a195f160724014bf711423bdf7870e,ark/deepseek-v3,467,82,549
96a195f160724014bf711423bdf7870e,unknown,0,0,0
96a2c74d6c30421cae6b3691237a18e4,deepseek-chat,2225,732,2957
96a2c74d6c30421cae6b3691237a18e4,unknown,0,0,0
96a3000b519e4cdc808b30756d18c4b1,unknown,0,0,0
96a64d84e1894ef7a7106338793c9e64,deepseek-chat,2189,835,3024
96a64d84e1894ef7a7106338793c9e64,unknown,0,0,0
96a8bd32c93d4373a3caf29439f64c65,ark/deepseek-v3,1937,404,2341
96a8bd32c93d4373a3caf29439f64c65,unknown,0,0,0
96ad4dcd734245279e2c5b54029efdf7,ark/deepseek-v3,701,186,887
96ad4dcd734245279e2c5b54029efdf7,unknown,0,0,0
96af0ee30d8e480796f418bb64907bbb,deepseek-chat,4165,1541,5706
96af0ee30d8e480796f418bb64907bbb,gpt-4.1,3498,995,4493
96af0ee30d8e480796f418bb64907bbb,unknown,0,0,0
96b567220ed44d44b954fdb966c85c56,ark/deepseek-v3,1392,288,1680
96b567220ed44d44b954fdb966c85c56,unknown,0,0,0
96b6d9a9d0fa473d84ef7cc61e06d829,ark/deepseek-v3,701,179,880
96b6d9a9d0fa473d84ef7cc61e06d829,unknown,0,0,0
96b859515a594676bdb7b40802b902ad,deepseek-chat,670,354,1024
96b859515a594676bdb7b40802b902ad,unknown,0,0,0
96c54cec5b6940e79a19a22cd3b53abf,ark/deepseek-v3,465,85,550
96c54cec5b6940e79a19a22cd3b53abf,unknown,0,0,0
96c788802f08497b87a532e01c40c313,deepseek-chat,1162,670,1832
96c788802f08497b87a532e01c40c313,unknown,0,0,0
96c80e1aafa34e01b5988fe3ea87073d,deepseek-chat,2662,946,3608
96c80e1aafa34e01b5988fe3ea87073d,unknown,0,0,0
96c996667cad4ed1bacea5a1d44af4e9,ark/deepseek-v3,8020,1570,9590
96c996667cad4ed1bacea5a1d44af4e9,unknown,0,0,0
96cc970c19974b4daf40f35aa8ff69c2,ark/deepseek-v3-1,1891,881,2772
96cc970c19974b4daf40f35aa8ff69c2,gpt-4.1,1657,329,1986
96cc970c19974b4daf40f35aa8ff69c2,unknown,0,0,0
96cdd509d62c49319fcdd194d132c657,ark/deepseek-v3,6614,929,7543
96cdd509d62c49319fcdd194d132c657,unknown,0,0,0
96ceb46db28e41b0b6b79da23952c852,ark/deepseek-v3-1,965,780,1745
96ceb46db28e41b0b6b79da23952c852,unknown,0,0,0
96cec7f1c5cb445f9fca852902e02d5f,ark/deepseek-v3,1455,204,1659
96cec7f1c5cb445f9fca852902e02d5f,unknown,0,0,0
96d68153c3ce440dbbbd037deab92135,ark/deepseek-v3,629,290,919
96d68153c3ce440dbbbd037deab92135,unknown,0,0,0
96e5f7aa6ceb4f4abf25cd964684ed1d,deepseek-chat,1689,186,1875
96e5f7aa6ceb4f4abf25cd964684ed1d,unknown,0,0,0
96e8fbc3671448d99eb6b02a913bbdd3,deepseek-chat,2687,940,3627
96e8fbc3671448d99eb6b02a913bbdd3,unknown,0,0,0
96eb7aa4bdb34cd599c68f459fcce4e1,deepseek-chat,561,207,768
96eb7aa4bdb34cd599c68f459fcce4e1,unknown,0,0,0
96ebefa5c7c846768202b113d241720f,unknown,0,0,0
96ec03501ab6484faecb667b801736c8,ark/deepseek-v3,701,176,877
96ec03501ab6484faecb667b801736c8,unknown,0,0,0
96fb452d98bb44b48dbc89c9f560019c,ark/deepseek-v3,0,0,0
96fb452d98bb44b48dbc89c9f560019c,unknown,0,0,0
970227bcaa08454e8aa2c9afb07cb368,ark/deepseek-v3-1,1405,985,2390
970227bcaa08454e8aa2c9afb07cb368,unknown,0,0,0
970456914e994e17b42653a98f1dd54a,deepseek-chat,2034,836,2870
970456914e994e17b42653a98f1dd54a,unknown,0,0,0
97068da1abc44a4a9c7f78458f6c2784,ark/deepseek-v3,0,0,0
97068da1abc44a4a9c7f78458f6c2784,unknown,0,0,0
970f1ede967c451ba77a58788a05f9c0,ark/deepseek-v3,4062,736,4798
970f1ede967c451ba77a58788a05f9c0,unknown,0,0,0
9717ad94dbf547ddbad7d9977c0f77c1,ark/deepseek-v3,1089,328,1417
9717ad94dbf547ddbad7d9977c0f77c1,unknown,0,0,0
97244c9c55b64d998ce1b0ed6f8a2e57,ark/deepseek-v3,1251,215,1466
97244c9c55b64d998ce1b0ed6f8a2e57,unknown,0,0,0
972ca256995a422aa827906fbe72bc7f,ark/deepseek-v3-1,991,417,1408
972ca256995a422aa827906fbe72bc7f,unknown,0,0,0
973487c560cd471a8099a4c1441f0dc7,deepseek-chat,671,355,1026
973487c560cd471a8099a4c1441f0dc7,unknown,0,0,0
97387d9f362d44d38d6045b938f04045,unknown,0,0,0
9738f92272bd4fcc8fd7b69752eaafd3,deepseek-chat,671,356,1027
9738f92272bd4fcc8fd7b69752eaafd3,unknown,0,0,0
9742045cc1374fcdbbe43fcd4cf82e2d,ark/deepseek-v3,701,198,899
9742045cc1374fcdbbe43fcd4cf82e2d,unknown,0,0,0
974300e0dfe14a70a30c4757a621e49b,deepseek-chat,2243,879,3122
974300e0dfe14a70a30c4757a621e49b,unknown,0,0,0
97430190d3da4634ae8cce531abb4a12,ark/deepseek-v3-1,5161,674,5835
97430190d3da4634ae8cce531abb4a12,unknown,0,0,0
9747b8b5af154947bdeb8118f914063c,ark/deepseek-v3,12958,2290,15248
9747b8b5af154947bdeb8118f914063c,unknown,0,0,0
974defa61a304b9199e2cf0c29e0e691,ark/deepseek-v3,5944,1120,7064
974defa61a304b9199e2cf0c29e0e691,deepseek-chat,25389,1643,27032
974defa61a304b9199e2cf0c29e0e691,unknown,0,0,0
975160bfec8148a98a8e425735973869,deepseek-chat,793,298,1091
975160bfec8148a98a8e425735973869,unknown,0,0,0
9753125a0c924117a8899fb5f379df93,deepseek-chat,6031,1755,7786
9753125a0c924117a8899fb5f379df93,unknown,0,0,0
97576e4f2e44481fa09aa036d10b64aa,ark/deepseek-v3,465,92,557
97576e4f2e44481fa09aa036d10b64aa,unknown,0,0,0
97691102f20d44f29cf997ad27a23c4b,unknown,0,0,0
9769ce83f3fc45e288a374acbf8f503b,deepseek-chat,670,344,1014
9769ce83f3fc45e288a374acbf8f503b,unknown,0,0,0
976d6e3e616a4cadae12504167b9102a,ark/deepseek-v3,1455,222,1677
976d6e3e616a4cadae12504167b9102a,unknown,0,0,0
976ddee8cec246b6a9c51c6e89b1e379,deepseek-chat,670,332,1002
976ddee8cec246b6a9c51c6e89b1e379,unknown,0,0,0
97736d793c354b4abcb3eef0ba1d5d67,ark/deepseek-v3,0,0,0
97736d793c354b4abcb3eef0ba1d5d67,unknown,0,0,0
9773caaa11594b219c0fb91736df03b8,deepseek-chat,671,371,1042
9773caaa11594b219c0fb91736df03b8,unknown,0,0,0
97871da2078848128691ec5a125166c1,ark/deepseek-v3,19703,4171,23874
97871da2078848128691ec5a125166c1,unknown,0,0,0
978dcebd8ba043ccba9370d06aefda0a,ark/deepseek-v3,467,95,562
978dcebd8ba043ccba9370d06aefda0a,unknown,0,0,0
9796ca9716004adf8c43507f87333471,deepseek-chat,561,207,768
9796ca9716004adf8c43507f87333471,unknown,0,0,0
9797696a90a7432e90494cbf7fbac45d,deepseek-chat,2210,830,3040
9797696a90a7432e90494cbf7fbac45d,unknown,0,0,0
979db4d381bb4f758cce90c0f09a3f8b,ark/deepseek-v3,0,0,0
979db4d381bb4f758cce90c0f09a3f8b,unknown,0,0,0
979e5c2a43e04837b72be92a52e36c55,ark/deepseek-v3,1046,410,1456
979e5c2a43e04837b72be92a52e36c55,unknown,0,0,0
97a8a230f61b4b758cfea445761ba4a0,ark/deepseek-v3,457,69,526
97a8a230f61b4b758cfea445761ba4a0,unknown,0,0,0
97afc0b6ee254e2ab518b4a98176c813,ark/deepseek-v3,0,0,0
97afc0b6ee254e2ab518b4a98176c813,unknown,0,0,0
97b00c369f4b4a0687afdd8ba40ba6ff,ark/deepseek-v3,0,0,0
97b00c369f4b4a0687afdd8ba40ba6ff,unknown,0,0,0
97b485e8b9814872888cbee7ed3c19cf,ark/deepseek-v3,712,102,814
97b485e8b9814872888cbee7ed3c19cf,unknown,0,0,0
97b5b33ff79942b68fdcb098826ac585,unknown,0,0,0
97b7cd28c752419785b1f1b3972fd803,deepseek-chat,1685,1100,2785
97b7cd28c752419785b1f1b3972fd803,unknown,0,0,0
97bd986706ad41a580ea6f1626ef3173,ark/deepseek-v3,4014,671,4685
97bd986706ad41a580ea6f1626ef3173,unknown,0,0,0
97fa7ad1d5c34f15aed7d2c433455c9d,ark/deepseek-v3,701,175,876
97fa7ad1d5c34f15aed7d2c433455c9d,unknown,0,0,0
97fdb4f6d8d94a30b551a1c64f7cfb7c,deepseek-chat,670,378,1048
97fdb4f6d8d94a30b551a1c64f7cfb7c,unknown,0,0,0
98043ef8d35340179a40fcdf9fcca130,ark/deepseek-v3,2304,303,2607
98043ef8d35340179a40fcdf9fcca130,unknown,0,0,0
98076a08261340c892945cf39b3bf3dc,deepseek-chat,0,0,0
98076a08261340c892945cf39b3bf3dc,unknown,0,0,0
98085dd2e0a04ae7a0a8c71192e10b0a,deepseek-chat,1446,1110,2556
98085dd2e0a04ae7a0a8c71192e10b0a,unknown,0,0,0
980bc2f0454c422f9ad2b1165070d775,ark/deepseek-v3-1,5969,1261,7230
980bc2f0454c422f9ad2b1165070d775,unknown,0,0,0
98174d44c1c344b9b63cf310c94571a6,deepseek-chat,2737,1338,4075
98174d44c1c344b9b63cf310c94571a6,unknown,0,0,0
98286ad52ab64c208d86d78b7f22c171,ark/deepseek-v3-1,3412,1044,4456
98286ad52ab64c208d86d78b7f22c171,unknown,0,0,0
982d7a723cde4869b5f6dccf5589e464,deepseek-chat,6,675,681
982d7a723cde4869b5f6dccf5589e464,unknown,0,0,0
98331e868767431884fa831a83aa1207,ark/kimi-k2,4776,239,5015
98331e868767431884fa831a83aa1207,gpt-4o-mini,6377,274,6651
98331e868767431884fa831a83aa1207,unknown,0,0,0
9840f5a05ce8434a944a62c5cd7de717,ark/deepseek-v3,467,133,600
9840f5a05ce8434a944a62c5cd7de717,unknown,0,0,0
984a4ec9e5684da88a80225d288a8294,ark/deepseek-v3,1089,264,1353
984a4ec9e5684da88a80225d288a8294,unknown,0,0,0
9850074a62cf4278854ae586495baced,unknown,0,0,0
9853506764264f39889471a0d0317a15,ark/deepseek-v3,1271,513,1784
9853506764264f39889471a0d0317a15,unknown,0,0,0
985b8c039c8442aab7f47b53bdedd56a,ark/deepseek-v3,1715,471,2186
985b8c039c8442aab7f47b53bdedd56a,unknown,0,0,0
985cd65ad6264629b84074e1afec5321,ark/deepseek-v3,14007,2720,16727
985cd65ad6264629b84074e1afec5321,unknown,0,0,0
986a1c2f8c154fe0ad529fab4c7e9db0,ark/deepseek-v3,467,93,560
986a1c2f8c154fe0ad529fab4c7e9db0,unknown,0,0,0
986dd41d62734ebbbd0ac064569781e9,ark/deepseek-v3,13442,2799,16241
986dd41d62734ebbbd0ac064569781e9,unknown,0,0,0
986e9a05ddda4215909530d125349bda,ark/deepseek-v3,1061,314,1375
986e9a05ddda4215909530d125349bda,deepseek-chat,6256,289,6545
986e9a05ddda4215909530d125349bda,unknown,0,0,0
9873a8ec3b744f7c81b2e5d862aed354,deepseek-chat,2169,935,3104
9873a8ec3b744f7c81b2e5d862aed354,unknown,0,0,0
9877ab29745c47dab1dfa44da5040527,ark/deepseek-v3,1427,713,2140
9877ab29745c47dab1dfa44da5040527,unknown,0,0,0
98904232b1854825a9a61c5fda1ab8bf,deepseek-chat,1389,314,1703
98904232b1854825a9a61c5fda1ab8bf,unknown,0,0,0
98912836f0944e29afd11041dcf1f5dc,unknown,0,0,0
98914b9e0c7e467493f7d0cd366f7f8a,ark/deepseek-v3,758,120,878
98914b9e0c7e467493f7d0cd366f7f8a,unknown,0,0,0
98948d8c2c7b4c0497f699fde3c2df14,ark/deepseek-v3,467,95,562
98948d8c2c7b4c0497f699fde3c2df14,unknown,0,0,0
9894968f42614505bb243884215f0774,deepseek-chat,2113,480,2593
9894968f42614505bb243884215f0774,unknown,0,0,0
989ab3221e64464f9236a44e0c21847e,deepseek-chat,1054,395,1449
989ab3221e64464f9236a44e0c21847e,gpt-4.1,1418,313,1731
989ab3221e64464f9236a44e0c21847e,unknown,0,0,0
989ee0ef43324639a442e7774c2f2e1f,ark/deepseek-v3,1089,268,1357
989ee0ef43324639a442e7774c2f2e1f,unknown,0,0,0
98a1e97956e3483faf04c2eef2322365,deepseek-chat,2173,886,3059
98a1e97956e3483faf04c2eef2322365,unknown,0,0,0
98b5d236aff348bfa67e043d5a74455f,deepseek-chat,2291,1036,3327
98b5d236aff348bfa67e043d5a74455f,unknown,0,0,0
98b6b0d6f7e947cc81c1c227072cf2e3,ark/deepseek-v3,6616,768,7384
98b6b0d6f7e947cc81c1c227072cf2e3,unknown,0,0,0
98c671e0dc5646269b470f2d17d8f651,ark/deepseek-v3,0,0,0
98c671e0dc5646269b470f2d17d8f651,unknown,0,0,0
98ca7ef54e2e46008858a10f0a7fbf2d,ark/deepseek-v3,701,202,903
98ca7ef54e2e46008858a10f0a7fbf2d,unknown,0,0,0
98d0867704064f65a781fc4c721b4145,ark/deepseek-v3,1455,203,1658
98d0867704064f65a781fc4c721b4145,unknown,0,0,0
98d090f080c8408bad029e263192cf98,deepseek-chat,13044,782,13826
98d090f080c8408bad029e263192cf98,unknown,0,0,0
98d759ed7010403f9e8a865ac89d8967,ark/deepseek-v3,5644,1178,6822
98d759ed7010403f9e8a865ac89d8967,unknown,0,0,0
98da9d7b58344cce828e6b1bbbd74453,deepseek-chat,0,0,0
98da9d7b58344cce828e6b1bbbd74453,unknown,0,0,0
98e1634a127542c3ba6107460774990e,ark/deepseek-v3-1,2724,986,3710
98e1634a127542c3ba6107460774990e,unknown,0,0,0
98f0369ee97942a0ac30504a904eb516,unknown,0,0,0
98f59aef455f486a8d93f8f374f00e12,deepseek-chat,2184,763,2947
98f59aef455f486a8d93f8f374f00e12,unknown,0,0,0
98f8b6d9faaf48598564b6feffdfb5bf,deepseek-chat,2612,846,3458
98f8b6d9faaf48598564b6feffdfb5bf,unknown,0,0,0
98fd7f5e9af24f438b273a97edfb3814,ark/deepseek-v3,4038,1537,5575
98fd7f5e9af24f438b273a97edfb3814,unknown,0,0,0
98fe1cc1622040ae8c46f144a31ee2b7,ark/deepseek-v3-1,1405,909,2314
98fe1cc1622040ae8c46f144a31ee2b7,unknown,0,0,0
9902c07a7b6b46829484c179153fc262,ark/deepseek-v3,1455,245,1700
9902c07a7b6b46829484c179153fc262,unknown,0,0,0
99094cb106bb492f8df013343e41086e,ark/deepseek-v3,701,181,882
99094cb106bb492f8df013343e41086e,unknown,0,0,0
990f5a22e424424fb6fa48a3eab380d6,ark/deepseek-v3,14043,2955,16998
990f5a22e424424fb6fa48a3eab380d6,deepseek-chat,6505,338,6843
990f5a22e424424fb6fa48a3eab380d6,unknown,0,0,0
99112f5259ed43feb18d5bce8cad3d75,ark/deepseek-v3,739,268,1007
99112f5259ed43feb18d5bce8cad3d75,unknown,0,0,0
9919e22baee04e7ab2aade1408f85121,ark/deepseek-v3,467,96,563
9919e22baee04e7ab2aade1408f85121,unknown,0,0,0
991bcf6421434f658ade2cd31f17470b,ark/deepseek-v3,8972,1455,10427
991bcf6421434f658ade2cd31f17470b,unknown,0,0,0
991e5b1322a14e24b86e7e42c7e69a49,deepseek-chat,670,362,1032
991e5b1322a14e24b86e7e42c7e69a49,unknown,0,0,0
9929b6bddf044b28ada452f8b529c709,deepseek-chat,3339,1234,4573
9929b6bddf044b28ada452f8b529c709,unknown,0,0,0
992fa7da0d4b45549bae9599201bd6dc,deepseek-chat,671,354,1025
992fa7da0d4b45549bae9599201bd6dc,unknown,0,0,0
992fb0d76404401eaf4279890a5e277b,deepseek-chat,710,309,1019
992fb0d76404401eaf4279890a5e277b,unknown,0,0,0
9931e0cfb2424652841c5d25a37e97da,ark/deepseek-v3,1837,353,2190
9931e0cfb2424652841c5d25a37e97da,unknown,0,0,0
99348badbe984564b7072582d96cfa32,ark/deepseek-v3,465,109,574
99348badbe984564b7072582d96cfa32,unknown,0,0,0
99376e23dd7440bfa6bfec09509c0726,deepseek-chat,2726,1470,4196
99376e23dd7440bfa6bfec09509c0726,unknown,0,0,0
9941c37231b2437180b3cc60d1f1de1f,ark/deepseek-v3,1131,401,1532
9941c37231b2437180b3cc60d1f1de1f,unknown,0,0,0
9942951d69fb46b792d7b6db05c9e337,ark/deepseek-v3,4937,443,5380
9942951d69fb46b792d7b6db05c9e337,unknown,0,0,0
9944f3a1b2d74c4f9426093dd45fb039,deepseek-chat,670,1,671
9944f3a1b2d74c4f9426093dd45fb039,unknown,0,0,0
99485114628e47a3aa57344cc8c3a100,ark/deepseek-v3,701,177,878
99485114628e47a3aa57344cc8c3a100,unknown,0,0,0
9948959db37a49028255de7485317969,ark/deepseek-v3,2081,1020,3101
9948959db37a49028255de7485317969,unknown,0,0,0
9948bd393fc04a88aa37b5f6170980e8,deepseek-chat,1378,344,1722
9948bd393fc04a88aa37b5f6170980e8,unknown,0,0,0
994e61bcc168468892b6707459407dbb,ark/deepseek-v3,2281,1151,3432
994e61bcc168468892b6707459407dbb,unknown,0,0,0
994ed6a9c4594430ad11634e679bffb4,deepseek-chat,3463,299,3762
994ed6a9c4594430ad11634e679bffb4,unknown,0,0,0
99547e1816964dcfbdee9f022d73f219,ark/deepseek-v3,1455,188,1643
99547e1816964dcfbdee9f022d73f219,unknown,0,0,0
995837e4373549578349a8bca722542e,deepseek-chat,561,206,767
995837e4373549578349a8bca722542e,unknown,0,0,0
995e419ad22745b7a221def553a893e9,deepseek-chat,671,374,1045
995e419ad22745b7a221def553a893e9,unknown,0,0,0
9975576ebb754ea0b93ba10dbd9776bf,ark/deepseek-v3,601,280,881
9975576ebb754ea0b93ba10dbd9776bf,unknown,0,0,0
997bca646cd648bab235e2cea65857c5,deepseek-chat,560,246,806
997bca646cd648bab235e2cea65857c5,unknown,0,0,0
997faa74957d4555babb13a4d7b08c4e,deepseek-chat,2229,1043,3272
997faa74957d4555babb13a4d7b08c4e,unknown,0,0,0
998e251a9d994144a1f61dbcd6616e58,ark/deepseek-v3,695,76,771
998e251a9d994144a1f61dbcd6616e58,unknown,0,0,0
9990b1c37bc5465884c26242487972e4,deepseek-chat,1041,375,1416
9990b1c37bc5465884c26242487972e4,gpt-4.1,1417,292,1709
9990b1c37bc5465884c26242487972e4,unknown,0,0,0
99a1cda106864bbd80e2f1190bf857a4,ark/deepseek-v3,2337,1173,3510
99a1cda106864bbd80e2f1190bf857a4,unknown,0,0,0
99a60f4d089b42489e0143e13574c1fd,ark/deepseek-v3,701,179,880
99a60f4d089b42489e0143e13574c1fd,unknown,0,0,0
99a6856623934a15a4f6ca7d7d6b82bf,deepseek-chat,749,495,1244
99a6856623934a15a4f6ca7d7d6b82bf,unknown,0,0,0
99abdc3ba141403daaceae78d6840cd8,ark/deepseek-v3-1,528,256,784
99abdc3ba141403daaceae78d6840cd8,unknown,0,0,0
99ac7ee91c5647dabc4f00cb48a07369,ark/deepseek-v3,6381,1403,7784
99ac7ee91c5647dabc4f00cb48a07369,unknown,0,0,0
99adb5fbdf004a298cbb83973ad8e377,deepseek-chat,0,0,0
99adb5fbdf004a298cbb83973ad8e377,unknown,0,0,0
99afd2a156c54cf48a1f3f8b1c6a5ca1,deepseek-chat,798,414,1212
99afd2a156c54cf48a1f3f8b1c6a5ca1,unknown,0,0,0
99b7547b8ffc4dccbbea3f81fdaead20,ark/deepseek-v3,1088,270,1358
99b7547b8ffc4dccbbea3f81fdaead20,unknown,0,0,0
99b9d689470640b1b2685e25d8944f31,deepseek-chat,1439,1102,2541
99b9d689470640b1b2685e25d8944f31,unknown,0,0,0
99bf4acb37b543ffb62cdaf334fa5d2c,deepseek-chat,670,327,997
99bf4acb37b543ffb62cdaf334fa5d2c,unknown,0,0,0
99c5cc62864145ab8365d0a5f839553a,ark/deepseek-v3,986,34,1020
99c5cc62864145ab8365d0a5f839553a,deepseek-chat,2493,1509,4002
99c5cc62864145ab8365d0a5f839553a,unknown,0,0,0
99c93282ac8d455bb48971d66c78be70,ark/deepseek-v3,2227,1163,3390
99c93282ac8d455bb48971d66c78be70,unknown,0,0,0
99c9e613cdb245b09db8e0d16f08127d,ark/deepseek-v3,8315,1214,9529
99c9e613cdb245b09db8e0d16f08127d,unknown,0,0,0
99d1711a5ee44c5c91af221cfc61f271,deepseek-chat,18,282,300
99d1711a5ee44c5c91af221cfc61f271,unknown,0,0,0
99d6d8e83f2749deae26708f0418bc39,ark/deepseek-v3,1251,240,1491
99d6d8e83f2749deae26708f0418bc39,unknown,0,0,0
99d72dfef72e49cea2c08c334821d0bc,ark/deepseek-v3,465,86,551
99d72dfef72e49cea2c08c334821d0bc,unknown,0,0,0
99e1ac92224d4984a7c2d5882e3bd3a0,deepseek-chat,3403,1557,4960
99e1ac92224d4984a7c2d5882e3bd3a0,gpt-4.1,3422,935,4357
99e1ac92224d4984a7c2d5882e3bd3a0,unknown,0,0,0
99e6ccc07424408b831d1e1063a9c0b6,ark/deepseek-v3,701,173,874
99e6ccc07424408b831d1e1063a9c0b6,unknown,0,0,0
9a0d0d8218854e26b7b2c4b534311f06,unknown,0,0,0
9a102be54d55440f836b77cc76135221,ark/deepseek-v3-1,1245,657,1902
9a102be54d55440f836b77cc76135221,unknown,0,0,0
9a1f4793569f41cfb44fdc1744a63e7e,ark/deepseek-v3,695,419,1114
9a1f4793569f41cfb44fdc1744a63e7e,unknown,0,0,0
9a274582d9d84270bde21243b83baee4,ark/deepseek-v3,4483,931,5414
9a274582d9d84270bde21243b83baee4,unknown,0,0,0
9a2be3740cb2420a958ad18ddfddc416,ark/deepseek-v3,4558,730,5288
9a2be3740cb2420a958ad18ddfddc416,unknown,0,0,0
9a3238b1b4a6451fbd7272b7239a9fb7,ark/deepseek-v3,14043,2618,16661
9a3238b1b4a6451fbd7272b7239a9fb7,unknown,0,0,0
9a386f32713544509006905a82c1341f,deepseek-chat,2219,1089,3308
9a386f32713544509006905a82c1341f,unknown,0,0,0
9a393ba120b749a1bf3c11bc07f32dbd,deepseek-chat,1370,340,1710
9a393ba120b749a1bf3c11bc07f32dbd,unknown,0,0,0
9a4319e9cd14490d84a9c39202a4258a,deepseek-chat,3177,1205,4382
9a4319e9cd14490d84a9c39202a4258a,unknown,0,0,0
9a45e05f63194273adef1c8e1222cb5d,ark/deepseek-v3,8230,1198,9428
9a45e05f63194273adef1c8e1222cb5d,unknown,0,0,0
9a45f0ff46104f3aa7e907b700c6839b,deepseek-chat,561,207,768
9a45f0ff46104f3aa7e907b700c6839b,unknown,0,0,0
9a4af3255a0f4177b5302a36da267d2b,deepseek-chat,18,1030,1048
9a4af3255a0f4177b5302a36da267d2b,unknown,0,0,0
9a4ef04761194e8fbf8db57fc2bec3d8,deepseek-chat,2083,776,2859
9a4ef04761194e8fbf8db57fc2bec3d8,unknown,0,0,0
9a5452c3e7e74fd4a1574b8974dd941f,ark/deepseek-v3,1505,833,2338
9a5452c3e7e74fd4a1574b8974dd941f,unknown,0,0,0
9a626e11bbe34ad8915dea617c6c5f7f,deepseek-chat,729,412,1141
9a626e11bbe34ad8915dea617c6c5f7f,unknown,0,0,0
9a67a6aa86234217b69771b5fcb7ecfa,ark/deepseek-v3,7562,1382,8944
9a67a6aa86234217b69771b5fcb7ecfa,unknown,0,0,0
9a729b1876d7454181ee3f891110e4d3,ark/deepseek-v3,2308,482,2790
9a729b1876d7454181ee3f891110e4d3,unknown,0,0,0
9a73a0bda98a4071a830189d8e71ed26,ark/deepseek-v3,7541,1933,9474
9a73a0bda98a4071a830189d8e71ed26,gpt-4.1,1286,89,1375
9a73a0bda98a4071a830189d8e71ed26,unknown,0,0,0
9a76527e647442649e2d5c00adbabf7b,ark/deepseek-v3,701,182,883
9a76527e647442649e2d5c00adbabf7b,unknown,0,0,0
9a800b10c63141fc8a7e1dafee473ce2,deepseek-chat,32,616,648
9a800b10c63141fc8a7e1dafee473ce2,unknown,0,0,0
9a80b8182a1a40119d114aec939bd059,deepseek-chat,5215,461,5676
9a80b8182a1a40119d114aec939bd059,unknown,0,0,0
9a84a93b488d49b6a2761a9f5b866136,deepseek-chat,671,338,1009
9a84a93b488d49b6a2761a9f5b866136,unknown,0,0,0
9a87ab5bdec44aef89277123f44b2f16,deepseek-chat,2657,781,3438
9a87ab5bdec44aef89277123f44b2f16,unknown,0,0,0
9a8896f946b24840a9d7af79ff353456,deepseek-chat,1053,409,1462
9a8896f946b24840a9d7af79ff353456,gpt-4.1,941,28,969
9a8896f946b24840a9d7af79ff353456,unknown,0,0,0
9a8f4fa2bb0141319fac17a5cbbb00ea,ark/deepseek-v3,8566,1386,9952
9a8f4fa2bb0141319fac17a5cbbb00ea,unknown,0,0,0
9a90c5509a6e48aeb3d814df829233e3,ark/deepseek-v3,467,96,563
9a90c5509a6e48aeb3d814df829233e3,unknown,0,0,0
9a98865f022c4a4c98906f3dcc585753,ark/deepseek-v3,1367,600,1967
9a98865f022c4a4c98906f3dcc585753,deepseek-chat,19549,2515,22064
9a98865f022c4a4c98906f3dcc585753,unknown,0,0,0
9aad41b2432e4253a912436d017f01e4,ark/deepseek-v3,0,0,0
9aad41b2432e4253a912436d017f01e4,unknown,0,0,0
9ab377d9433b495dbe5e703fe66ce7c2,ark/deepseek-v3-1,1405,948,2353
9ab377d9433b495dbe5e703fe66ce7c2,unknown,0,0,0
9ab76e8795c445a4a36da49f4ddcca44,ark/deepseek-v3,5937,1750,7687
9ab76e8795c445a4a36da49f4ddcca44,gpt-4.1,646,30,676
9ab76e8795c445a4a36da49f4ddcca44,unknown,0,0,0
9ab9ac2d409f44499fb8095678300b7e,ark/deepseek-v3,701,175,876
9ab9ac2d409f44499fb8095678300b7e,unknown,0,0,0
9abc8fe863cc468da69a3fed98297f0c,deepseek-chat,670,309,979
9abc8fe863cc468da69a3fed98297f0c,gpt-4.1,943,74,1017
9abc8fe863cc468da69a3fed98297f0c,unknown,0,0,0
9abe35df404f44158d458f6d35a1f175,deepseek-chat,561,217,778
9abe35df404f44158d458f6d35a1f175,unknown,0,0,0
9acb5e3333da456b8ffadb5f10eb65da,deepseek-chat,2189,608,2797
9acb5e3333da456b8ffadb5f10eb65da,unknown,0,0,0
9acba83172994406923b80a633d8cb0c,deepseek-chat,658,346,1004
9acba83172994406923b80a633d8cb0c,unknown,0,0,0
9ace9d57c23147e29b4445581bde65e9,ark/deepseek-v3,467,83,550
9ace9d57c23147e29b4445581bde65e9,unknown,0,0,0
9adfc0b81557445286806ddbc27f1fd1,deepseek-chat,670,307,977
9adfc0b81557445286806ddbc27f1fd1,unknown,0,0,0
9ae304a8d7b4490bbddc628303c0beb8,deepseek-chat,1782,741,2523
9ae304a8d7b4490bbddc628303c0beb8,unknown,0,0,0
9ae62a7bca28490caed6f2ecaac89ef4,ark/deepseek-v3,0,0,0
9ae62a7bca28490caed6f2ecaac89ef4,unknown,0,0,0
9ae84dbbb79e40fda6f7954e589fdb7e,ark/deepseek-v3,467,94,561
9ae84dbbb79e40fda6f7954e589fdb7e,unknown,0,0,0
9aebf82268a54d54b4d73b1b314ac7e0,ark/deepseek-v3,1802,797,2599
9aebf82268a54d54b4d73b1b314ac7e0,unknown,0,0,0
9afb62b1311a4c9dacb55124b91ca563,ark/deepseek-v3-1,1876,722,2598
9afb62b1311a4c9dacb55124b91ca563,unknown,0,0,0
9aff9294d1024873866c78d295992112,ark/deepseek-v3,1711,969,2680
9aff9294d1024873866c78d295992112,unknown,0,0,0
9affbda295e44f149780548fc141b8ad,deepseek-chat,671,374,1045
9affbda295e44f149780548fc141b8ad,unknown,0,0,0
9b01ea1f6a2146df898b074348917369,ark/deepseek-v3,5906,1762,7668
9b01ea1f6a2146df898b074348917369,gpt-4.1,622,20,642
9b01ea1f6a2146df898b074348917369,unknown,0,0,0
9b061975293d4b89a888a4a97b4e982b,deepseek-chat,671,532,1203
9b061975293d4b89a888a4a97b4e982b,unknown,0,0,0
9b075af36c3b4f129bc69581067122c4,ark/kimi-k2,886,545,1431
9b075af36c3b4f129bc69581067122c4,unknown,0,0,0
9b08a03fef2545fba33e4927f2fc7970,ark/deepseek-v3,467,116,583
9b08a03fef2545fba33e4927f2fc7970,unknown,0,0,0
9b0a8c8ba7804ab3bc677a0eff2f9cc8,deepseek-chat,1439,540,1979
9b0a8c8ba7804ab3bc677a0eff2f9cc8,unknown,0,0,0
9b0e8000704e4b10b003fb4cd6f6346b,ark/deepseek-v3,467,110,577
9b0e8000704e4b10b003fb4cd6f6346b,unknown,0,0,0
9b0e9d6e1fe344a38ca3b52b840877d3,deepseek-chat,670,329,999
9b0e9d6e1fe344a38ca3b52b840877d3,unknown,0,0,0
9b20c967f2c14d3b82720310c678e565,deepseek-chat,859,277,1136
9b20c967f2c14d3b82720310c678e565,unknown,0,0,0
9b21a9f63ba941bbb0aa00b571e87045,ark/deepseek-v3,5612,1138,6750
9b21a9f63ba941bbb0aa00b571e87045,unknown,0,0,0
9b244273542b44569168f80011fa8036,deepseek-chat,561,207,768
9b244273542b44569168f80011fa8036,unknown,0,0,0
9b2b53e1af1a44939df9c277e3e87ab6,ark/deepseek-v3,529,224,753
9b2b53e1af1a44939df9c277e3e87ab6,deepseek-chat,5683,190,5873
9b2b53e1af1a44939df9c277e3e87ab6,unknown,0,0,0
9b2c34fd7688463484265a0f8d5e5c21,ark/deepseek-v3-1,2361,984,3345
9b2c34fd7688463484265a0f8d5e5c21,unknown,0,0,0
9b311a097a764cae99ab9adf23d3f121,ark/deepseek-v3,1455,185,1640
9b311a097a764cae99ab9adf23d3f121,unknown,0,0,0
9b38f7d298614e518e7af86434d7f853,deepseek-chat,561,218,779
9b38f7d298614e518e7af86434d7f853,unknown,0,0,0
9b3b54ead09a4b1ea49f8b33e856e787,deepseek-chat,2095,588,2683
9b3b54ead09a4b1ea49f8b33e856e787,unknown,0,0,0
9b4791b2859b4c4194e84a6ea0911f1b,ark/deepseek-v3,12351,2761,15112
9b4791b2859b4c4194e84a6ea0911f1b,unknown,0,0,0
9b4f87a70b0645eca67faec1bdaa95dc,ark/deepseek-v3,1251,221,1472
9b4f87a70b0645eca67faec1bdaa95dc,unknown,0,0,0
9b5769e97e04415fb49200e068347222,deepseek-chat,670,339,1009
9b5769e97e04415fb49200e068347222,unknown,0,0,0
9b5e10fbfbdd49b38ed057b98779c9d2,deepseek-chat,561,206,767
9b5e10fbfbdd49b38ed057b98779c9d2,unknown,0,0,0
9b632efd7e694d5c8e1081f9087b3620,ark/deepseek-v3,786,130,916
9b632efd7e694d5c8e1081f9087b3620,unknown,0,0,0
9b67b18edf5248638b112f57010547d2,ark/deepseek-v3,465,94,559
9b67b18edf5248638b112f57010547d2,unknown,0,0,0
9b6a1c2c210e4132a155208862c22fd0,ark/deepseek-v3,7572,768,8340
9b6a1c2c210e4132a155208862c22fd0,unknown,0,0,0
9b713fd97a1a4b29b6bf68ae50fdb68f,ark/deepseek-v3,467,92,559
9b713fd97a1a4b29b6bf68ae50fdb68f,unknown,0,0,0
9b71796d037349aa99e4e231da8f019b,deepseek-chat,998,416,1414
9b71796d037349aa99e4e231da8f019b,unknown,0,0,0
9b88deb8f69644ea97099cf05b57bfff,ark/deepseek-v3,1455,195,1650
9b88deb8f69644ea97099cf05b57bfff,unknown,0,0,0
9b8fd4d62a624f66b4b38730d7e405d9,deepseek-chat,561,220,781
9b8fd4d62a624f66b4b38730d7e405d9,unknown,0,0,0
9b94e56296154623affdf45c1264f55f,deepseek-chat,916,291,1207
9b94e56296154623affdf45c1264f55f,unknown,0,0,0
9b958dd6844646d3a169d3b2f9549c33,ark/deepseek-v3,701,175,876
9b958dd6844646d3a169d3b2f9549c33,unknown,0,0,0
9bb02f61081c4004b021280dbcabf401,deepseek-chat,125,929,1054
9bb02f61081c4004b021280dbcabf401,unknown,0,0,0
9bb895ab0ed54254bfccff5071e120c6,deepseek-chat,68,346,414
9bb895ab0ed54254bfccff5071e120c6,unknown,0,0,0
9bb9c036669c4fbfa5d701d8b3ac2e62,ark/deepseek-v3-1,1099,439,1538
9bb9c036669c4fbfa5d701d8b3ac2e62,unknown,0,0,0
9bba7a78772f4b2e8f9871cdca79c282,deepseek-chat,778,372,1150
9bba7a78772f4b2e8f9871cdca79c282,unknown,0,0,0
9bc0e70af6c840079ba28f7eb2efb3d9,deepseek-chat,6,100,106
9bc0e70af6c840079ba28f7eb2efb3d9,unknown,0,0,0
9bc1a309e64e4e65941cdb640318c154,deepseek-chat,561,207,768
9bc1a309e64e4e65941cdb640318c154,unknown,0,0,0
9bc41d2f112a413290060f3b703be387,deepseek-chat,670,351,1021
9bc41d2f112a413290060f3b703be387,unknown,0,0,0
9bc47042533e46cb94c2b4edb1ae673d,deepseek-chat,671,424,1095
9bc47042533e46cb94c2b4edb1ae673d,unknown,0,0,0
9bc4afff409b47c4ae736c5184f2ee62,ark/deepseek-v3,1401,453,1854
9bc4afff409b47c4ae736c5184f2ee62,unknown,0,0,0
9bc5c7ac2c744e1283c53dad52d0d826,ark/deepseek-v3-1,1329,903,2232
9bc5c7ac2c744e1283c53dad52d0d826,unknown,0,0,0
9bc656c1dbc34f64a41637e52991b8da,deepseek-chat,920,471,1391
9bc656c1dbc34f64a41637e52991b8da,unknown,0,0,0
9bc6c34eb78e45dfa8d3965bfddc1e82,ark/deepseek-v3,467,96,563
9bc6c34eb78e45dfa8d3965bfddc1e82,unknown,0,0,0
9bcc7cc7f9de408fb9db6339d8644166,ark/deepseek-v3,4032,714,4746
9bcc7cc7f9de408fb9db6339d8644166,unknown,0,0,0
9bd03e1c25474538a9566592552811ed,deepseek-chat,670,372,1042
9bd03e1c25474538a9566592552811ed,unknown,0,0,0
9bd4d597db094815b4a9dd6481b7aba5,deepseek-chat,898,481,1379
9bd4d597db094815b4a9dd6481b7aba5,unknown,0,0,0
9bde09a1199e4fd78f2cf27afc72bda6,deepseek-chat,887,375,1262
9bde09a1199e4fd78f2cf27afc72bda6,unknown,0,0,0
9be3876147444e56906ba1e6efe034ce,ark/deepseek-v3,467,108,575
9be3876147444e56906ba1e6efe034ce,unknown,0,0,0
9be516efba7f4de6826b28ddf38640f0,ark/deepseek-v3,467,98,565
9be516efba7f4de6826b28ddf38640f0,unknown,0,0,0
9be81428f9eb4f35b7ec73cbda06864f,ark/deepseek-v3,467,89,556
9be81428f9eb4f35b7ec73cbda06864f,unknown,0,0,0
9be89bdae00f4d3eacb01c97825fdbf3,ark/deepseek-v3,1283,518,1801
9be89bdae00f4d3eacb01c97825fdbf3,unknown,0,0,0
9be8fd9514694adc9e4a9fdb5bb2a8ca,deepseek-chat,934,230,1164
9be8fd9514694adc9e4a9fdb5bb2a8ca,gpt-4.1,672,238,910
9be8fd9514694adc9e4a9fdb5bb2a8ca,unknown,0,0,0
9be9c2aac78145c593ce3dec99b3605e,ark/deepseek-v3,13442,2575,16017
9be9c2aac78145c593ce3dec99b3605e,deepseek-chat,6934,347,7281
9be9c2aac78145c593ce3dec99b3605e,unknown,0,0,0
9bf0891673fe42c7b8a8a4debdf1feb9,ark/deepseek-v3,701,176,877
9bf0891673fe42c7b8a8a4debdf1feb9,unknown,0,0,0
9bf8c5f39d0e49889a9c6a500df4e149,deepseek-chat,0,0,0
9bf8c5f39d0e49889a9c6a500df4e149,unknown,0,0,0
9c0d740333d048d7a56dbb8873e6cf94,ark/deepseek-v3,0,0,0
9c0d740333d048d7a56dbb8873e6cf94,unknown,0,0,0
9c11119fa53f44758739c1f241c8ffe4,ark/deepseek-v3,1837,344,2181
9c11119fa53f44758739c1f241c8ffe4,unknown,0,0,0
9c1116ed359e46c0ba2a7145e71aa098,ark/deepseek-v3,1519,761,2280
9c1116ed359e46c0ba2a7145e71aa098,unknown,0,0,0
9c11b296a6764f9d975f07ed0aa3179c,ark/deepseek-v3,467,99,566
9c11b296a6764f9d975f07ed0aa3179c,unknown,0,0,0
9c18c35979784a30bb0db06986ab734e,ark/deepseek-v3,1455,220,1675
9c18c35979784a30bb0db06986ab734e,unknown,0,0,0
9c22b896596b4a00897b33ec408f1077,ark/deepseek-v3-1,1329,826,2155
9c22b896596b4a00897b33ec408f1077,unknown,0,0,0
9c2858a88540458f890884df2a59b913,ark/deepseek-v3,1251,215,1466
9c2858a88540458f890884df2a59b913,unknown,0,0,0
9c36677da5894b40832d13a64f88e355,ark/deepseek-v3-1,1442,734,2176
9c394043176848c1a7b5a97e441f131a,ark/deepseek-v3,1061,313,1374
9c394043176848c1a7b5a97e441f131a,unknown,0,0,0
9c3ce5c64a784785afc76acb79541c84,ark/deepseek-v3,467,125,592
9c3ce5c64a784785afc76acb79541c84,unknown,0,0,0
9c3d5cbc54694f9f87ee01dad7da9389,deepseek-chat,1411,670,2081
9c3d5cbc54694f9f87ee01dad7da9389,unknown,0,0,0
9c3e1fca2c074f118c27fcc3e2d5a17b,deepseek-chat,1351,719,2070
9c3e1fca2c074f118c27fcc3e2d5a17b,unknown,0,0,0
9c4bb09cc2084c8ba1dc3f9675389abd,ark/deepseek-v3-1,1895,902,2797
9c4bb09cc2084c8ba1dc3f9675389abd,gpt-4.1,1065,23,1088
9c4bb09cc2084c8ba1dc3f9675389abd,unknown,0,0,0
9c539574fe144655b18b716f31b48c5d,ark/deepseek-v3,701,198,899
9c539574fe144655b18b716f31b48c5d,unknown,0,0,0
9c56267f854e4c53af880e1b509d8761,ark/deepseek-v3,6142,1733,7875
9c56267f854e4c53af880e1b509d8761,gpt-4.1,647,27,674
9c56267f854e4c53af880e1b509d8761,unknown,0,0,0
9c564fa376634034a40dea98dcce85a2,ark/deepseek-v3,1089,305,1394
9c564fa376634034a40dea98dcce85a2,unknown,0,0,0
9c591aa928f746e281e4ca3fae8899f4,deepseek-chat,685,234,919
9c591aa928f746e281e4ca3fae8899f4,unknown,0,0,0
9c59f899b70a40a38648cf6e655a2141,ark/deepseek-v3,2241,1219,3460
9c59f899b70a40a38648cf6e655a2141,unknown,0,0,0
9c6c875a0ee74158ae2e3299e6366a80,ark/deepseek-v3,6568,1903,8471
9c6c875a0ee74158ae2e3299e6366a80,gpt-4.1,639,20,659
9c6c875a0ee74158ae2e3299e6366a80,unknown,0,0,0
9c7178bb8381406b9394ab5357bb5b06,ark/deepseek-v3,3143,301,3444
9c7178bb8381406b9394ab5357bb5b06,unknown,0,0,0
9c74739c685c45f28d8a00bf6777dcdd,deepseek-chat,3317,954,4271
9c74739c685c45f28d8a00bf6777dcdd,gpt-4.1,6064,1293,7357
9c74739c685c45f28d8a00bf6777dcdd,unknown,0,0,0
9c7d880ef4ed419088327fcf316f92c6,deepseek-chat,2116,644,2760
9c7d880ef4ed419088327fcf316f92c6,unknown,0,0,0
9c858e8906a846c1b908c78161aca9af,ark/deepseek-v3,3990,814,4804
9c858e8906a846c1b908c78161aca9af,unknown,0,0,0
9c888ba214e54ece9a0ae25576734781,ark/deepseek-v3,1497,820,2317
9c888ba214e54ece9a0ae25576734781,unknown,0,0,0
9c8de29b77bd4890a7c2d31579672e51,ark/deepseek-v3,465,97,562
9c8de29b77bd4890a7c2d31579672e51,unknown,0,0,0
9c8e87f5ded342d1923ac75ca55e0c39,deepseek-chat,671,428,1099
9c8e87f5ded342d1923ac75ca55e0c39,unknown,0,0,0
9c8f97d1ac0e401c9cff3e51016e5de9,ark/deepseek-v3,467,97,564
9c8f97d1ac0e401c9cff3e51016e5de9,unknown,0,0,0
9c9016a1028e48c28cec87214c691736,deepseek-chat,3248,1130,4378
9c9016a1028e48c28cec87214c691736,gpt-4.1,3329,906,4235
9c9016a1028e48c28cec87214c691736,unknown,0,0,0
9c928ae086cf4ec9a99ac7329a2897b6,deepseek-chat,1128,534,1662
9c928ae086cf4ec9a99ac7329a2897b6,unknown,0,0,0
9c9442a3736b41f6bb85aa31ac984db4,ark/deepseek-v3,0,0,0
9c9442a3736b41f6bb85aa31ac984db4,unknown,0,0,0
9c981d46a6144beeb2e7e98cfa31203a,ark/deepseek-v3,1837,381,2218
9c981d46a6144beeb2e7e98cfa31203a,unknown,0,0,0
9ca6d53eeec94d63bce072b490f4692c,ark/deepseek-v3,2188,1337,3525
9ca6d53eeec94d63bce072b490f4692c,unknown,0,0,0
9cad8e37a04242d7a299046c6a370ad5,deepseek-chat,2204,876,3080
9cad8e37a04242d7a299046c6a370ad5,unknown,0,0,0
9caf66e7bb894400a9e69b05ae33aa71,deepseek-chat,0,0,0
9caf66e7bb894400a9e69b05ae33aa71,unknown,0,0,0
9cb4061f6dbc4ca685fc7a53052a81ba,ark/deepseek-v3,6149,1744,7893
9cb4061f6dbc4ca685fc7a53052a81ba,gpt-4.1,639,20,659
9cb4061f6dbc4ca685fc7a53052a81ba,unknown,0,0,0
9cb699a4cb0e44a1aab89d3761d00c8a,ark/deepseek-v3,1501,787,2288
9cb699a4cb0e44a1aab89d3761d00c8a,unknown,0,0,0
9cb7c11106344d8fa14f56b46114ec65,deepseek-chat,1586,566,2152
9cb7c11106344d8fa14f56b46114ec65,unknown,0,0,0
9cb7cec5656443a586af18425c206e5c,ark/deepseek-v3,4062,690,4752
9cb7cec5656443a586af18425c206e5c,unknown,0,0,0
9cbb42137ceb46eba57f16cf3b75b66f,ark/deepseek-v3,467,93,560
9cbb42137ceb46eba57f16cf3b75b66f,unknown,0,0,0
9cc0cea36b824b0d9abf6581a4b967fb,deepseek-chat,671,362,1033
9cc0cea36b824b0d9abf6581a4b967fb,unknown,0,0,0
9cc14f94903346afb22aed8be662c646,ark/deepseek-v3,467,97,564
9cc14f94903346afb22aed8be662c646,unknown,0,0,0
9cc2555305e5429d95fd0444f120dc14,ark/deepseek-v3-1,1405,844,2249
9cc2555305e5429d95fd0444f120dc14,unknown,0,0,0
9cc2ef67cb8f49f2b23fc60be41cb12b,deepseek-chat,1722,622,2344
9cc2ef67cb8f49f2b23fc60be41cb12b,gpt-4.1,2955,502,3457
9cc2ef67cb8f49f2b23fc60be41cb12b,unknown,0,0,0
9cc4e4ccd531422c9ffd071c38463efa,ark/deepseek-v3,2303,362,2665
9cc4e4ccd531422c9ffd071c38463efa,unknown,0,0,0
9cda12467bf2448f853a2d4d8d1ed5e4,ark/deepseek-v3,0,0,0
9cda12467bf2448f853a2d4d8d1ed5e4,unknown,0,0,0
9cdb2598a5ad4451ad4ffb9aa0b1cfe1,unknown,0,0,0
9cdce10417b14f18ab096013218444b5,ark/deepseek-v3,1455,239,1694
9cdce10417b14f18ab096013218444b5,unknown,0,0,0
9ce1dbe13de14386b15af217e0d28bcc,ark/deepseek-v3,1920,1094,3014
9ce1dbe13de14386b15af217e0d28bcc,unknown,0,0,0
9ce266a53c8c4e8798299e83b63501f3,ark/deepseek-v3,1509,744,2253
9ce266a53c8c4e8798299e83b63501f3,unknown,0,0,0
9ce270c3e7644fe7a0f5eeaef349381a,ark/deepseek-v3,864,484,1348
9ce270c3e7644fe7a0f5eeaef349381a,unknown,0,0,0
9ce9d38606b947b5978f50cbdd1388f7,deepseek-chat,1070,326,1396
9ce9d38606b947b5978f50cbdd1388f7,unknown,0,0,0
9ced47945f1145f6b4795c715adf9294,ark/deepseek-v3,1455,231,1686
9ced47945f1145f6b4795c715adf9294,unknown,0,0,0
9cefde42d5ef4f099d1abc06580c51ad,deepseek-chat,0,0,0
9cefde42d5ef4f099d1abc06580c51ad,unknown,0,0,0
9cf7904540ba4561a753140f1019c490,ark/deepseek-v3,2381,544,2925
9cf7904540ba4561a753140f1019c490,deepseek-chat,6319,237,6556
9cf7904540ba4561a753140f1019c490,unknown,0,0,0
9cf7ca9ced434ed6bcaa00db6715db26,ark/deepseek-v3-1,1155,585,1740
9cf7ca9ced434ed6bcaa00db6715db26,unknown,0,0,0
9cfc0d4631ef4401a70bb8ee5bd0ff4b,unknown,0,0,0
9d0890da76c5481888b805f31f98e784,ark/deepseek-v3-1,2906,1169,4075
9d0890da76c5481888b805f31f98e784,unknown,0,0,0
9d0c16021f774e2aa162f6fa26082419,ark/deepseek-v3,701,176,877
9d0c16021f774e2aa162f6fa26082419,unknown,0,0,0
9d1475aa32ac430b8f61d072e837c80e,deepseek-chat,713,186,899
9d1475aa32ac430b8f61d072e837c80e,unknown,0,0,0
9d14b9a1d8934404b7f83b37b4446113,deepseek-chat,561,207,768
9d14b9a1d8934404b7f83b37b4446113,unknown,0,0,0
9d16a873f0af4815841e3d7e13a4309c,unknown,0,0,0
9d1a31f042f54e83ae3674b334a4b061,deepseek-chat,711,285,996
9d1a31f042f54e83ae3674b334a4b061,unknown,0,0,0
9d2574b7c80047ebbcc25dc6c3cedec9,ark/deepseek-v3,1251,216,1467
9d2574b7c80047ebbcc25dc6c3cedec9,unknown,0,0,0
9d27b22f9e8244be96a92be0c15fdb5c,unknown,0,0,0
9d2ac0e1d7f94b2db3a73a6913b0d8e0,deepseek-chat,6596,709,7305
9d2ac0e1d7f94b2db3a73a6913b0d8e0,unknown,0,0,0
9d384f2335b14694a0dbf0a6766ccb0c,ark/deepseek-v3,1089,318,1407
9d384f2335b14694a0dbf0a6766ccb0c,unknown,0,0,0
9d41309bcf544a93a3d38a6438c7b3af,ark/deepseek-v3,2941,629,3570
9d41309bcf544a93a3d38a6438c7b3af,unknown,0,0,0
9d47e1467bcf4ec693bf620cc9ea0fa1,ark/deepseek-v3-1,1161,543,1704
9d47e1467bcf4ec693bf620cc9ea0fa1,unknown,0,0,0
9d4af3acf6734f7e976a908fc98a847b,ark/deepseek-v3,467,114,581
9d4af3acf6734f7e976a908fc98a847b,unknown,0,0,0
9d4c68147b454df5a27def799fef0f74,ark/deepseek-v3,467,97,564
9d4c68147b454df5a27def799fef0f74,unknown,0,0,0
9d4ea1d1d3ba4c9fba4171b368997593,deepseek-chat,5398,2159,7557
9d4ea1d1d3ba4c9fba4171b368997593,unknown,0,0,0
9d4fe6bf8a554ce2966360e7a9af3c5c,ark/deepseek-v3,4610,853,5463
9d4fe6bf8a554ce2966360e7a9af3c5c,unknown,0,0,0
9d5005af4f644a83a313ae8680fa15b5,ark/deepseek-v3,2112,383,2495
9d5005af4f644a83a313ae8680fa15b5,unknown,0,0,0
9d534e44cc7f4344832c530e8aec00d6,ark/deepseek-v3,8900,1891,10791
9d534e44cc7f4344832c530e8aec00d6,unknown,0,0,0
9d5d852bae2e4afdb3689b8495713544,ark/deepseek-v3,629,360,989
9d5d852bae2e4afdb3689b8495713544,unknown,0,0,0
9d66009bd0f2473d81a9fd91f765f7d8,ark/deepseek-v3,701,176,877
9d66009bd0f2473d81a9fd91f765f7d8,unknown,0,0,0
9d685bf40bee4bcf97aa2faff56b2845,unknown,0,0,0
9d69954b5462470fb35b71521f107911,ark/deepseek-v3-1,1405,950,2355
9d69954b5462470fb35b71521f107911,unknown,0,0,0
9d6b8095cd004899bcd6c71839b4639d,ark/deepseek-v3,6164,1781,7945
9d6b8095cd004899bcd6c71839b4639d,gpt-4.1,643,24,667
9d6b8095cd004899bcd6c71839b4639d,unknown,0,0,0
9d6e7a5a058245afb466878febf81abc,deepseek-chat,0,0,0
9d6e7a5a058245afb466878febf81abc,unknown,0,0,0
9d703b44c78f44acabb11ffa9251c0ad,deepseek-chat,670,323,993
9d703b44c78f44acabb11ffa9251c0ad,unknown,0,0,0
9d708f196175487f9484062041a554d7,ark/deepseek-v3,8201,1580,9781
9d708f196175487f9484062041a554d7,unknown,0,0,0
9d794251fcc04d1c9678868d4ffdd7ab,deepseek-chat,4040,1358,5398
9d794251fcc04d1c9678868d4ffdd7ab,gpt-4.1,3454,1023,4477
9d794251fcc04d1c9678868d4ffdd7ab,unknown,0,0,0
9d8031e55d8541cab74d278faf5dce7d,ark/deepseek-v3,1455,193,1648
9d8031e55d8541cab74d278faf5dce7d,unknown,0,0,0
9d8a3fa3e80e46fa887c72a9359ea31b,ark/deepseek-v3,2342,357,2699
9d8a3fa3e80e46fa887c72a9359ea31b,unknown,0,0,0
9d8cd4cd36b84b9b8acecae527e38f9b,deepseek-chat,0,0,0
9d8cd4cd36b84b9b8acecae527e38f9b,unknown,0,0,0
9d8cdc58517a4bb397fb68a97dc40141,ark/deepseek-v3,1455,229,1684
9d8cdc58517a4bb397fb68a97dc40141,unknown,0,0,0
9d8d5d9f59144dad925e8870cc1ef505,ark/deepseek-v3,467,99,566
9d8d5d9f59144dad925e8870cc1ef505,unknown,0,0,0
9d8dac267ec44501b335a57999f7cfd6,ark/deepseek-v3,2304,429,2733
9d8dac267ec44501b335a57999f7cfd6,unknown,0,0,0
9d8ed7f866b74a8e916d956715c8d073,ark/deepseek-v3,467,123,590
9d8ed7f866b74a8e916d956715c8d073,unknown,0,0,0
9d9b0a592378477b952dd9c9f03d9f9b,ark/deepseek-v3,8641,1788,10429
9d9b0a592378477b952dd9c9f03d9f9b,unknown,0,0,0
9da2d1d8a6cc4d8fb4f5ff8cdd7f5f3a,ark/deepseek-v3,2701,1188,3889
9da2d1d8a6cc4d8fb4f5ff8cdd7f5f3a,unknown,0,0,0
9da99bf9277445a8b0de250fbf895a5e,ark/deepseek-v3,0,0,0
9da99bf9277445a8b0de250fbf895a5e,unknown,0,0,0
9da9cd7470b74e3dac7c51e1724a2194,unknown,0,0,0
9db91e66cefa4ebea0d4f4c457e90cac,ark/deepseek-v3,747,208,955
9db91e66cefa4ebea0d4f4c457e90cac,unknown,0,0,0
9dc2da45b628401db8f05cda247a6372,ark/deepseek-v3,695,76,771
9dc2da45b628401db8f05cda247a6372,unknown,0,0,0
9dc6b9d6012f49528f694aa68b8be582,ark/deepseek-v3,701,175,876
9dc6b9d6012f49528f694aa68b8be582,unknown,0,0,0
9dcc673551724f68864d33d7d7b44c19,ark/deepseek-v3-1,2445,1374,3819
9dcc673551724f68864d33d7d7b44c19,gpt-4.1,2566,509,3075
9dcc673551724f68864d33d7d7b44c19,unknown,0,0,0
9dd6fb1325124db6b10886f94ac6072d,ark/deepseek-v3,6650,713,7363
9dd6fb1325124db6b10886f94ac6072d,unknown,0,0,0
9dd8522301ed48dbabfee1f2030b9550,ark/deepseek-v3,701,180,881
9dd8522301ed48dbabfee1f2030b9550,unknown,0,0,0
9ddc476dacd44607a645adedcf8cf4d4,ark/deepseek-v3,5623,1367,6990
9ddc476dacd44607a645adedcf8cf4d4,unknown,0,0,0
9ddd1e428ecd40e4a90f183bf0bf3695,ark/deepseek-v3,467,123,590
9ddd1e428ecd40e4a90f183bf0bf3695,unknown,0,0,0
9ddd75f252974130b6c8d28a9d48eb62,ark/deepseek-v3,465,98,563
9ddd75f252974130b6c8d28a9d48eb62,deepseek-chat,30964,433,31397
9ddd75f252974130b6c8d28a9d48eb62,unknown,0,0,0
9ddfdbaa1f6449e98bcb3b95d291e2a6,ark/deepseek-v3,11494,1850,13344
9ddfdbaa1f6449e98bcb3b95d291e2a6,unknown,0,0,0
9dea445713ae45118e91e8150d8d76b9,deepseek-chat,670,347,1017
9dea445713ae45118e91e8150d8d76b9,gpt-4.1,943,93,1036
9dea445713ae45118e91e8150d8d76b9,unknown,0,0,0
9df26606219145dab74dd224887cf3d4,ark/deepseek-v3,701,183,884
9df26606219145dab74dd224887cf3d4,unknown,0,0,0
9e0819626dc54ec0a58f836c76aafbd9,deepseek-chat,732,309,1041
9e0819626dc54ec0a58f836c76aafbd9,unknown,0,0,0
9e0a03ceb95445779bc07cb83ea7f05a,unknown,0,0,0
9e12b0a731944f4bbc416cbfbffc82ef,deepseek-chat,561,207,768
9e12b0a731944f4bbc416cbfbffc82ef,unknown,0,0,0
9e184f88533b45bb84eea149571133d7,ark/deepseek-r1,129,2429,2558
9e184f88533b45bb84eea149571133d7,unknown,0,0,0
9e19f116529b4babb5bc7d50be42035b,ark/deepseek-v3-1,6823,1068,7891
9e19f116529b4babb5bc7d50be42035b,unknown,0,0,0
9e1c75dcea324d8b91c27ed8e4360a15,ark/deepseek-v3,3286,481,3767
9e1c75dcea324d8b91c27ed8e4360a15,unknown,0,0,0
9e22c911bd754870bbcec25897b4c9b2,deepseek-chat,0,0,0
9e22c911bd754870bbcec25897b4c9b2,unknown,0,0,0
9e371a25ae454ab6add625809f54dbb8,deepseek-chat,2222,995,3217
9e371a25ae454ab6add625809f54dbb8,unknown,0,0,0
9e3aef63260e40258bb1d9a25d0c8d9d,deepseek-chat,0,0,0
9e3aef63260e40258bb1d9a25d0c8d9d,unknown,0,0,0
9e3f8bed0a1147bdb7b123d5d2f966c8,ark/deepseek-v3,624,215,839
9e3f8bed0a1147bdb7b123d5d2f966c8,unknown,0,0,0
9e40b184b21e44a7a4c8946c709591d1,ark/deepseek-v3,2296,1141,3437
9e40b184b21e44a7a4c8946c709591d1,unknown,0,0,0
9e443d619ad14439bb7d78e72fa39132,ark/deepseek-v3,0,0,0
9e443d619ad14439bb7d78e72fa39132,unknown,0,0,0
9e447162d8d6450d8510644674827faa,ark/deepseek-v3,467,96,563
9e447162d8d6450d8510644674827faa,unknown,0,0,0
9e452ecb9e79423284edcc750ae79691,deepseek-chat,0,0,0
9e452ecb9e79423284edcc750ae79691,unknown,0,0,0
9e50468cac28436d96b527293941725a,deepseek-chat,796,334,1130
9e50468cac28436d96b527293941725a,unknown,0,0,0
9e527849740e422db0f56a1df24a9fd1,ark/deepseek-v3,2367,535,2902
9e527849740e422db0f56a1df24a9fd1,unknown,0,0,0
9e56fcdc9c694f858d3f1d5a77efe858,ark/deepseek-v3,2466,971,3437
9e56fcdc9c694f858d3f1d5a77efe858,deepseek-chat,5273,233,5506
9e56fcdc9c694f858d3f1d5a77efe858,unknown,0,0,0
9e647767c911480a8f118a2f01683f22,ark/deepseek-v3,1937,367,2304
9e647767c911480a8f118a2f01683f22,unknown,0,0,0
9e65f362c8ac41eca680117b40e8ddf2,ark/deepseek-v3,1274,718,1992
9e65f362c8ac41eca680117b40e8ddf2,unknown,0,0,0
9e6b2731448f4de5be29a78356a1335b,ark/deepseek-v3,758,107,865
9e6b2731448f4de5be29a78356a1335b,unknown,0,0,0
9e6f8f8b70854ecf8baf218cbd63fce2,ark/deepseek-v3,5679,867,6546
9e6f8f8b70854ecf8baf218cbd63fce2,unknown,0,0,0
9e7d04dc3ca04fde88510f7346f72c4d,ark/deepseek-v3,6431,1074,7505
9e7d04dc3ca04fde88510f7346f72c4d,deepseek-chat,114043,9452,123495
9e7d04dc3ca04fde88510f7346f72c4d,unknown,0,0,0
9e7d87f7b4254088970a03a998bc4588,deepseek-chat,671,445,1116
9e7d87f7b4254088970a03a998bc4588,unknown,0,0,0
9e7e0aeb14b74ce5b1445b4b3b28229f,ark/deepseek-v3,638,295,933
9e7e0aeb14b74ce5b1445b4b3b28229f,unknown,0,0,0
9e875cb7f5764455b6968e87d086c29e,deepseek-chat,2049,493,2542
9e875cb7f5764455b6968e87d086c29e,unknown,0,0,0
9e8c4cbc8f5a40adab3aca47bf4b0ef5,ark/deepseek-v3,1811,678,2489
9e8c4cbc8f5a40adab3aca47bf4b0ef5,unknown,0,0,0
9e8cce5dfd9241a280670dd4346d6a3c,ark/deepseek-v3,467,89,556
9e8cce5dfd9241a280670dd4346d6a3c,unknown,0,0,0
9e8e1c5c641e429bbfb607fcc55ef3c3,ark/deepseek-v3,2670,1441,4111
9e8e1c5c641e429bbfb607fcc55ef3c3,unknown,0,0,0
9e90dc87a2044c2a926d12a92d3eda53,ark/deepseek-v3,1813,696,2509
9e90dc87a2044c2a926d12a92d3eda53,unknown,0,0,0
9e90f8c49707495787c1dc83548018c5,ark/deepseek-v3,71,729,800
9e90f8c49707495787c1dc83548018c5,unknown,0,0,0
9e9229d94ef1418d930813f36601fd9b,deepseek-chat,671,368,1039
9e9229d94ef1418d930813f36601fd9b,unknown,0,0,0
9e94a146bd0e4051ae5e6b7e9cf71bc5,ark/deepseek-v3,701,179,880
9e94a146bd0e4051ae5e6b7e9cf71bc5,unknown,0,0,0
9e97cf2112be4920a308993815ae4635,ark/deepseek-v3,2396,519,2915
9e97cf2112be4920a308993815ae4635,unknown,0,0,0
9e98ba63da5548b487d8f5bf158e6608,deepseek-chat,1404,572,1976
9e98ba63da5548b487d8f5bf158e6608,unknown,0,0,0
9e9acda2a10d44aca1627ea42b46e963,ark/deepseek-v3,13443,2571,16014
9e9acda2a10d44aca1627ea42b46e963,unknown,0,0,0
9e9d671632f343a0aece0b5ffb000972,ark/deepseek-v3,2433,1245,3678
9e9d671632f343a0aece0b5ffb000972,unknown,0,0,0
9ea17c740d764f8c948763f406c93a67,ark/deepseek-v3,1455,181,1636
9ea17c740d764f8c948763f406c93a67,unknown,0,0,0
9ec20ffb19ba47858333f8f3ba79882e,ark/deepseek-v3,0,0,0
9ec20ffb19ba47858333f8f3ba79882e,unknown,0,0,0
9ec3cd54ac304f35a53c6764794345ed,ark/deepseek-v3,3143,293,3436
9ec3cd54ac304f35a53c6764794345ed,unknown,0,0,0
9ec6e1e6c6884621af912793a00f3f70,deepseek-chat,0,0,0
9ec6e1e6c6884621af912793a00f3f70,unknown,0,0,0
9ed33203aa89470da2e45d6d156e1896,deepseek-chat,671,467,1138
9ed33203aa89470da2e45d6d156e1896,unknown,0,0,0
9ed4ecffc9f748f79dab942595917939,deepseek-chat,561,207,768
9ed4ecffc9f748f79dab942595917939,unknown,0,0,0
9ed589168e9e4bd3ba9363f57fd92a26,ark/deepseek-v3,1089,335,1424
9ed589168e9e4bd3ba9363f57fd92a26,unknown,0,0,0
9ed80bd283e5469980ce7452de433c0e,ark/deepseek-v3,1369,594,1963
9ed80bd283e5469980ce7452de433c0e,unknown,0,0,0
9ed9629be8a841ae849a73836ca5c37a,ark/deepseek-v3,1455,196,1651
9ed9629be8a841ae849a73836ca5c37a,unknown,0,0,0
9ee1a2b81bd047e7aebe3a93f719620f,ark/deepseek-v3,1455,200,1655
9ee1a2b81bd047e7aebe3a93f719620f,unknown,0,0,0
9eeb14938e5f4241af073b40487954ee,ark/deepseek-v3,1669,459,2128
9eeb14938e5f4241af073b40487954ee,unknown,0,0,0
9ef31aa6809149e8aa1e1e5746a695e1,ark/deepseek-v3,38965,6179,45144
9ef31aa6809149e8aa1e1e5746a695e1,unknown,0,0,0
9ef756e3e90a4818b8423a35bb754365,deepseek-chat,670,311,981
9ef756e3e90a4818b8423a35bb754365,unknown,0,0,0
9ef7697722d64cb18205b06f24b1944b,deepseek-chat,1454,545,1999
9ef7697722d64cb18205b06f24b1944b,unknown,0,0,0
9ef858d24f0c44908881595568b124f1,ark/deepseek-v3,0,0,0
9ef858d24f0c44908881595568b124f1,unknown,0,0,0
9ef8a01a9604404fb939d2694d4ed383,ark/deepseek-v3,465,89,554
9ef8a01a9604404fb939d2694d4ed383,unknown,0,0,0
9efbc566827f498c818d707305c9e7ae,ark/deepseek-v3,6404,1137,7541
9efbc566827f498c818d707305c9e7ae,unknown,0,0,0
9efdfad0a281450fab7e54d3931d9bae,ark/deepseek-v3,671,266,937
9efdfad0a281450fab7e54d3931d9bae,unknown,0,0,0
9eff80b6e9a9435cb007bdbfd9e3e4a1,deepseek-chat,561,206,767
9eff80b6e9a9435cb007bdbfd9e3e4a1,unknown,0,0,0
9f001db89dba48479b062e182a4c87e2,ark/deepseek-v3,3950,1477,5427
9f001db89dba48479b062e182a4c87e2,unknown,0,0,0
9f08218f0cef4ef1afa863f3ee1b9492,ark/deepseek-v3,0,0,0
9f08218f0cef4ef1afa863f3ee1b9492,unknown,0,0,0
9f0a132abb6a413eb41fe712d5504c10,ark/deepseek-v3,1251,216,1467
9f0a132abb6a413eb41fe712d5504c10,unknown,0,0,0
9f0a2fd8c5584ba4b1a8d32bd5f90eaa,deepseek-chat,2202,1190,3392
9f0a2fd8c5584ba4b1a8d32bd5f90eaa,unknown,0,0,0
9f0ac26a9400472b94489a85ec13c562,deepseek-chat,915,309,1224
9f0ac26a9400472b94489a85ec13c562,unknown,0,0,0
9f0b2e5416a042c6b95417256623c838,ark/deepseek-v3-1,1025,289,1314
9f0b2e5416a042c6b95417256623c838,unknown,0,0,0
9f1cd89538134517b61bd17bce897b88,ark/deepseek-v3,6615,727,7342
9f1cd89538134517b61bd17bce897b88,unknown,0,0,0
9f1cfaf9565743ccbc04d5f401df1b8f,deepseek-chat,1363,260,1623
9f1cfaf9565743ccbc04d5f401df1b8f,unknown,0,0,0
9f1e60eae6ae4e5b862f591c6273ed30,unknown,0,0,0
9f29aafca65f4191b2475261ee237791,ark/deepseek-v3,467,97,564
9f29aafca65f4191b2475261ee237791,unknown,0,0,0
9f33cf824758472bbac3d028155e6a61,deepseek-chat,700,267,967
9f33cf824758472bbac3d028155e6a61,unknown,0,0,0
9f3e1a0ac9774a22bfbb5c7e63683275,ark/deepseek-v3,1251,216,1467
9f3e1a0ac9774a22bfbb5c7e63683275,unknown,0,0,0
9f3ee06d23d74bf4b96df924b4c530e0,ark/deepseek-v3,3115,669,3784
9f3ee06d23d74bf4b96df924b4c530e0,unknown,0,0,0
9f4510685e4c4864a6b518ed7fb9b457,ark/deepseek-v3,24812,5082,29894
9f4510685e4c4864a6b518ed7fb9b457,unknown,0,0,0
9f56c25dc2704b6cbc83878ad04d7092,deepseek-chat,2264,770,3034
9f56c25dc2704b6cbc83878ad04d7092,unknown,0,0,0
9f57a3f6ab594e02acba8df831310ac0,ark/deepseek-v3,2399,461,2860
9f57a3f6ab594e02acba8df831310ac0,unknown,0,0,0
9f5f8061a7bc43a5b71a8c1139b2a593,ark/deepseek-v3,3143,330,3473
9f5f8061a7bc43a5b71a8c1139b2a593,unknown,0,0,0
9f682b89f4c34bd78531ff60c2783a8f,unknown,0,0,0
9f6f4f14bbc544e9aba605f115832812,ark/deepseek-v3,0,0,0
9f6f4f14bbc544e9aba605f115832812,unknown,0,0,0
9f6f9640f0cf40ee9000baac7682f8b9,ark/deepseek-v3,3865,1463,5328
9f6f9640f0cf40ee9000baac7682f8b9,unknown,0,0,0
9f74c99bfa274867b4b52f3b3869b061,ark/deepseek-v3,701,175,876
9f74c99bfa274867b4b52f3b3869b061,unknown,0,0,0
9f783b6ed324429ba439b67f84f5dbc8,ark/deepseek-v3,1910,222,2132
9f783b6ed324429ba439b67f84f5dbc8,unknown,0,0,0
9f8c67065511492da1b67394c66f58fe,deepseek-chat,3697,681,4378
9f8c67065511492da1b67394c66f58fe,unknown,0,0,0
9f8e55ddb3b947388f6d2373e7d61f44,deepseek-chat,2539,899,3438
9f8e55ddb3b947388f6d2373e7d61f44,unknown,0,0,0
9f8ff599fefa400a818d852608f24f06,ark/deepseek-v3,1251,219,1470
9f8ff599fefa400a818d852608f24f06,unknown,0,0,0
9f9303ba1e7148a2b506aa094a23f8f1,ark/deepseek-v3,1455,201,1656
9f9303ba1e7148a2b506aa094a23f8f1,unknown,0,0,0
9f945fb385404225942a89eb30d9ebee,ark/deepseek-v3,467,85,552
9f945fb385404225942a89eb30d9ebee,unknown,0,0,0
9f9cff6e484540c782873a562bf6d78b,deepseek-chat,4593,1099,5692
9f9cff6e484540c782873a562bf6d78b,gpt-4.1,4475,983,5458
9f9cff6e484540c782873a562bf6d78b,unknown,0,0,0
9fa08cbdf72c40c99b8e1a480755e747,deepseek-chat,288,413,701
9fa08cbdf72c40c99b8e1a480755e747,gpt-4o-2024-05-13,607,19,626
9fa08cbdf72c40c99b8e1a480755e747,unknown,0,0,0
9fa1babc82e44937a62fe02199fe9d52,deepseek-chat,0,0,0
9fa1babc82e44937a62fe02199fe9d52,unknown,0,0,0
9fa98a50ed954e44acb1b101fcf906a8,deepseek-chat,1378,658,2036
9fa98a50ed954e44acb1b101fcf906a8,unknown,0,0,0
9fabd0dd9fe7435584f3a6007f996955,ark/deepseek-v3,5620,1164,6784
9fabd0dd9fe7435584f3a6007f996955,unknown,0,0,0
9fb32fa49b074be3857f152280628dc9,ark/deepseek-v3,1837,368,2205
9fb32fa49b074be3857f152280628dc9,unknown,0,0,0
9fb429e0649e4e70bea05a2ba0e1d86d,deepseek-chat,671,456,1127
9fb429e0649e4e70bea05a2ba0e1d86d,unknown,0,0,0
9fb7311fc82d422eb17e3f0ca3f755a9,deepseek-chat,888,469,1357
9fb7311fc82d422eb17e3f0ca3f755a9,unknown,0,0,0
9fbeedef767542f1926fce75b48b963f,ark/deepseek-v3,467,83,550
9fbeedef767542f1926fce75b48b963f,unknown,0,0,0
9fbf566313ec4b8bbb11a3766ea3854c,deepseek-chat,670,389,1059
9fbf566313ec4b8bbb11a3766ea3854c,unknown,0,0,0
9fc85da9c3b04e35b4c8a692853458a1,ark/deepseek-v3,465,96,561
9fc85da9c3b04e35b4c8a692853458a1,unknown,0,0,0
9fc8d890b4714975aafff9740ecaf6c1,deepseek-chat,3521,1451,4972
9fc8d890b4714975aafff9740ecaf6c1,gpt-4.1,4156,885,5041
9fc8d890b4714975aafff9740ecaf6c1,unknown,0,0,0
9fcb5b9f34d545afb66d774e3d7e10d6,ark/deepseek-v3,8689,1718,10407
9fcb5b9f34d545afb66d774e3d7e10d6,unknown,0,0,0
9fcb8d7d11ff4fa7b975d4c5b8f49093,ark/deepseek-v3,1363,629,1992
9fcb8d7d11ff4fa7b975d4c5b8f49093,ark/deepseek-v3-1,0,0,0
9fcb8d7d11ff4fa7b975d4c5b8f49093,unknown,0,0,0
9fd35015b3474c7fa84823dae5a61447,ark/kimi-k2,0,0,0
9fd35015b3474c7fa84823dae5a61447,deepseek-chat,670,349,1019
9fd35015b3474c7fa84823dae5a61447,unknown,0,0,0
9fd980981b9e4e58ad8fbc39d7f63d5e,ark/deepseek-v3,0,0,0
9fd980981b9e4e58ad8fbc39d7f63d5e,unknown,0,0,0
9fe4b1d6f78049098d503a1ad47d41e5,ark/deepseek-v3,1491,705,2196
9fe4b1d6f78049098d503a1ad47d41e5,unknown,0,0,0
9fe54a9fa2fb452683ce494b33b7e91c,deepseek-chat,0,0,0
9fe54a9fa2fb452683ce494b33b7e91c,unknown,0,0,0
9fe95d750d2c4c3cb7a33cc050b8eaaf,deepseek-chat,2718,1528,4246
9fe95d750d2c4c3cb7a33cc050b8eaaf,unknown,0,0,0
9fec625268df4e4bae5776c530e916c2,deepseek-chat,671,493,1164
9fec625268df4e4bae5776c530e916c2,unknown,0,0,0
9fed6ff1f74a4235a1d1919d0d82466c,ark/deepseek-v3,2206,975,3181
9fed6ff1f74a4235a1d1919d0d82466c,deepseek-chat,5730,75,5805
9fed6ff1f74a4235a1d1919d0d82466c,unknown,0,0,0
9fede2caf31b494083c5bf7f0c943f33,deepseek-chat,671,372,1043
9fede2caf31b494083c5bf7f0c943f33,unknown,0,0,0
9ff19bb1797c41298215e064b960de3b,deepseek-chat,713,310,1023
9ff19bb1797c41298215e064b960de3b,unknown,0,0,0
9ff21fb2d0894376ae2f467acd5cac46,ark/deepseek-v3-1,1405,854,2259
9ff21fb2d0894376ae2f467acd5cac46,unknown,0,0,0
9ff534fc034847cfb3c3300baca3d25f,ark/deepseek-v3,0,0,0
9ff534fc034847cfb3c3300baca3d25f,unknown,0,0,0
9ff8deac96104a979775cbf94bb05f50,ark/deepseek-v3-1,3920,1670,5590
9ff8deac96104a979775cbf94bb05f50,unknown,0,0,0
9ff94a3023504109992afac7bfc895aa,ark/deepseek-v3,5389,818,6207
9ff94a3023504109992afac7bfc895aa,unknown,0,0,0
9ffdf7fd89a940d2846906211135d16c,ark/deepseek-v3,716,124,840
9ffdf7fd89a940d2846906211135d16c,unknown,0,0,0
9ffe041004d14672829f0b3cce1fdf70,ark/deepseek-v3-1,1405,1120,2525
9ffe041004d14672829f0b3cce1fdf70,unknown,0,0,0
9ffebb13d64c4778bdda8892df9aa327,ark/deepseek-v3,614,332,946
9ffebb13d64c4778bdda8892df9aa327,unknown,0,0,0
9fff589fe39e415390d9b6bfc1f9dbd0,ark/deepseek-v3,701,197,898
9fff589fe39e415390d9b6bfc1f9dbd0,unknown,0,0,0
a018985a50cc417d93e9d348b8116fe6,ark/deepseek-v3,467,100,567
a018985a50cc417d93e9d348b8116fe6,unknown,0,0,0
a023d4786c63409393c56ca8e4eed75a,deepseek-chat,3349,1066,4415
a023d4786c63409393c56ca8e4eed75a,gpt-4.1,3379,882,4261
a023d4786c63409393c56ca8e4eed75a,unknown,0,0,0
a02e2e168f074c4f9e1802c63ce91935,unknown,0,0,0
a030d309683e4120aba02cbbec6c42b0,ark/deepseek-v3,465,92,557
a030d309683e4120aba02cbbec6c42b0,unknown,0,0,0
a0327ac579424cdd9d7e33e36ba1f32c,deepseek-chat,561,207,768
a0327ac579424cdd9d7e33e36ba1f32c,unknown,0,0,0
a03e5e84511244f682d0e9233c7af6e1,ark/deepseek-v3,1768,920,2688
a03e5e84511244f682d0e9233c7af6e1,unknown,0,0,0
a0491cb7668c4b16a331a88aa2e2d3ba,ark/deepseek-v3-1,1405,960,2365
a0491cb7668c4b16a331a88aa2e2d3ba,unknown,0,0,0
a065a546368541da9e069e853b37249b,deepseek-chat,2863,1067,3930
a065a546368541da9e069e853b37249b,unknown,0,0,0
a06692bed78840e7a8d7e919149c090b,ark/deepseek-v3-1,1405,906,2311
a06692bed78840e7a8d7e919149c090b,unknown,0,0,0
a0723c0fbeee4a05b76122b1a7164d33,ark/deepseek-v3,7997,1402,9399
a0723c0fbeee4a05b76122b1a7164d33,unknown,0,0,0
a07321a999824bdcab64f7bfb5df9b51,deepseek-chat,865,371,1236
a07321a999824bdcab64f7bfb5df9b51,unknown,0,0,0
a077e21f50044ea99e868de9f95a5ed8,ark/kimi-k2,1069,24,1093
a077e21f50044ea99e868de9f95a5ed8,unknown,0,0,0
a07ccd8de233455f92a5547acc7c329a,deepseek-chat,2262,937,3199
a07ccd8de233455f92a5547acc7c329a,unknown,0,0,0
a07dd400b1b443aeb0d84042fa9a418e,deepseek-chat,671,373,1044
a07dd400b1b443aeb0d84042fa9a418e,unknown,0,0,0
a07eabdc9809478c8c2cb4783475f1c6,ark/deepseek-v3-1,1112,483,1595
a07eabdc9809478c8c2cb4783475f1c6,unknown,0,0,0
a08be0b59f6948f7b07bd83e9e7a7fac,ark/deepseek-v3,701,175,876
a08be0b59f6948f7b07bd83e9e7a7fac,unknown,0,0,0
a09021dce5454b57bf7d4890e7d8520a,deepseek-chat,561,207,768
a09021dce5454b57bf7d4890e7d8520a,unknown,0,0,0
a091295516124e4cb3c30073515760b3,deepseek-chat,880,296,1176
a091295516124e4cb3c30073515760b3,unknown,0,0,0
a093e0afe77e440fb5cfe2f459997eb4,deepseek-chat,1458,619,2077
a093e0afe77e440fb5cfe2f459997eb4,unknown,0,0,0
a09841e641c74631b63a54da9374fe3f,ark/deepseek-v3,467,111,578
a09841e641c74631b63a54da9374fe3f,unknown,0,0,0
a09d6f9e03074bf2b6aaf0e146a1cd54,ark/deepseek-v3,1455,213,1668
a09d6f9e03074bf2b6aaf0e146a1cd54,unknown,0,0,0
a0a39c591df9452c8c1c14d1ab497f6e,deepseek-chat,671,399,1070
a0a39c591df9452c8c1c14d1ab497f6e,unknown,0,0,0
a0a3d4e2f2e2483e9cc2e087ea475d1f,deepseek-chat,671,433,1104
a0a3d4e2f2e2483e9cc2e087ea475d1f,unknown,0,0,0
a0a4da77fa7e4b03a5ffa70d0556838e,deepseek-chat,561,226,787
a0a4da77fa7e4b03a5ffa70d0556838e,unknown,0,0,0
a0b59fedb6c84c8485fd3b39f46846bc,ark/deepseek-v3,6805,1922,8727
a0b59fedb6c84c8485fd3b39f46846bc,gpt-4.1,639,19,658
a0b59fedb6c84c8485fd3b39f46846bc,unknown,0,0,0
a0bc7272f45442aa8a104daa99af7276,deepseek-chat,96,146,242
a0bc7272f45442aa8a104daa99af7276,unknown,0,0,0
a0bd69b56f8a409c9c34da9ade06339e,deepseek-chat,671,453,1124
a0bd69b56f8a409c9c34da9ade06339e,unknown,0,0,0
a0c83b4a89764da099edde3c6af828ce,ark/deepseek-v3,467,89,556
a0c83b4a89764da099edde3c6af828ce,unknown,0,0,0
a0d6523351d4470ca8d5e2fe7630b6e9,ark/deepseek-v3,1272,690,1962
a0d6523351d4470ca8d5e2fe7630b6e9,unknown,0,0,0
a0d853b61ee646c6b8782897426f7626,ark/deepseek-v3,1587,344,1931
a0d853b61ee646c6b8782897426f7626,unknown,0,0,0
a0d8ba11e0c3442b911c30891e465a5e,qwen/qwen-max,2752,316,3068
a0d8ba11e0c3442b911c30891e465a5e,unknown,0,0,0
a0d985494a6942a49ec965c03ae75785,ark/deepseek-v3,988,218,1206
a0d985494a6942a49ec965c03ae75785,unknown,0,0,0
a0da6632dd9f4aae9ce869df25fb6217,deepseek-chat,902,518,1420
a0da6632dd9f4aae9ce869df25fb6217,unknown,0,0,0
a0f27749fb2c43e48b085bcf63146187,ark/deepseek-v3,2367,530,2897
a0f27749fb2c43e48b085bcf63146187,unknown,0,0,0
a0f419c79e89463a9b5c8fccef6059e0,ark/deepseek-v3,1089,279,1368
a0f419c79e89463a9b5c8fccef6059e0,unknown,0,0,0
a0f597fc5e3d419b9b43d7598ebfbf1b,ark/deepseek-v3,701,173,874
a0f597fc5e3d419b9b43d7598ebfbf1b,unknown,0,0,0
a102397d085f498083791b18314508c9,ark/deepseek-v3,692,362,1054
a102397d085f498083791b18314508c9,unknown,0,0,0
a104ba980af54be5891c1d424367d449,ark/deepseek-v3,2346,1124,3470
a104ba980af54be5891c1d424367d449,unknown,0,0,0
a105309e7ad04bab8c857e37faf1f041,ark/deepseek-v3,467,97,564
a105309e7ad04bab8c857e37faf1f041,unknown,0,0,0
a1095968e57243f39aa205d108dcfbc1,deepseek-chat,0,0,0
a1095968e57243f39aa205d108dcfbc1,unknown,0,0,0
a1098481107b434bad219b68c627d2b0,ark/deepseek-v3,1251,216,1467
a1098481107b434bad219b68c627d2b0,unknown,0,0,0
a10b5ec6dd2a4494b7455a670acca837,ark/deepseek-v3,0,0,0
a10b5ec6dd2a4494b7455a670acca837,unknown,0,0,0
a11d6b52e22d485caf9da974715dab1f,ark/deepseek-v3-1,1121,430,1551
a11d6b52e22d485caf9da974715dab1f,unknown,0,0,0
a11d6e08d5424043bbf5682ae16eff37,ark/deepseek-v3,2782,1464,4246
a11d6e08d5424043bbf5682ae16eff37,deepseek-chat,33661,3722,37383
a11d6e08d5424043bbf5682ae16eff37,unknown,0,0,0
a13087ed8c1f4765afa907ed395964b6,ark/deepseek-v3,1592,871,2463
a13087ed8c1f4765afa907ed395964b6,unknown,0,0,0
a130d1a2d82244b0a69f6abe1d46b5f7,ark/deepseek-v3,5958,824,6782
a130d1a2d82244b0a69f6abe1d46b5f7,unknown,0,0,0
a136f61876a34d228bcb75f1a34cb06a,deepseek-chat,685,531,1216
a136f61876a34d228bcb75f1a34cb06a,unknown,0,0,0
a13b222252134ff294a1b916b57be4a1,deepseek-chat,1459,1154,2613
a13b222252134ff294a1b916b57be4a1,unknown,0,0,0
a13b985574c54b4fa7df7c1ee98be8ff,ark/deepseek-v3,695,76,771
a13b985574c54b4fa7df7c1ee98be8ff,unknown,0,0,0
a1466683ab954ce5868c024c1c171248,ark/deepseek-v3,467,96,563
a1466683ab954ce5868c024c1c171248,unknown,0,0,0
a146e42bfdde4a5c813476b9655fb274,deepseek-chat,1055,471,1526
a146e42bfdde4a5c813476b9655fb274,gpt-4.1,941,28,969
a146e42bfdde4a5c813476b9655fb274,unknown,0,0,0
a14defb1874b45c2907bb2e501f05dcf,ark/deepseek-v3,14037,2563,16600
a14defb1874b45c2907bb2e501f05dcf,unknown,0,0,0
a15299ffbfae4915a85e2d0ae9cb10ec,ark/deepseek-v3,1826,920,2746
a15299ffbfae4915a85e2d0ae9cb10ec,unknown,0,0,0
a15b46102d694c5d8264f6495b44aee5,ark/deepseek-v3,3228,560,3788
a15b46102d694c5d8264f6495b44aee5,unknown,0,0,0
a16914dc9dc848c090eef1ab16d9e2a3,deepseek-chat,734,284,1018
a16914dc9dc848c090eef1ab16d9e2a3,unknown,0,0,0
a16a3c9993cc4248956aef9ad73c9d48,deepseek-chat,2186,667,2853
a16a3c9993cc4248956aef9ad73c9d48,unknown,0,0,0
a173e1c49f724729857941a07f097eee,deepseek-chat,741,303,1044
a173e1c49f724729857941a07f097eee,unknown,0,0,0
a17a35539861471ab306b558fd5e6750,deepseek-chat,0,0,0
a17a35539861471ab306b558fd5e6750,unknown,0,0,0
a17c69bc487c4f8eb7cc2c87af95e3aa,deepseek-chat,0,0,0
a17c69bc487c4f8eb7cc2c87af95e3aa,unknown,0,0,0
a180ce2be08a44048c02f0363ce390a6,deepseek-chat,671,378,1049
a180ce2be08a44048c02f0363ce390a6,unknown,0,0,0
a1859740f38e446b91f444cab17eb2ea,ark/deepseek-v3,636,249,885
a1859740f38e446b91f444cab17eb2ea,unknown,0,0,0
a1870831d68e46278cc5cedf061e3192,deepseek-chat,30,2031,2061
a1870831d68e46278cc5cedf061e3192,unknown,0,0,0
a18c45b55bca469793e7f34044cbcb18,ark/deepseek-v3,6615,833,7448
a18c45b55bca469793e7f34044cbcb18,unknown,0,0,0
a18eb356b1594256834ef5801ecf1a37,ark/deepseek-v3,1614,814,2428
a18eb356b1594256834ef5801ecf1a37,unknown,0,0,0
a1997628cc714ab3bd5c9203f7c89b0b,ark/deepseek-v3-1,2705,512,3217
a1997628cc714ab3bd5c9203f7c89b0b,unknown,0,0,0
a199da41a3c6461483c6445f04005d8d,ark/deepseek-v3,1550,777,2327
a199da41a3c6461483c6445f04005d8d,deepseek-chat,35097,4538,39635
a199da41a3c6461483c6445f04005d8d,unknown,0,0,0
a19b3c0da379461bbb70d8fa7dc6f926,deepseek-chat,2078,756,2834
a19b3c0da379461bbb70d8fa7dc6f926,unknown,0,0,0
a1a348f7c06e45e0b564f6764a826ab4,deepseek-chat,1514,1096,2610
a1a348f7c06e45e0b564f6764a826ab4,unknown,0,0,0
a1a60f97f6e1459d91c231f0448ab9a8,ark/deepseek-v3,1444,875,2319
a1a60f97f6e1459d91c231f0448ab9a8,unknown,0,0,0
a1af26e7f3274e8a9a1b7b972d686895,ark/deepseek-v3-1,1039,453,1492
a1af26e7f3274e8a9a1b7b972d686895,unknown,0,0,0
a1b1fd7e7bff4e309f34aae635e9b50d,deepseek-chat,1054,476,1530
a1b1fd7e7bff4e309f34aae635e9b50d,gpt-4.1,940,27,967
a1b1fd7e7bff4e309f34aae635e9b50d,unknown,0,0,0
a1baa90db6de406fb48878f0b6a6215f,ark/deepseek-v3,704,194,898
a1baa90db6de406fb48878f0b6a6215f,unknown,0,0,0
a1bc51393b284c54b6ac29dd7817a676,deepseek-chat,703,69,772
a1bc51393b284c54b6ac29dd7817a676,unknown,0,0,0
a1bf4618e0e141ef9ccd27668498cb30,ark/deepseek-v3,1180,479,1659
a1bf4618e0e141ef9ccd27668498cb30,deepseek-chat,20334,1213,21547
a1bf4618e0e141ef9ccd27668498cb30,unknown,0,0,0
a1bfbca6315241b893dca5f8f9b400a8,deepseek-chat,10,30,40
a1bfbca6315241b893dca5f8f9b400a8,unknown,0,0,0
a1c0b1fb3ad34bf9b343a7d94f7940b2,ark/deepseek-v3,0,0,0
a1c0b1fb3ad34bf9b343a7d94f7940b2,unknown,0,0,0
a1c27ada0dfe4caea6244dff66a9bea9,ark/deepseek-v3,3143,302,3445
a1c27ada0dfe4caea6244dff66a9bea9,unknown,0,0,0
a1c2dcb565e8408ea115d96ea94eba57,deepseek-chat,46,409,455
a1c2dcb565e8408ea115d96ea94eba57,unknown,0,0,0
a1d014e04a9b470b8205f91c3100516d,deepseek-chat,671,355,1026
a1d014e04a9b470b8205f91c3100516d,unknown,0,0,0
a1d39de06db04b818d8d6a56ccf5cf2f,deepseek-chat,19,193,212
a1d39de06db04b818d8d6a56ccf5cf2f,unknown,0,0,0
a1decbdd428d4b3687f0e2f1c054754e,ark/deepseek-v3,3144,273,3417
a1decbdd428d4b3687f0e2f1c054754e,unknown,0,0,0
a1f4c499ac5542f3bd70cc9e6a128893,deepseek-chat,561,207,768
a1f4c499ac5542f3bd70cc9e6a128893,unknown,0,0,0
a1f8640ed3534947a50cd09ebc1d5793,ark/deepseek-v3,2358,1124,3482
a1f8640ed3534947a50cd09ebc1d5793,unknown,0,0,0
a1fb195336f64b2eb0dd28679d45e886,ark/deepseek-v3,657,245,902
a1fb195336f64b2eb0dd28679d45e886,unknown,0,0,0
a207b927649444e5a04e6d34ff8de51c,ark/deepseek-v3,569,74,643
a207b927649444e5a04e6d34ff8de51c,unknown,0,0,0
a20ddd7f7a4f416dace470e0c3a43587,deepseek-chat,0,0,0
a20ddd7f7a4f416dace470e0c3a43587,unknown,0,0,0
a20dfb5706044ab8897afb2422f104c6,deepseek-chat,709,250,959
a20dfb5706044ab8897afb2422f104c6,unknown,0,0,0
a210a6d3f64141e5afa46ecad1b00f6c,ark/deepseek-v3-1,1405,777,2182
a210a6d3f64141e5afa46ecad1b00f6c,unknown,0,0,0
a2190c20723b45238dbb7d2506b62995,deepseek-chat,671,379,1050
a2190c20723b45238dbb7d2506b62995,unknown,0,0,0
a2190ec940184a888037ba37fa4eb620,ark/deepseek-v3,3143,290,3433
a2190ec940184a888037ba37fa4eb620,unknown,0,0,0
a22247f4d4bf42dfa6d880f7020922f9,ark/deepseek-v3,2188,1158,3346
a22247f4d4bf42dfa6d880f7020922f9,unknown,0,0,0
a226175d11a048f9b5376b7b62cd711e,ark/deepseek-v3,1911,981,2892
a226175d11a048f9b5376b7b62cd711e,unknown,0,0,0
a229eae926644dd1bc1cba57566c62ec,deepseek-chat,671,415,1086
a229eae926644dd1bc1cba57566c62ec,unknown,0,0,0
a22bed253a5a435aaa0111e150a3ed68,ark/deepseek-v3,467,92,559
a22bed253a5a435aaa0111e150a3ed68,unknown,0,0,0
a22ea32b95f54362b17e99d5224731dc,ark/deepseek-v3,0,0,0
a22ea32b95f54362b17e99d5224731dc,unknown,0,0,0
a233d2b58e5f46d9a97f1c43f41483ee,ark/deepseek-v3,758,104,862
a233d2b58e5f46d9a97f1c43f41483ee,unknown,0,0,0
a236b7d923a54e499b9165c14246ed67,deepseek-chat,888,471,1359
a236b7d923a54e499b9165c14246ed67,unknown,0,0,0
a24782aab7ce4cae9e49038431aa06e7,ark/deepseek-v3,1531,503,2034
a24782aab7ce4cae9e49038431aa06e7,unknown,0,0,0
a2487b917db14a56a8dd5c0a65900b74,deepseek-chat,2117,1574,3691
a2487b917db14a56a8dd5c0a65900b74,unknown,0,0,0
a24db881a05643da875e2845c64c33bd,ark/deepseek-v3,1455,215,1670
a24db881a05643da875e2845c64c33bd,unknown,0,0,0
a25814e783a5461cb679aec6b67a8397,deepseek-chat,709,359,1068
a25814e783a5461cb679aec6b67a8397,unknown,0,0,0
a25de18aeba34934ac2afc55f6eac685,ark/deepseek-v3-1,2658,816,3474
a25de18aeba34934ac2afc55f6eac685,unknown,0,0,0
a25fa152da034efd8a0ffd7a28982593,deepseek-chat,671,440,1111
a25fa152da034efd8a0ffd7a28982593,unknown,0,0,0
a2621e4ebcb1440f9a938f9d6a7abed6,ark/deepseek-v3,467,95,562
a2621e4ebcb1440f9a938f9d6a7abed6,unknown,0,0,0
a26c0f74aee1488c8ce23c5c4a18024b,deepseek-chat,670,319,989
a26c0f74aee1488c8ce23c5c4a18024b,unknown,0,0,0
a271219684d44238889f42314dbdafee,deepseek-chat,0,0,0
a271219684d44238889f42314dbdafee,unknown,0,0,0
a277898806714af28ed58988c3d2c896,ark/deepseek-v3,2398,456,2854
a277898806714af28ed58988c3d2c896,unknown,0,0,0
a27d6c701f9942348ab815616f87eebe,deepseek-chat,960,440,1400
a27d6c701f9942348ab815616f87eebe,unknown,0,0,0
a29c67d5ca434f629b5f48c760eb5c66,ark/deepseek-v3,465,91,556
a29c67d5ca434f629b5f48c760eb5c66,unknown,0,0,0
a2b2ff30d10148b193ce2905f030c528,deepseek-chat,2291,874,3165
a2b2ff30d10148b193ce2905f030c528,unknown,0,0,0
a2bc2ff595ca4b9aaa616996c7eb3ba0,ark/deepseek-v3,1363,5199,6562
a2bc2ff595ca4b9aaa616996c7eb3ba0,unknown,0,0,0
a2c02659b7f5419ca3fc2d71cee30422,unknown,0,0,0
a2c332d39b2f480381a21727cd740b53,unknown,0,0,0
a2c5ae31b0ac4139bcf9a7d2716c1b2a,ark/deepseek-v3,1455,232,1687
a2c5ae31b0ac4139bcf9a7d2716c1b2a,unknown,0,0,0
a2d741d5dd8b4a22b455831829d3b411,deepseek-chat,2117,718,2835
a2d741d5dd8b4a22b455831829d3b411,unknown,0,0,0
a2e039b81194405d9e967e848637104e,ark/deepseek-v3,12892,2272,15164
a2e039b81194405d9e967e848637104e,unknown,0,0,0
a2e640ab464744748655bfe1634e83f9,ark/deepseek-v3,5172,2579,7751
a2e640ab464744748655bfe1634e83f9,unknown,0,0,0
a2e7a70770c54a2c8e9f4fe7e719ea8b,deepseek-chat,0,0,0
a2e7a70770c54a2c8e9f4fe7e719ea8b,unknown,0,0,0
a2f4641335b3433fb0fc3053ec954cbf,ark/deepseek-v3-1,2714,1034,3748
a2f4641335b3433fb0fc3053ec954cbf,unknown,0,0,0
a2fc5b043b3d40aaa5d7887aece03001,ark/deepseek-v3,758,109,867
a2fc5b043b3d40aaa5d7887aece03001,unknown,0,0,0
a304996dc15c4f40b8e7f448bd11e75b,ark/deepseek-v3,0,0,0
a304996dc15c4f40b8e7f448bd11e75b,unknown,0,0,0
a3051d63a1b64e7da0ac03fe1cf602b6,deepseek-chat,835,454,1289
a3051d63a1b64e7da0ac03fe1cf602b6,unknown,0,0,0
a3064e04dd644e3ba35ffe135d6396fd,deepseek-chat,887,471,1358
a3064e04dd644e3ba35ffe135d6396fd,unknown,0,0,0
a31131d675884d7ab7d1f26669082fba,ark/deepseek-v3,701,182,883
a31131d675884d7ab7d1f26669082fba,unknown,0,0,0
a31b387113e84896be1594b43cc9aa40,ark/deepseek-v3,3145,274,3419
a31b387113e84896be1594b43cc9aa40,unknown,0,0,0
a31f3a9609ac41b4ad91cc6c6bb3c310,deepseek-chat,670,374,1044
a31f3a9609ac41b4ad91cc6c6bb3c310,unknown,0,0,0
a31f6f0ed31b4fe9b9fec245fb08bf4d,ark/deepseek-v3,6996,1177,8173
a31f6f0ed31b4fe9b9fec245fb08bf4d,unknown,0,0,0
a32c2f455de34003b8f625ec112b83aa,ark/deepseek-v3,1072,311,1383
a32c2f455de34003b8f625ec112b83aa,unknown,0,0,0
a32c4b05817840cdb40b439d4c59c39e,ark/deepseek-v3,467,84,551
a32c4b05817840cdb40b439d4c59c39e,unknown,0,0,0
a32e9d58932c44e0b13b0d0f9566ba58,deepseek-chat,689,289,978
a32e9d58932c44e0b13b0d0f9566ba58,unknown,0,0,0
a3396a66eca147dfa0c176c357ba4371,deepseek-chat,670,324,994
a3396a66eca147dfa0c176c357ba4371,unknown,0,0,0
a33ca4694e0e400ab89907f65aedf048,deepseek-chat,561,207,768
a33ca4694e0e400ab89907f65aedf048,unknown,0,0,0
a34160bfab024ddf9f3130cb98c21cb4,ark/deepseek-v3,6163,1982,8145
a34160bfab024ddf9f3130cb98c21cb4,gpt-4.1,641,22,663
a34160bfab024ddf9f3130cb98c21cb4,unknown,0,0,0
a3482456b1d94a2eb13ca72cb4759e50,ark/deepseek-v3,467,97,564
a3482456b1d94a2eb13ca72cb4759e50,unknown,0,0,0
a34bbc31b72b490991f5df7a40960a16,ark/deepseek-v3,4630,2104,6734
a34bbc31b72b490991f5df7a40960a16,unknown,0,0,0
a350b061831740999d960361404515a5,ark/deepseek-v3,1455,190,1645
a350b061831740999d960361404515a5,unknown,0,0,0
a3544a493a004119bf1251b660f9a220,ark/deepseek-v3,467,94,561
a3544a493a004119bf1251b660f9a220,unknown,0,0,0
a3578c699d8843888f9a065a66da1fa1,ark/deepseek-v3,701,175,876
a3578c699d8843888f9a065a66da1fa1,unknown,0,0,0
a37188881f384272accfd93bc7dc8881,ark/deepseek-v3,8165,825,8990
a37188881f384272accfd93bc7dc8881,unknown,0,0,0
a384cd8c46c64c60a4a27bbf9a6868bc,unknown,0,0,0
a3890cec920f4f7fb76403c3c15fc552,ark/deepseek-v3-1,3296,932,4228
a3890cec920f4f7fb76403c3c15fc552,unknown,0,0,0
a3890d64e11c4e29bcea785c8f87dd9f,deepseek-chat,703,220,923
a3890d64e11c4e29bcea785c8f87dd9f,unknown,0,0,0
a391946c3e024168a16f0cc7e9be2cfa,ark/deepseek-v3,0,0,0
a391946c3e024168a16f0cc7e9be2cfa,unknown,0,0,0
a392053b5ab240f7b505d00d04d8ac8b,ark/deepseek-v3,886,1854,2740
a392053b5ab240f7b505d00d04d8ac8b,unknown,0,0,0
a39d9e1af43842d29c4fe2f5b41e9934,ark/deepseek-v3,465,95,560
a39d9e1af43842d29c4fe2f5b41e9934,unknown,0,0,0
a39dcee086544b0a903555874757a7e0,deepseek-chat,0,0,0
a39dcee086544b0a903555874757a7e0,unknown,0,0,0
a3a59b3ab68644ada9a8c0e5a72dd8c6,deepseek-chat,3235,1545,4780
a3a59b3ab68644ada9a8c0e5a72dd8c6,gpt-4.1,3340,861,4201
a3a59b3ab68644ada9a8c0e5a72dd8c6,unknown,0,0,0
a3b7a0e26be1404ca0b1f216e4b484a5,deepseek-chat,2226,1012,3238
a3b7a0e26be1404ca0b1f216e4b484a5,unknown,0,0,0
a3c0a934f58e4b4bb8caea29e19db371,deepseek-chat,9098,1516,10614
a3c0a934f58e4b4bb8caea29e19db371,unknown,0,0,0
a3c794adccbb4f29ad9bc7960c58453f,ark/deepseek-v3,1183,634,1817
a3c794adccbb4f29ad9bc7960c58453f,unknown,0,0,0
a3daab3923eb4e0b9d67172339e81c48,deepseek-chat,2170,754,2924
a3daab3923eb4e0b9d67172339e81c48,unknown,0,0,0
a3dd8911ad82467ab2bc2e961880fb12,deepseek-chat,2963,635,3598
a3dd8911ad82467ab2bc2e961880fb12,unknown,0,0,0
a3df1dea58324481b7ab2d5341c75fad,ark/deepseek-v3,701,173,874
a3df1dea58324481b7ab2d5341c75fad,unknown,0,0,0
a3e5416bd8ed4c64ab23f76e27f0513d,ark/deepseek-v3,0,0,0
a3e5416bd8ed4c64ab23f76e27f0513d,unknown,0,0,0
a3ef3354b0624fa7900ba397fd391eed,deepseek-chat,671,479,1150
a3ef3354b0624fa7900ba397fd391eed,unknown,0,0,0
a3f3fc9bcb554a8bafed6b19f8469baa,ark/deepseek-v3,3144,297,3441
a3f3fc9bcb554a8bafed6b19f8469baa,deepseek-chat,4927,73,5000
a3f3fc9bcb554a8bafed6b19f8469baa,unknown,0,0,0
a3f42b0e94d9464888f65141acfff627,ark/deepseek-v3,6144,1725,7869
a3f42b0e94d9464888f65141acfff627,gpt-4.1,643,23,666
a3f42b0e94d9464888f65141acfff627,unknown,0,0,0
a3f8e48789024bb79135817b5dfc02b8,deepseek-chat,561,207,768
a3f8e48789024bb79135817b5dfc02b8,unknown,0,0,0
a3fcc599c789447892bb051e1de02420,deepseek-chat,1441,534,1975
a3fcc599c789447892bb051e1de02420,unknown,0,0,0
a403a5e8b016426db330ee35040035f9,deepseek-chat,2578,798,3376
a403a5e8b016426db330ee35040035f9,unknown,0,0,0
a405ac079bc7499480bda19bbc817e30,ark/deepseek-v3,0,0,0
a405ac079bc7499480bda19bbc817e30,unknown,0,0,0
a4134c56300e4c0c9cec3434891d2de4,ark/deepseek-v3,1482,294,1776
a4134c56300e4c0c9cec3434891d2de4,unknown,0,0,0
a4137d99e3a643858a76a04398c44e58,ark/deepseek-v3,758,105,863
a4137d99e3a643858a76a04398c44e58,unknown,0,0,0
a419f800453a4bd8a19ee1cbbb79c66d,ark/deepseek-v3,467,83,550
a419f800453a4bd8a19ee1cbbb79c66d,unknown,0,0,0
a41bce66fcf3401ebb7c78c272ca023d,unknown,0,0,0
a41d92220bb747dd9dd1821c51909744,ark/deepseek-v3,5944,1374,7318
a41d92220bb747dd9dd1821c51909744,unknown,0,0,0
a421b192531049f0bc8c98873fc15f19,deepseek-chat,70,138,208
a421b192531049f0bc8c98873fc15f19,unknown,0,0,0
a426c1e677294f1a93007fd9857c2f33,ark/deepseek-v3,701,181,882
a426c1e677294f1a93007fd9857c2f33,unknown,0,0,0
a439de7f870641ee8cf176e00183bdfb,ark/deepseek-v3,1189,562,1751
a439de7f870641ee8cf176e00183bdfb,unknown,0,0,0
a43c9d41ddef4e67a27e120cc95cbe3e,ark/deepseek-v3,750,205,955
a43c9d41ddef4e67a27e120cc95cbe3e,deepseek-chat,1012995,27361,1040356
a43c9d41ddef4e67a27e120cc95cbe3e,unknown,0,0,0
a44316d890b64c70894de3a0a3fea4f2,deepseek-chat,670,368,1038
a44316d890b64c70894de3a0a3fea4f2,unknown,0,0,0
a4441a52a17d481a8e367fa034821aa8,ark/deepseek-v3,467,94,561
a4441a52a17d481a8e367fa034821aa8,unknown,0,0,0
a449f09dde1b4e2a8c2d01fba8affb47,deepseek-chat,1093,326,1419
a449f09dde1b4e2a8c2d01fba8affb47,unknown,0,0,0
a44ac97197a549d6ab3c4129db3285d8,deepseek-chat,561,225,786
a44ac97197a549d6ab3c4129db3285d8,unknown,0,0,0
a45456e42f3841c9aaacc08d26c8ac83,deepseek-chat,561,207,768
a45456e42f3841c9aaacc08d26c8ac83,unknown,0,0,0
a45b7eb7a9424afdb576068587a2e2f1,ark/deepseek-v3-1,1093,466,1559
a45b7eb7a9424afdb576068587a2e2f1,unknown,0,0,0
a45e4f7f36d84a24bf292292192657f5,ark/deepseek-v3,1251,228,1479
a45e4f7f36d84a24bf292292192657f5,unknown,0,0,0
a460d7d5448f4bd3ab5438d8825127e7,deepseek-chat,3381,1339,4720
a460d7d5448f4bd3ab5438d8825127e7,unknown,0,0,0
a46170b5ca384e34a2af3168e66395d5,ark/deepseek-v3,1455,208,1663
a46170b5ca384e34a2af3168e66395d5,unknown,0,0,0
a46186a720db4d20b94cd82566716a36,ark/deepseek-v3,1601,183,1784
a46186a720db4d20b94cd82566716a36,unknown,0,0,0
a461b5f8a29147689d79255a53bd5eee,ark/deepseek-v3,465,87,552
a461b5f8a29147689d79255a53bd5eee,unknown,0,0,0
a463034ed840440bb62910c7765c0878,ark/deepseek-v3-1,4056,1698,5754
a463034ed840440bb62910c7765c0878,unknown,0,0,0
a466605d16ef472eb32fbdd956a94044,deepseek-chat,2273,774,3047
a466605d16ef472eb32fbdd956a94044,unknown,0,0,0
a48853a33ad04adf90a90ad2e4908c94,ark/deepseek-v3,1455,212,1667
a48853a33ad04adf90a90ad2e4908c94,unknown,0,0,0
a49041edc8644009a2b2ad39c06df584,deepseek-chat,809,318,1127
a49041edc8644009a2b2ad39c06df584,unknown,0,0,0
a491454ba4ef40d4b48016fa6382ec44,ark/deepseek-v3,1455,225,1680
a491454ba4ef40d4b48016fa6382ec44,unknown,0,0,0
a49460e989fa40039a2befa40f6f72ba,ark/deepseek-v3,6067,1219,7286
a49460e989fa40039a2befa40f6f72ba,unknown,0,0,0
a495b3aa228a462a9e2db9dda284c7f9,ark/deepseek-v3,1782,708,2490
a495b3aa228a462a9e2db9dda284c7f9,unknown,0,0,0
a49f4c6ae18742629f598d9da3e3902d,ark/deepseek-v3,467,96,563
a49f4c6ae18742629f598d9da3e3902d,unknown,0,0,0
a4a3c9e9075e4913932339cb3ee1bd0c,ark/deepseek-v3,701,175,876
a4a3c9e9075e4913932339cb3ee1bd0c,unknown,0,0,0
a4a4d513fe864403b5d0460a212ec614,ark/deepseek-v3-1,1405,1139,2544
a4a4d513fe864403b5d0460a212ec614,unknown,0,0,0
a4a710f9c14a470c8de21bfc5fe6973f,ark/deepseek-v3,1557,750,2307
a4a710f9c14a470c8de21bfc5fe6973f,unknown,0,0,0
a4b0b82262f74e669e68128e65080975,ark/deepseek-v3,1089,329,1418
a4b0b82262f74e669e68128e65080975,unknown,0,0,0
a4b0e8bde660432a9d98a1715c51f0c5,ark/deepseek-v3,3767,786,4553
a4b0e8bde660432a9d98a1715c51f0c5,unknown,0,0,0
a4b25ebfe86b424981eba714fb3d0668,ark/deepseek-v3,7390,860,8250
a4b25ebfe86b424981eba714fb3d0668,unknown,0,0,0
a4b6619d64fd439cb75281b1a8adc264,deepseek-chat,561,207,768
a4b6619d64fd439cb75281b1a8adc264,unknown,0,0,0
a4b82859fad648e69c4a520ba10cb69e,deepseek-chat,561,207,768
a4b82859fad648e69c4a520ba10cb69e,unknown,0,0,0
a4bf610f476a4c4591f717320ebcdd82,deepseek-chat,1042,322,1364
a4bf610f476a4c4591f717320ebcdd82,gpt-4.1,941,28,969
a4bf610f476a4c4591f717320ebcdd82,unknown,0,0,0
a4c1ad22b68d4b51898454a1f6014f7f,ark/deepseek-v3,13444,2456,15900
a4c1ad22b68d4b51898454a1f6014f7f,unknown,0,0,0
a4c6fdcc54264928ab16c6edae9f2a52,ark/deepseek-v3,1444,921,2365
a4c6fdcc54264928ab16c6edae9f2a52,unknown,0,0,0
a4c73aeebbd54215ad44d9fa7e09939c,ark/deepseek-v3,39670,6580,46250
a4c73aeebbd54215ad44d9fa7e09939c,unknown,0,0,0
a4ce192ebac04cc0b920c1385801e0dd,deepseek-chat,861,447,1308
a4ce192ebac04cc0b920c1385801e0dd,unknown,0,0,0
a4d1a182082042a7bb95c1951ebdbf85,ark/deepseek-v3-1,2206,1236,3442
a4d1a182082042a7bb95c1951ebdbf85,unknown,0,0,0
a4d651d495924d97a4f7a4d45e8ac61f,ark/deepseek-v3,1198,800,1998
a4d651d495924d97a4f7a4d45e8ac61f,unknown,0,0,0
a4d8c3da9b6a4051b6a9e54c9b3eef24,ark/deepseek-v3,1455,205,1660
a4d8c3da9b6a4051b6a9e54c9b3eef24,unknown,0,0,0
a4da2111d6b34d47853cac51debe1d0a,deepseek-chat,3063,422,3485
a4da2111d6b34d47853cac51debe1d0a,unknown,0,0,0
a4de592792be40b599fc5eebb1e1a6cc,deepseek-chat,714,321,1035
a4de592792be40b599fc5eebb1e1a6cc,unknown,0,0,0
a4e505c03bbc49058c3948950ea1f339,deepseek-chat,0,0,0
a4e505c03bbc49058c3948950ea1f339,unknown,0,0,0
a4ef0e80224d40eaa8ff26b370d0da45,deepseek-chat,670,341,1011
a4ef0e80224d40eaa8ff26b370d0da45,unknown,0,0,0
a4f1d98564f2498b92e11992e4627e64,deepseek-chat,2217,519,2736
a4f1d98564f2498b92e11992e4627e64,unknown,0,0,0
a4f3faa936fd4985a1c86ad585bf8bb6,ark/deepseek-v3,467,99,566
a4f3faa936fd4985a1c86ad585bf8bb6,unknown,0,0,0
a4f8371acd8d491e854b32ff9303d2f5,ark/deepseek-v3,2067,932,2999
a4f8371acd8d491e854b32ff9303d2f5,unknown,0,0,0
a500489c37fa4fee828e651df9f6b75f,ark/deepseek-v3,1089,274,1363
a500489c37fa4fee828e651df9f6b75f,unknown,0,0,0
a501edf5e27a4d28ac7583118b612cd9,ark/deepseek-v3,701,178,879
a501edf5e27a4d28ac7583118b612cd9,unknown,0,0,0
a506160e13a8486e81227b5139fd3349,ark/deepseek-v3,701,201,902
a506160e13a8486e81227b5139fd3349,unknown,0,0,0
a5092228fb434624ab53e0e49b069630,ark/deepseek-v3,1455,197,1652
a5092228fb434624ab53e0e49b069630,unknown,0,0,0
a5107f1eedcb4024aac475d7901ffe32,ark/deepseek-v3,1089,263,1352
a5107f1eedcb4024aac475d7901ffe32,unknown,0,0,0
a517355b7c1d493f98fa741cdccfc6f2,deepseek-chat,1318,283,1601
a517355b7c1d493f98fa741cdccfc6f2,gpt-4.1,1622,237,1859
a517355b7c1d493f98fa741cdccfc6f2,unknown,0,0,0
a5186764f4ce4cbc92313154cbae9adc,deepseek-chat,3069,998,4067
a5186764f4ce4cbc92313154cbae9adc,unknown,0,0,0
a5188f29eeb9475d8433aa396011dc06,deepseek-chat,684,285,969
a5188f29eeb9475d8433aa396011dc06,unknown,0,0,0
a51a1b7d1ecc43adaf4f129c0c5b63c9,ark/deepseek-v3-1,3352,1098,4450
a51a1b7d1ecc43adaf4f129c0c5b63c9,unknown,0,0,0
a51c7708097b4fcea0d0be13a21f721a,ark/deepseek-v3,5587,717,6304
a51c7708097b4fcea0d0be13a21f721a,unknown,0,0,0
a51e936bebd64eeb901ee50369dfa130,deepseek-chat,748,317,1065
a51e936bebd64eeb901ee50369dfa130,unknown,0,0,0
a51f4489e1fc4ecaa8c3f35fc25c5dcd,ark/deepseek-v3,9677,1416,11093
a51f4489e1fc4ecaa8c3f35fc25c5dcd,unknown,0,0,0
a5340fde35d94ba8a06aca5d9623e795,ark/deepseek-v3,1251,215,1466
a5340fde35d94ba8a06aca5d9623e795,unknown,0,0,0
a534a1d5233f46c38b9f4ca430d7d5cf,deepseek-chat,600,250,850
a534a1d5233f46c38b9f4ca430d7d5cf,unknown,0,0,0
a543cb51a16e456bad5798d2bd4f971b,ark/deepseek-v3,11756,2187,13943
a543cb51a16e456bad5798d2bd4f971b,unknown,0,0,0
a544c4b9fb1447089b811bd3dedabdd1,ark/deepseek-v3,1089,302,1391
a544c4b9fb1447089b811bd3dedabdd1,unknown,0,0,0
a5478a26acf1422ca27162cf627ec552,gpt-4.1,560,60,620
a5478a26acf1422ca27162cf627ec552,unknown,0,0,0
a54911ef4f354cb793e169074bf73725,ark/deepseek-v3,5057,806,5863
a54911ef4f354cb793e169074bf73725,unknown,0,0,0
a54e072608104ca1a6e350e8dc22a6f3,ark/deepseek-v3-1,1892,1015,2907
a54e072608104ca1a6e350e8dc22a6f3,gpt-4.1,1094,33,1127
a54e072608104ca1a6e350e8dc22a6f3,unknown,0,0,0
a555ef8070fe4985b7a0f7dfc2c6bacd,ark/deepseek-v3,1262,333,1595
a555ef8070fe4985b7a0f7dfc2c6bacd,unknown,0,0,0
a558529e88794b7caf6944455c95cf27,deepseek-chat,0,0,0
a558529e88794b7caf6944455c95cf27,unknown,0,0,0
a55b7336c5404f4c9040802a58bd7343,deepseek-chat,6,578,584
a55b7336c5404f4c9040802a58bd7343,unknown,0,0,0
a55bf57fd42f4e87900e599127f458ef,deepseek-chat,561,207,768
a55bf57fd42f4e87900e599127f458ef,unknown,0,0,0
a5632b4bf9a34549b9441bf5c69f7906,ark/deepseek-v3,1336,331,1667
a5632b4bf9a34549b9441bf5c69f7906,unknown,0,0,0
a5643e0e422648d1b53143d7ce676431,ark/deepseek-v3,487,62,549
a5643e0e422648d1b53143d7ce676431,unknown,0,0,0
a56848a032ca4fa48c019e690bee4163,deepseek-chat,1054,438,1492
a56848a032ca4fa48c019e690bee4163,gpt-4.1,477,403,880
a56848a032ca4fa48c019e690bee4163,unknown,0,0,0
a56a112e4b3046a0ae24bce8d3e635dd,ark/deepseek-v3,701,174,875
a56a112e4b3046a0ae24bce8d3e635dd,unknown,0,0,0
a589069d05c94085bb61d156231e8bb9,ark/deepseek-v3,1088,295,1383
a589069d05c94085bb61d156231e8bb9,unknown,0,0,0
a58b0c3e0bd34cf29ba11ae656a78b1c,unknown,0,0,0
a58b52fbcc724da18ca553ef0b4a83b0,deepseek-chat,1228,461,1689
a58b52fbcc724da18ca553ef0b4a83b0,unknown,0,0,0
a594af22a2c04f78a2ba04262700f2be,ark/deepseek-v3,6000,1411,7411
a594af22a2c04f78a2ba04262700f2be,unknown,0,0,0
a5967cdfe4c2420cbeaba65b85a559e8,ark/deepseek-v3,1455,212,1667
a5967cdfe4c2420cbeaba65b85a559e8,unknown,0,0,0
a5a46c5284c04282b3b53913b4c11ff9,ark/deepseek-v3,11605,2403,14008
a5a46c5284c04282b3b53913b4c11ff9,unknown,0,0,0
a5ae39271620410e9f0ebcd342090aeb,deepseek-chat,561,207,768
a5ae39271620410e9f0ebcd342090aeb,unknown,0,0,0
a5b97389b06b4d108b3875f4239aeaf5,ark/deepseek-v3,701,192,893
a5b97389b06b4d108b3875f4239aeaf5,unknown,0,0,0
a5c2f9248eda4556b7f73645d2049ab2,ark/deepseek-v3,885,344,1229
a5c2f9248eda4556b7f73645d2049ab2,unknown,0,0,0
a5d1163bd7bc444a8ada4aea4a258113,ark/deepseek-v3,701,176,877
a5d1163bd7bc444a8ada4aea4a258113,unknown,0,0,0
a5db9edb27934bc4989af8905efaffd0,deepseek-chat,2752,865,3617
a5db9edb27934bc4989af8905efaffd0,unknown,0,0,0
a5de0482d12248d59f6fe42e0af29d44,deepseek-chat,2303,1042,3345
a5de0482d12248d59f6fe42e0af29d44,unknown,0,0,0
a5de0ffd56d945e6ae44588654ef02f3,qwen/qwen-max,6967,2111,9078
a5de0ffd56d945e6ae44588654ef02f3,unknown,0,0,0
a5e95e1e05c84aa8960404a0a24d3637,ark/deepseek-v3,3787,279,4066
a5e95e1e05c84aa8960404a0a24d3637,unknown,0,0,0
a5eb0f1848914c03b0552c0d1b44a94f,ark/deepseek-v3-1,0,0,0
a5eb0f1848914c03b0552c0d1b44a94f,unknown,0,0,0
a5eccfc2c5c240338681669fc20ddeef,ark/deepseek-v3,467,95,562
a5eccfc2c5c240338681669fc20ddeef,unknown,0,0,0
a5ed64c984194aaba3aa22db218de419,deepseek-chat,1748,681,2429
a5ed64c984194aaba3aa22db218de419,unknown,0,0,0
a5f09a0d3fe54cdea1c7727247c66708,deepseek-chat,3697,869,4566
a5f09a0d3fe54cdea1c7727247c66708,unknown,0,0,0
a5f1a77e193b4e6d9041b044e838138a,ark/deepseek-v3,0,0,0
a5f1a77e193b4e6d9041b044e838138a,unknown,0,0,0
a5f86962d5144056b3929b755098ed47,deepseek-chat,1267,448,1715
a5f86962d5144056b3929b755098ed47,unknown,0,0,0
a5fe087cbb364a6a9c56fe3a9ac7bc59,ark/deepseek-v3,3299,1788,5087
a5fe087cbb364a6a9c56fe3a9ac7bc59,unknown,0,0,0
a5fe631ac737484791d1c541210aa902,ark/deepseek-v3,3397,1475,4872
a5fe631ac737484791d1c541210aa902,unknown,0,0,0
a600b16819124e5597254a9ba54912e7,ark/deepseek-v3,467,98,565
a600b16819124e5597254a9ba54912e7,unknown,0,0,0
a602fc2cfba746dba2afb0c1def2b738,ark/deepseek-v3,4240,2405,6645
a602fc2cfba746dba2afb0c1def2b738,unknown,0,0,0
a603adea407649ecaadacc2b0504a836,ark/deepseek-v3,1208,375,1583
a603adea407649ecaadacc2b0504a836,unknown,0,0,0
a608ee1412c34a2595f07dc334c83492,deepseek-chat,561,207,768
a608ee1412c34a2595f07dc334c83492,unknown,0,0,0
a60ba86f39464129a65dbe7fa6d2d6bc,ark/deepseek-v3,0,0,0
a60ba86f39464129a65dbe7fa6d2d6bc,unknown,0,0,0
a617f64f13f5434e8a001830bec52a9f,ark/deepseek-v3,0,0,0
a617f64f13f5434e8a001830bec52a9f,unknown,0,0,0
a61ebc13dd334d9e828095a82c563cbe,ark/deepseek-v3,6154,1780,7934
a61ebc13dd334d9e828095a82c563cbe,gpt-4.1,661,29,690
a61ebc13dd334d9e828095a82c563cbe,unknown,0,0,0
a62b4b01028b4bcf9c48a31021a15cad,ark/deepseek-v3,467,123,590
a62b4b01028b4bcf9c48a31021a15cad,unknown,0,0,0
a62fc6622560438e8ef877a007bef3e7,ark/deepseek-v3,6161,1787,7948
a62fc6622560438e8ef877a007bef3e7,gpt-4.1,1288,95,1383
a62fc6622560438e8ef877a007bef3e7,unknown,0,0,0
a631369b50f340d6ae99c322afe22d91,deepseek-chat,561,207,768
a631369b50f340d6ae99c322afe22d91,unknown,0,0,0
a6319b1077bd4bf6982d0777194d1a1c,ark/deepseek-v3,2168,1258,3426
a6319b1077bd4bf6982d0777194d1a1c,unknown,0,0,0
a632442ae695439eabc29b50ab61cad2,ark/deepseek-v3,1455,184,1639
a632442ae695439eabc29b50ab61cad2,unknown,0,0,0
a6391c1f249f4722a683b4a3951171ae,ark/deepseek-v3,1455,223,1678
a6391c1f249f4722a683b4a3951171ae,unknown,0,0,0
a63f1a3748ae4b8f9c07a052c25ef387,ark/deepseek-v3,1251,234,1485
a63f1a3748ae4b8f9c07a052c25ef387,unknown,0,0,0
a6414d86d632434f9d6d8b9d36a1824d,ark/deepseek-v3-1,1022,473,1495
a6414d86d632434f9d6d8b9d36a1824d,unknown,0,0,0
a642a1f1c32043839670f2012b69e811,unknown,0,0,0
a6433436e2fd4c0ebc9eb69e9c7cb6b0,ark/deepseek-v3,1837,376,2213
a6433436e2fd4c0ebc9eb69e9c7cb6b0,unknown,0,0,0
a64d9d06483b4307a7a602cbea5047eb,ark/deepseek-v3,8193,720,8913
a64d9d06483b4307a7a602cbea5047eb,deepseek-chat,211,160,371
a64d9d06483b4307a7a602cbea5047eb,unknown,0,0,0
a65b26254f754e229f5a41d5bc84d503,ark/deepseek-v3,467,112,579
a65b26254f754e229f5a41d5bc84d503,unknown,0,0,0
a65fac12732d46e4ad5a457c33142e92,deepseek-chat,670,318,988
a65fac12732d46e4ad5a457c33142e92,unknown,0,0,0
a663939cbab746efad17f8e5d591b614,deepseek-chat,939,903,1842
a663939cbab746efad17f8e5d591b614,unknown,0,0,0
a66a418b161542bcbceea19cfb589ffe,ark/deepseek-v3,6034,1748,7782
a66a418b161542bcbceea19cfb589ffe,deepseek-chat,6386,279,6665
a66a418b161542bcbceea19cfb589ffe,gpt-4.1,643,23,666
a66a418b161542bcbceea19cfb589ffe,unknown,0,0,0
a66ce4af664749b9b2b5a717e9d3f4cf,ark/deepseek-v3-1,1891,924,2815
a66ce4af664749b9b2b5a717e9d3f4cf,gpt-4.1,2126,160,2286
a66ce4af664749b9b2b5a717e9d3f4cf,unknown,0,0,0
a66f57e4f86a4ffe99fbe3778c32e78a,ark/deepseek-v3,5912,1274,7186
a66f57e4f86a4ffe99fbe3778c32e78a,unknown,0,0,0
a67b1e2242dd44bb8d74adde4786ba35,deepseek-chat,788,312,1100
a67b1e2242dd44bb8d74adde4786ba35,unknown,0,0,0
a67f5e5cbde1474aa0b3d9bc9a51f417,deepseek-chat,2093,1551,3644
a67f5e5cbde1474aa0b3d9bc9a51f417,unknown,0,0,0
a68708ef1d1e4e2da06085b1235a065a,deepseek-chat,2667,1359,4026
a68708ef1d1e4e2da06085b1235a065a,unknown,0,0,0
a6995f4d83b74aef9833a312e434562d,deepseek-chat,561,207,768
a6995f4d83b74aef9833a312e434562d,unknown,0,0,0
a69d2cd1daf344a2b0f341022d5ec726,ark/deepseek-v3,3254,509,3763
a69d2cd1daf344a2b0f341022d5ec726,deepseek-chat,0,0,0
a69d2cd1daf344a2b0f341022d5ec726,unknown,0,0,0
a69f414cc4cf4ca197524508cd9a6d1b,ark/deepseek-v3,5493,1442,6935
a69f414cc4cf4ca197524508cd9a6d1b,unknown,0,0,0
a6a24b44e3e24e7cb0cd878e623edcb9,deepseek-chat,3339,1452,4791
a6a24b44e3e24e7cb0cd878e623edcb9,unknown,0,0,0
a6b7a7579fba4f9d839482f3491b2f45,deepseek-chat,561,207,768
a6b7a7579fba4f9d839482f3491b2f45,unknown,0,0,0
a6bab75cf0354a75b6aef7f469d768f3,deepseek-chat,989,500,1489
a6bab75cf0354a75b6aef7f469d768f3,unknown,0,0,0
a6d345e801ea46358103612ba98ef60c,ark/deepseek-v3,467,96,563
a6d345e801ea46358103612ba98ef60c,unknown,0,0,0
a6e0137fa8f242c49c4a87359c1660b5,deepseek-chat,856,463,1319
a6e0137fa8f242c49c4a87359c1660b5,unknown,0,0,0
a6e1fecfaceb49ca8e1c88736e77ba3b,ark/deepseek-v3,0,0,0
a6e1fecfaceb49ca8e1c88736e77ba3b,unknown,0,0,0
a6e2fb556f18417d9e543b31a21203aa,deepseek-chat,716,198,914
a6e2fb556f18417d9e543b31a21203aa,unknown,0,0,0
a6e3f6eb57cb46d4aaa80e8129f69a4d,ark/deepseek-v3,2767,1457,4224
a6e3f6eb57cb46d4aaa80e8129f69a4d,unknown,0,0,0
a6e5c8cc892842fba99a2f9b5d31f774,deepseek-chat,2619,1012,3631
a6e5c8cc892842fba99a2f9b5d31f774,unknown,0,0,0
a6ec6b000a344070981241732bb7d948,deepseek-chat,561,207,768
a6ec6b000a344070981241732bb7d948,unknown,0,0,0
a6edc69d55ee407a9063865d145695c1,deepseek-chat,0,0,0
a6edc69d55ee407a9063865d145695c1,unknown,0,0,0
a6ef0c033b0944a98c959a1b7457decf,deepseek-chat,723,244,967
a6ef0c033b0944a98c959a1b7457decf,unknown,0,0,0
a6f61208083e4114b6e1cb3496146705,deepseek-chat,671,394,1065
a6f61208083e4114b6e1cb3496146705,unknown,0,0,0
a70d92ceec164d49b69a6b5fcd67f820,ark/deepseek-v3,1251,238,1489
a70d92ceec164d49b69a6b5fcd67f820,unknown,0,0,0
a71135d79cae45458e052dc5b2c8884f,ark/deepseek-v3,3493,1434,4927
a71135d79cae45458e052dc5b2c8884f,unknown,0,0,0
a71fd5622c544d159fa1a8d1d5aefddc,ark/deepseek-v3,26294,6134,32428
a71fd5622c544d159fa1a8d1d5aefddc,unknown,0,0,0
a7230983d4154a3880460cec9cdcdd30,ark/deepseek-v3,1506,516,2022
a7230983d4154a3880460cec9cdcdd30,unknown,0,0,0
a728fdbf503449a38b2cf5408870aa03,deepseek-chat,671,378,1049
a728fdbf503449a38b2cf5408870aa03,unknown,0,0,0
a7327e9a898c48b19ce20680c75100a3,ark/deepseek-v3,701,377,1078
a7327e9a898c48b19ce20680c75100a3,unknown,0,0,0
a7337f77fdbf483f8f1b09256bec46ab,ark/deepseek-v3,11982,2229,14211
a7337f77fdbf483f8f1b09256bec46ab,unknown,0,0,0
a738052af63e40309681d178c0e7ef7a,deepseek-chat,1369,422,1791
a738052af63e40309681d178c0e7ef7a,unknown,0,0,0
a73d3bf7f3744c06b6802f927bb7c6a3,ark/deepseek-r1,0,0,0
a73d3bf7f3744c06b6802f927bb7c6a3,unknown,0,0,0
a73f2353b5db4daa9f3a51914a8a4398,ark/deepseek-v3,4491,2363,6854
a73f2353b5db4daa9f3a51914a8a4398,unknown,0,0,0
a744c2fcf160428f877cd929857c1e07,ark/deepseek-v3,695,85,780
a744c2fcf160428f877cd929857c1e07,unknown,0,0,0
a7462e9b0e8849c293a5932871c06312,deepseek-chat,1394,573,1967
a7462e9b0e8849c293a5932871c06312,unknown,0,0,0
a746423d6ab34bfd8e7814659b1e2b82,ark/deepseek-v3,1204,566,1770
a746423d6ab34bfd8e7814659b1e2b82,unknown,0,0,0
a74ad5fa28164373b03e0fbd90126624,deepseek-chat,2101,458,2559
a74ad5fa28164373b03e0fbd90126624,unknown,0,0,0
a751558cd482449c963e0cc5be9625a8,ark/deepseek-v3,1455,180,1635
a751558cd482449c963e0cc5be9625a8,unknown,0,0,0
a753e0b5e671428d9b4b49afe36b2770,deepseek-chat,1190,471,1661
a753e0b5e671428d9b4b49afe36b2770,unknown,0,0,0
a755dc33cf5a4fed93fe7fa33ac84fa1,ark/deepseek-v3,4062,688,4750
a755dc33cf5a4fed93fe7fa33ac84fa1,unknown,0,0,0
a7565e18ae9c4ef88d14812fdbaf09cc,deepseek-chat,3622,1484,5106
a7565e18ae9c4ef88d14812fdbaf09cc,unknown,0,0,0
a75a3d6c5aec4ed0b68085e8ad51043e,deepseek-chat,802,377,1179
a75a3d6c5aec4ed0b68085e8ad51043e,unknown,0,0,0
a76333e7f3bb443dacbc79272277d976,ark/deepseek-v3,1455,186,1641
a76333e7f3bb443dacbc79272277d976,unknown,0,0,0
a7645ee4f0764f57bcc3566801bec153,ark/deepseek-v3,10946,2194,13140
a7645ee4f0764f57bcc3566801bec153,unknown,0,0,0
a76b0277371349308d3a02e23ca62e39,unknown,0,0,0
a76d8126313d4ea78c43799744e34031,ark/deepseek-v3,701,172,873
a76d8126313d4ea78c43799744e34031,unknown,0,0,0
a77cbb550d9b4c729de7d31cebabac81,ark/deepseek-v3,1992,484,2476
a77cbb550d9b4c729de7d31cebabac81,unknown,0,0,0
a77e9aa9baf74655912a1729951b5dfb,ark/deepseek-v3,2826,633,3459
a77e9aa9baf74655912a1729951b5dfb,unknown,0,0,0
a78293cc9f804b18b198abdab94f9c96,ark/deepseek-v3,9729,2224,11953
a78293cc9f804b18b198abdab94f9c96,unknown,0,0,0
a78b66f8e79a48699f24201912d7a8f5,deepseek-chat,1429,1234,2663
a78b66f8e79a48699f24201912d7a8f5,unknown,0,0,0
a78e7ad28fe248afa8f7f23ea5c64da0,ark/deepseek-v3-1,1892,905,2797
a78e7ad28fe248afa8f7f23ea5c64da0,gpt-4.1,1062,28,1090
a78e7ad28fe248afa8f7f23ea5c64da0,unknown,0,0,0
a7915638575f434cb13d1aef8d07cddb,ark/deepseek-v3,467,96,563
a7915638575f434cb13d1aef8d07cddb,unknown,0,0,0
a795a5aa19944a79b619ab64aa383a2e,ark/deepseek-v3,1937,393,2330
a795a5aa19944a79b619ab64aa383a2e,unknown,0,0,0
a79a078d07724a0c8554f0a12060d282,deepseek-chat,3247,1184,4431
a79a078d07724a0c8554f0a12060d282,gpt-4.1,4276,898,5174
a79a078d07724a0c8554f0a12060d282,unknown,0,0,0
a7a21fe288954bff94fb6bb337dec6f0,deepseek-chat,561,207,768
a7a21fe288954bff94fb6bb337dec6f0,unknown,0,0,0
a7a2acec93a04c148992203c13de3321,deepseek-chat,2687,1344,4031
a7a2acec93a04c148992203c13de3321,unknown,0,0,0
a7acf07876ef40f98e4ec4e915b15a2c,ark/deepseek-v3,467,97,564
a7acf07876ef40f98e4ec4e915b15a2c,unknown,0,0,0
a7b0082eab9c43afb7b5468e1ad565a9,ark/deepseek-v3,467,94,561
a7b0082eab9c43afb7b5468e1ad565a9,unknown,0,0,0
a7b1b1fd35c440bcb2c043bf0444f1cb,ark/deepseek-v3,1446,730,2176
a7b1b1fd35c440bcb2c043bf0444f1cb,unknown,0,0,0
a7b500ea82bf4b418152f1ee61970ef6,ark/deepseek-v3,3143,291,3434
a7b500ea82bf4b418152f1ee61970ef6,unknown,0,0,0
a7bd714d4cf440cca9c10d82ec6620f8,ark/deepseek-v3,659,460,1119
a7bd714d4cf440cca9c10d82ec6620f8,unknown,0,0,0
a7be8bf58cec4adf8ba3dae90590651c,deepseek-chat,670,390,1060
a7be8bf58cec4adf8ba3dae90590651c,unknown,0,0,0
a7bfcb63de444c73bc8a826affab6d02,ark/deepseek-v3,5165,1470,6635
a7bfcb63de444c73bc8a826affab6d02,unknown,0,0,0
a7c2baafde354b90bc1aab381418ab38,ark/deepseek-v3,835,132,967
a7c2baafde354b90bc1aab381418ab38,unknown,0,0,0
a7c321006826483b969365227365cba5,deepseek-chat,0,0,0
a7c321006826483b969365227365cba5,unknown,0,0,0
a7c7133bf6c24d16ba91d599095778cf,unknown,0,0,0
a7cc608880a84a16a38c913321a0e65a,deepseek-chat,866,465,1331
a7cc608880a84a16a38c913321a0e65a,unknown,0,0,0
a7cdd8c2421b42028a535803dbede0ae,ark/deepseek-v3,1455,253,1708
a7cdd8c2421b42028a535803dbede0ae,unknown,0,0,0
a7d26c9477c5448b80642fd9d72d81f2,ark/deepseek-v3,5504,1497,7001
a7d26c9477c5448b80642fd9d72d81f2,unknown,0,0,0
a7d320f24e944c1aa4d5bff4c5f563a6,ark/deepseek-v3,1837,341,2178
a7d320f24e944c1aa4d5bff4c5f563a6,unknown,0,0,0
a7d3332083344a26894ea7c75b7b8993,ark/deepseek-v3,1065,325,1390
a7d3332083344a26894ea7c75b7b8993,deepseek-chat,6267,128,6395
a7d3332083344a26894ea7c75b7b8993,unknown,0,0,0
a7d36e56a1a84f3d944f1de87c01134c,ark/deepseek-v3,6929,1425,8354
a7d36e56a1a84f3d944f1de87c01134c,unknown,0,0,0
a7d8e97371fd4c97a2bd129d0a9e6125,deepseek-chat,671,364,1035
a7d8e97371fd4c97a2bd129d0a9e6125,unknown,0,0,0
a7d8f4378bd246518a3ef55b3ed450f7,ark/deepseek-v3,701,176,877
a7d8f4378bd246518a3ef55b3ed450f7,unknown,0,0,0
a7f67db246044ca9bbaab3c0ab883c26,deepseek-chat,2657,749,3406
a7f67db246044ca9bbaab3c0ab883c26,unknown,0,0,0
a8079d76002e46b388c164111269bacf,ark/deepseek-v3,1089,341,1430
a8079d76002e46b388c164111269bacf,unknown,0,0,0
a8095a4abb594e0584b6eae87a8179be,ark/deepseek-v3,467,91,558
a8095a4abb594e0584b6eae87a8179be,unknown,0,0,0
a809694c64cd4035a7cb28a3ce5b6b8c,ark/deepseek-v3,457,67,524
a809694c64cd4035a7cb28a3ce5b6b8c,unknown,0,0,0
a809d9670d224280a12506cdbaa7c15e,deepseek-chat,2586,1521,4107
a809d9670d224280a12506cdbaa7c15e,unknown,0,0,0
a80a98b85c3a4bc984e9e69edb271680,ark/deepseek-v3,1089,290,1379
a80a98b85c3a4bc984e9e69edb271680,unknown,0,0,0
a80cae27d4774ab5aee5fb57399f1a68,ark/deepseek-v3,1073,286,1359
a80cae27d4774ab5aee5fb57399f1a68,unknown,0,0,0
a817d0e108d84109a4e1eab01d91165a,ark/deepseek-v3,3143,336,3479
a817d0e108d84109a4e1eab01d91165a,unknown,0,0,0
a817faada6394379b28a086871ed687c,ark/deepseek-v3-1,912,279,1191
a817faada6394379b28a086871ed687c,unknown,0,0,0
a81d910e04c8427a882550cbd548887a,ark/deepseek-v3,1501,817,2318
a81d910e04c8427a882550cbd548887a,unknown,0,0,0
a820acfea5d34d88a1f99cf11424739c,ark/deepseek-v3,467,117,584
a820acfea5d34d88a1f99cf11424739c,unknown,0,0,0
a820e60e90d54fffa9298cb21e5fe307,ark/deepseek-v3,2303,387,2690
a820e60e90d54fffa9298cb21e5fe307,unknown,0,0,0
a82c156aadef4eb49d0bb5222ea2a75f,ark/deepseek-v3,701,191,892
a82c156aadef4eb49d0bb5222ea2a75f,unknown,0,0,0
a82c704e379b4c71b9d264186c97e140,unknown,0,0,0
a82f51c95aee4c96a9bada18e26d6b4a,ark/deepseek-v3,1455,187,1642
a82f51c95aee4c96a9bada18e26d6b4a,unknown,0,0,0
a832da022ab84076b7af5f58742660d3,ark/deepseek-v3,701,193,894
a832da022ab84076b7af5f58742660d3,unknown,0,0,0
a833fbfc85464558a807e2c27180bd0d,ark/deepseek-v3,1422,380,1802
a833fbfc85464558a807e2c27180bd0d,unknown,0,0,0
a83692b7efca4491b42294f25bdd438c,ark/deepseek-v3,4222,1994,6216
a83692b7efca4491b42294f25bdd438c,unknown,0,0,0
a8379bb8bc3d4a149d1083338ec95fdf,ark/deepseek-v3,1776,656,2432
a8379bb8bc3d4a149d1083338ec95fdf,unknown,0,0,0
a84acb7492a0416bb8c500fc6f9e5cd3,deepseek-chat,778,372,1150
a84acb7492a0416bb8c500fc6f9e5cd3,unknown,0,0,0
a84bfbe0beba418a8c7a3df176e20006,ark/deepseek-v3,1482,643,2125
a84bfbe0beba418a8c7a3df176e20006,unknown,0,0,0
a84c734929174facbd48296c397284e4,ark/deepseek-v3,1837,329,2166
a84c734929174facbd48296c397284e4,unknown,0,0,0
a85726e835f24b6480f676e8ad0dcce1,ark/deepseek-v3,701,365,1066
a85726e835f24b6480f676e8ad0dcce1,unknown,0,0,0
a86a45d6421d4a179e0f8e9b6ecd93a7,deepseek-chat,671,427,1098
a86a45d6421d4a179e0f8e9b6ecd93a7,unknown,0,0,0
a8719ffb689649f99f08703a7f482318,deepseek-chat,561,207,768
a8719ffb689649f99f08703a7f482318,unknown,0,0,0
a87600bb0c7d401d9b4af5f14e571c62,ark/deepseek-v3,7584,1492,9076
a87600bb0c7d401d9b4af5f14e571c62,unknown,0,0,0
a8778787de424622a787915261ce4eae,ark/deepseek-v3,4204,739,4943
a8778787de424622a787915261ce4eae,unknown,0,0,0
a8853b85ce6d49b6866ec9c984181bd5,ark/deepseek-v3,467,99,566
a8853b85ce6d49b6866ec9c984181bd5,unknown,0,0,0
a88ba7f2bc42450a87f5e4c77a0995ba,ark/deepseek-v3,467,137,604
a88ba7f2bc42450a87f5e4c77a0995ba,unknown,0,0,0
a894a47630e44f5ca1171944b4f34492,deepseek-chat,671,431,1102
a894a47630e44f5ca1171944b4f34492,unknown,0,0,0
a8a55a40c32c4a858617a569a2e22cc6,deepseek-chat,1452,659,2111
a8a55a40c32c4a858617a569a2e22cc6,unknown,0,0,0
a8a75bd2e8cb4d87a61121237a0a64fb,ark/deepseek-v3,0,0,0
a8a75bd2e8cb4d87a61121237a0a64fb,unknown,0,0,0
a8a891460250496f9ca4396d7a9b7f58,ark/deepseek-v3,1188,642,1830
a8a891460250496f9ca4396d7a9b7f58,unknown,0,0,0
a8b7bcbe043d45f78b87f913eb8dec42,ark/deepseek-v3,4691,954,5645
a8b7bcbe043d45f78b87f913eb8dec42,unknown,0,0,0
a8bf26b1fac443e58fb58705de78b913,deepseek-chat,561,206,767
a8bf26b1fac443e58fb58705de78b913,unknown,0,0,0
a8c27cfa18f64a22b49f5ec9c81e7243,ark/deepseek-v3-1,1405,705,2110
a8c27cfa18f64a22b49f5ec9c81e7243,unknown,0,0,0
a8c460dc547a411e8e13aadcae2d6da4,deepseek-chat,2226,1416,3642
a8c460dc547a411e8e13aadcae2d6da4,unknown,0,0,0
a8ccb3f31d7649fbb51d2f393beb2308,ark/deepseek-v3,0,0,0
a8ccb3f31d7649fbb51d2f393beb2308,unknown,0,0,0
a8d563836d964231acb93e8d37e28a20,ark/deepseek-v3,0,0,0
a8d563836d964231acb93e8d37e28a20,unknown,0,0,0
a8dd865a7b624510a97acef921295a42,ark/deepseek-v3,2535,1405,3940
a8dd865a7b624510a97acef921295a42,unknown,0,0,0
a8dfdd071be64b0684bfbc31d1018001,ark/deepseek-v3,2980,586,3566
a8dfdd071be64b0684bfbc31d1018001,unknown,0,0,0
a8e2592970d14796889e0c33bdc4e2a3,deepseek-chat,1391,309,1700
a8e2592970d14796889e0c33bdc4e2a3,unknown,0,0,0
a8e5bf3daa0049acae0b905184be845c,deepseek-chat,755,283,1038
a8e5bf3daa0049acae0b905184be845c,unknown,0,0,0
a904f2eb64284a7e9788d6f219a48e0b,ark/deepseek-v3,0,0,0
a904f2eb64284a7e9788d6f219a48e0b,unknown,0,0,0
a90c08a03ac24104931f83fcc00b5ed4,ark/deepseek-v3,2080,1066,3146
a90c08a03ac24104931f83fcc00b5ed4,unknown,0,0,0
a90cc33ba1124cc687a5207ecc6e6bdb,ark/deepseek-v3,1295,663,1958
a90cc33ba1124cc687a5207ecc6e6bdb,unknown,0,0,0
a90ed60fea7e42be9586e4481210c3ad,ark/deepseek-v3,584,28,612
a90ed60fea7e42be9586e4481210c3ad,deepseek-chat,218,162,380
a90ed60fea7e42be9586e4481210c3ad,unknown,0,0,0
a90f9ec3d7b64047ad46b709b90ad094,deepseek-chat,2226,1121,3347
a90f9ec3d7b64047ad46b709b90ad094,unknown,0,0,0
a924d223ca9549a981b0493edd519a64,deepseek-chat,809,396,1205
a924d223ca9549a981b0493edd519a64,unknown,0,0,0
a924fa056e1a4acfa417d1568d998c91,deepseek-chat,932,230,1162
a924fa056e1a4acfa417d1568d998c91,gpt-4.1,672,228,900
a924fa056e1a4acfa417d1568d998c91,unknown,0,0,0
a9295b1e4dfe47dbb8d55f9580d90704,deepseek-chat,940,238,1178
a9295b1e4dfe47dbb8d55f9580d90704,gpt-4.1,961,0,961
a9295b1e4dfe47dbb8d55f9580d90704,unknown,0,0,0
a9295ebeaf2644ab860e4138bceccb9c,deepseek-chat,658,317,975
a9295ebeaf2644ab860e4138bceccb9c,unknown,0,0,0
a92ac2fb089c4d98aa2b58f52beef6e0,ark/deepseek-v3,701,204,905
a92ac2fb089c4d98aa2b58f52beef6e0,unknown,0,0,0
a933789d166f4a549de87d70bbbe81cd,ark/deepseek-v3,1251,216,1467
a933789d166f4a549de87d70bbbe81cd,unknown,0,0,0
a93472caa4884442a14bf3cea345bbc6,ark/deepseek-v3,3531,906,4437
a93472caa4884442a14bf3cea345bbc6,unknown,0,0,0
a936fb003e764c07b3211461144d3255,deepseek-chat,738,310,1048
a936fb003e764c07b3211461144d3255,unknown,0,0,0
a9370a0ba94b43c5bf716482da63c593,deepseek-chat,0,0,0
a9370a0ba94b43c5bf716482da63c593,unknown,0,0,0
a939a27f8be54610b827976ccb5ffb34,deepseek-chat,658,299,957
a939a27f8be54610b827976ccb5ffb34,unknown,0,0,0
a93ca0d4ce1d4727a3eb921da8e11c54,ark/deepseek-v3,701,193,894
a93ca0d4ce1d4727a3eb921da8e11c54,unknown,0,0,0
a9448decfb4343fda57cae87087c00d5,deepseek-chat,1055,532,1587
a9448decfb4343fda57cae87087c00d5,gpt-4.1,2970,529,3499
a9448decfb4343fda57cae87087c00d5,unknown,0,0,0
a9462a4457d34602ac8a5d05c22ed599,ark/deepseek-v3,2294,1223,3517
a9462a4457d34602ac8a5d05c22ed599,unknown,0,0,0
a94cfacc0b4a49c2a3056888ce429532,deepseek-chat,3426,1677,5103
a94cfacc0b4a49c2a3056888ce429532,unknown,0,0,0
a95011667f114e64b5ef53527cd634de,deepseek-chat,884,471,1355
a95011667f114e64b5ef53527cd634de,unknown,0,0,0
a956178bc51244f8a5a6df6b379c488c,ark/deepseek-v3,2615,272,2887
a956178bc51244f8a5a6df6b379c488c,deepseek-chat,5080,128,5208
a956178bc51244f8a5a6df6b379c488c,unknown,0,0,0
a95c5628db2c4caf8309684c1d975b3a,deepseek-chat,2130,811,2941
a95c5628db2c4caf8309684c1d975b3a,unknown,0,0,0
a95e675c2d7c4ccc8532cae44ae42801,unknown,0,0,0
a96650e5390f487ea1e80e9610faa1d8,deepseek-chat,787,384,1171
a96650e5390f487ea1e80e9610faa1d8,unknown,0,0,0
a97140d363634787aec1b73b77a18cdb,ark/deepseek-v3,16158,2962,19120
a97140d363634787aec1b73b77a18cdb,deepseek-chat,5091,77,5168
a97140d363634787aec1b73b77a18cdb,unknown,0,0,0
a9743881ce2f4cc09fe1aba51283c408,ark/deepseek-v3,2062,251,2313
a9743881ce2f4cc09fe1aba51283c408,unknown,0,0,0
a97b6c5800c849e2b1d5a70efcd6e9aa,ark/deepseek-v3,467,86,553
a97b6c5800c849e2b1d5a70efcd6e9aa,unknown,0,0,0
a9829008db7b451182af6e6a0aaaebd4,ark/deepseek-v3,741,415,1156
a9829008db7b451182af6e6a0aaaebd4,unknown,0,0,0
a98346d0532549c68ba1d7baedb8fbc7,ark/deepseek-v3,701,178,879
a98346d0532549c68ba1d7baedb8fbc7,unknown,0,0,0
a987df9f5e1247d8ab10616248f14ce9,deepseek-chat,2387,816,3203
a987df9f5e1247d8ab10616248f14ce9,unknown,0,0,0
a9897624130549caac5a12a942928f04,ark/deepseek-v3-1,1405,775,2180
a9897624130549caac5a12a942928f04,unknown,0,0,0
a997e5029b514e2fa2571b692e72c3fb,ark/deepseek-v3,29977,5775,35752
a997e5029b514e2fa2571b692e72c3fb,unknown,0,0,0
a9987ae254ed4388a48ffaa32d47f6f7,deepseek-chat,670,431,1101
a9987ae254ed4388a48ffaa32d47f6f7,unknown,0,0,0
a99b30726b184c4cb5d641c0bb4a8363,ark/deepseek-v3,1251,226,1477
a99b30726b184c4cb5d641c0bb4a8363,unknown,0,0,0
a9a375ad89fa4f518ca554be73e153bc,deepseek-chat,2153,971,3124
a9a375ad89fa4f518ca554be73e153bc,unknown,0,0,0
a9a8045907374475b797a9d7e7809a87,ark/deepseek-v3,1789,1094,2883
a9a8045907374475b797a9d7e7809a87,unknown,0,0,0
a9b36415c764489f892d267088da0480,ark/deepseek-v3-1,4615,1995,6610
a9b36415c764489f892d267088da0480,unknown,0,0,0
a9b5f07625c64bfa9b7c54c697c68d12,deepseek-chat,658,370,1028
a9b5f07625c64bfa9b7c54c697c68d12,unknown,0,0,0
a9b8c62f7e754a1ea22fbabc4a9b3f52,ark/deepseek-v3,0,0,0
a9b8c62f7e754a1ea22fbabc4a9b3f52,unknown,0,0,0
a9ba491b7fc54efca95e7e4fc8356b98,ark/deepseek-v3,701,176,877
a9ba491b7fc54efca95e7e4fc8356b98,unknown,0,0,0
a9bc25f1255c42a9a2c2108e63d484ee,ark/deepseek-v3,12081,2155,14236
a9bc25f1255c42a9a2c2108e63d484ee,unknown,0,0,0
a9bf0b3550754371a2a67bad80cef040,ark/deepseek-v3,1192,290,1482
a9bf0b3550754371a2a67bad80cef040,unknown,0,0,0
a9bf519a44bf45f5b6168cdb48cf7bc5,ark/deepseek-v3,9810,1810,11620
a9bf519a44bf45f5b6168cdb48cf7bc5,unknown,0,0,0
a9c82b333d884ab79a38ecccdbf2073c,ark/deepseek-v3,733,322,1055
a9c82b333d884ab79a38ecccdbf2073c,unknown,0,0,0
a9cd98d9f2b444d0ae725e70acd198fd,ark/deepseek-v3,1085,337,1422
a9cd98d9f2b444d0ae725e70acd198fd,unknown,0,0,0
a9d363eb03e94a53a39605db5cb62f7f,ark/deepseek-v3,467,97,564
a9d363eb03e94a53a39605db5cb62f7f,unknown,0,0,0
a9d8b1be90974bd3acb7c6122342b951,deepseek-chat,1440,718,2158
a9d8b1be90974bd3acb7c6122342b951,unknown,0,0,0
a9e682845068445091bbaa806471a1d2,deepseek-chat,6728,1724,8452
a9e682845068445091bbaa806471a1d2,unknown,0,0,0
a9e7341cfba34fd1ae932c69f9fd89aa,ark/deepseek-v3,701,178,879
a9e7341cfba34fd1ae932c69f9fd89aa,unknown,0,0,0
a9ee387c908b42a2ad203f1e234e6916,ark/deepseek-v3,2399,505,2904
a9ee387c908b42a2ad203f1e234e6916,unknown,0,0,0
a9efcdb66b454f68a09603293b6f7959,ark/deepseek-v3,1882,1121,3003
a9efcdb66b454f68a09603293b6f7959,unknown,0,0,0
a9f0f486ed25414c914de03483a0619c,ark/deepseek-v3,1265,354,1619
a9f0f486ed25414c914de03483a0619c,unknown,0,0,0
a9f38a9ea7d14c508469c48045ec7959,ark/deepseek-v3,2376,1484,3860
a9f38a9ea7d14c508469c48045ec7959,unknown,0,0,0
a9f5e1d712324277bbe47c799eda4260,deepseek-chat,929,475,1404
a9f5e1d712324277bbe47c799eda4260,unknown,0,0,0
a9f84123e9404096a7563645675645b2,ark/deepseek-v3,465,127,592
a9f84123e9404096a7563645675645b2,unknown,0,0,0
a9ff77775a1e41bb956577241ff4d8d2,deepseek-chat,561,221,782
a9ff77775a1e41bb956577241ff4d8d2,unknown,0,0,0
aa05d5c190c44d42b60a406a3d42d249,ark/deepseek-v3,933,197,1130
aa05d5c190c44d42b60a406a3d42d249,unknown,0,0,0
aa05ea7ba7c2444da9debe387f45ed3f,ark/deepseek-v3,3447,1321,4768
aa05ea7ba7c2444da9debe387f45ed3f,unknown,0,0,0
aa078a9a293d422bb6ad8fa4c6ca50b0,ark/deepseek-v3,467,97,564
aa078a9a293d422bb6ad8fa4c6ca50b0,unknown,0,0,0
aa0cce677dc44c268b254f548d2088b5,deepseek-chat,920,469,1389
aa0cce677dc44c268b254f548d2088b5,unknown,0,0,0
aa0e13aceefd409c9931e6e692f9fe2c,ark/deepseek-v3,701,175,876
aa0e13aceefd409c9931e6e692f9fe2c,unknown,0,0,0
aa1264cfddf5466db09e0ad1f7c79e7f,ark/deepseek-v3,1455,185,1640
aa1264cfddf5466db09e0ad1f7c79e7f,unknown,0,0,0
aa179b3ee3f949b9895b864baa1bdef4,ark/deepseek-v3,701,173,874
aa179b3ee3f949b9895b864baa1bdef4,unknown,0,0,0
aa1d5b08a39c45e98ff298bc3c2d6902,ark/deepseek-v3,0,0,0
aa1d5b08a39c45e98ff298bc3c2d6902,unknown,0,0,0
aa1e8a08ae19424fb31240848b670026,deepseek-chat,1394,515,1909
aa1e8a08ae19424fb31240848b670026,unknown,0,0,0
aa21356cb603440e813e21ac588fbc83,ark/deepseek-v3,0,0,0
aa21356cb603440e813e21ac588fbc83,unknown,0,0,0
aa2274264b174aea8964c12a8c5f2370,deepseek-chat,851,405,1256
aa2274264b174aea8964c12a8c5f2370,unknown,0,0,0
aa3390e3e8974449836b1af067f37f1a,deepseek-chat,671,349,1020
aa3390e3e8974449836b1af067f37f1a,unknown,0,0,0
aa347d72654743258dadadce110c27cb,ark/deepseek-v3,833,127,960
aa347d72654743258dadadce110c27cb,unknown,0,0,0
aa358fa897c848dbb2db024ccd530c91,ark/deepseek-v3,4014,782,4796
aa358fa897c848dbb2db024ccd530c91,unknown,0,0,0
aa366997c74d4facb3273e8de5aaf626,deepseek-chat,3326,1511,4837
aa366997c74d4facb3273e8de5aaf626,gpt-4.1,3378,1004,4382
aa366997c74d4facb3273e8de5aaf626,unknown,0,0,0
aa430c5fe8d8429eb6d651d9536bfc64,ark/deepseek-v3,467,99,566
aa430c5fe8d8429eb6d651d9536bfc64,unknown,0,0,0
aa438d4131324ebf86f8ccfa370c28d1,ark/deepseek-v3,467,96,563
aa438d4131324ebf86f8ccfa370c28d1,unknown,0,0,0
aa453c8280fc49cc8372895104115071,deepseek-chat,1363,692,2055
aa453c8280fc49cc8372895104115071,unknown,0,0,0
aa46a741a5164d9686889b43e3a51ada,ark/deepseek-v3,3151,595,3746
aa46a741a5164d9686889b43e3a51ada,deepseek-chat,15305,563,15868
aa46a741a5164d9686889b43e3a51ada,unknown,0,0,0
aa4b048c9b1540b589f760cf1b26c1cb,deepseek-chat,671,382,1053
aa4b048c9b1540b589f760cf1b26c1cb,unknown,0,0,0
aa4e289d7d7b4bb5b96c0eaa437a13a6,ark/deepseek-v3,2672,1468,4140
aa4e289d7d7b4bb5b96c0eaa437a13a6,unknown,0,0,0
aa5607232a2e4cae8200a637a8934b58,ark/deepseek-v3-1,1405,960,2365
aa5607232a2e4cae8200a637a8934b58,unknown,0,0,0
aa61352ac1b246dd9a0bb359c750df0b,deepseek-chat,671,387,1058
aa61352ac1b246dd9a0bb359c750df0b,unknown,0,0,0
aa65a49456944d6fbf0a6bf20b713a67,ark/deepseek-v3,4776,921,5697
aa65a49456944d6fbf0a6bf20b713a67,unknown,0,0,0
aa6746094ead4d3e82b14bd23389be03,ark/deepseek-v3,1455,144,1599
aa6746094ead4d3e82b14bd23389be03,deepseek-chat,149,234,383
aa6746094ead4d3e82b14bd23389be03,unknown,0,0,0
aa6a53db40834f9095379eb0a73e92e5,ark/deepseek-v3-1,2682,1089,3771
aa6a53db40834f9095379eb0a73e92e5,unknown,0,0,0
aa6dc3b289494564baa0acaa280f2c7b,unknown,561,207,768
aa6e108b3f7b4020b6bd5e138f10a7a0,ark/deepseek-v3,4842,1571,6413
aa6e108b3f7b4020b6bd5e138f10a7a0,unknown,0,0,0
aa7051ee30c24526b6824f9f62654375,ark/deepseek-v3,1065,328,1393
aa7051ee30c24526b6824f9f62654375,unknown,0,0,0
aa73c1ff0f19496b94c70c90174d3afd,ark/deepseek-v3-1,2811,1179,3990
aa73c1ff0f19496b94c70c90174d3afd,unknown,0,0,0
aa7549dde55b43899f85048e4884aec9,deepseek-chat,671,416,1087
aa7549dde55b43899f85048e4884aec9,unknown,0,0,0
aa7676d254c44e86bf94b512027b30ef,ark/deepseek-v3,701,200,901
aa7676d254c44e86bf94b512027b30ef,unknown,0,0,0
aa7b4354a3ac41aaa4b4e3200b4cca53,ark/deepseek-v3,701,179,880
aa7b4354a3ac41aaa4b4e3200b4cca53,unknown,0,0,0
aa7ddbbbfdfd48c38a0f9e7a65c7ab9e,deepseek-chat,5,37,42
aa7ddbbbfdfd48c38a0f9e7a65c7ab9e,unknown,0,0,0
aa81547b4ca2478a9e31c1221ef56348,ark/deepseek-v3-1,1800,596,2396
aa89056dbffb46af8a378490e70b72fc,ark/deepseek-v3,465,142,607
aa89056dbffb46af8a378490e70b72fc,unknown,0,0,0
aa89b07841fb4dd59b3e61b7dfed423a,ark/deepseek-v3,701,179,880
aa89b07841fb4dd59b3e61b7dfed423a,unknown,0,0,0
aa8c6f75085b494f8ff4d19b6e13e6b8,ark/deepseek-v3-1,1405,730,2135
aa8c6f75085b494f8ff4d19b6e13e6b8,unknown,0,0,0
aa8c72895701439ab42ea1e689294075,deepseek-chat,671,373,1044
aa8c72895701439ab42ea1e689294075,unknown,0,0,0
aa8e0346118744c1b68e3b8805950b3d,ark/deepseek-v3,6429,1175,7604
aa8e0346118744c1b68e3b8805950b3d,unknown,0,0,0
aa9127d5a3f44927a0df03f9f91b0ed3,ark/deepseek-v3-1,1405,799,2204
aa9127d5a3f44927a0df03f9f91b0ed3,unknown,0,0,0
aa9e91b98d0e458eaef1b555a26a0213,deepseek-chat,670,361,1031
aa9e91b98d0e458eaef1b555a26a0213,unknown,0,0,0
aaa830cb518f40218b8b6463c2b89888,ark/deepseek-v3,1455,220,1675
aaa830cb518f40218b8b6463c2b89888,unknown,0,0,0
aaad3132fbe541e887c8175cc90f7064,ark/deepseek-v3,3156,993,4149
aaad3132fbe541e887c8175cc90f7064,unknown,0,0,0
aac2afe89e6d46d9a43ba9fe416bfa40,ark/deepseek-v3-1,1405,1013,2418
aac2afe89e6d46d9a43ba9fe416bfa40,unknown,0,0,0
aac70cac1969401b95bb9297b09fc22a,ark/deepseek-v3,1455,204,1659
aac70cac1969401b95bb9297b09fc22a,unknown,0,0,0
aad1bb4883c64682b123020cf78689f3,ark/deepseek-v3,13422,2533,15955
aad1bb4883c64682b123020cf78689f3,unknown,0,0,0
aad4d12ad73f47dcac52937cda6d078b,ark/deepseek-v3,0,0,0
aad4d12ad73f47dcac52937cda6d078b,unknown,0,0,0
aae5683921d744da83d162eab0cffe46,ark/deepseek-v3,467,163,630
aae5683921d744da83d162eab0cffe46,unknown,0,0,0
aae8edf38305442ca73a1e8c2681f6d3,ark/deepseek-v3,5444,2432,7876
aae8edf38305442ca73a1e8c2681f6d3,unknown,0,0,0
aaeaa76ca689409fa2e37458a184742c,deepseek-chat,670,366,1036
aaeaa76ca689409fa2e37458a184742c,unknown,0,0,0
aaeffc65b7904267bbeb1a30a6debbf9,deepseek-chat,457,92,549
aaeffc65b7904267bbeb1a30a6debbf9,unknown,0,0,0
aaf5936874b54151b3ac2f069988e54a,deepseek-chat,2204,1518,3722
aaf5936874b54151b3ac2f069988e54a,unknown,0,0,0
aaf7399a3e404e47b78cec8555c04203,ark/deepseek-v3,1315,236,1551
aaf7399a3e404e47b78cec8555c04203,unknown,0,0,0
ab018a50c6f848b999faf2ca01e93d5f,ark/deepseek-v3-1,1107,466,1573
ab018a50c6f848b999faf2ca01e93d5f,unknown,0,0,0
ab0190f716f54a3c8a2b7456bfad424c,ark/deepseek-v3,467,93,560
ab0190f716f54a3c8a2b7456bfad424c,unknown,0,0,0
ab0244c54cd04f3199e05b0abb949692,ark/deepseek-v3,1455,209,1664
ab0244c54cd04f3199e05b0abb949692,unknown,0,0,0
ab08325bce4c4330b51362a18265eeb1,ark/deepseek-v3,6283,1236,7519
ab08325bce4c4330b51362a18265eeb1,unknown,0,0,0
ab0b22a804354604ab2d928b517ddce6,ark/deepseek-v3,467,86,553
ab0b22a804354604ab2d928b517ddce6,unknown,0,0,0
ab0b79c3f4214bfdae34141fb0285f9b,ark/deepseek-v3,1089,339,1428
ab0b79c3f4214bfdae34141fb0285f9b,unknown,0,0,0
ab0de904f90b4b54bd75ef6205644d62,deepseek-chat,722,309,1031
ab0de904f90b4b54bd75ef6205644d62,unknown,0,0,0
ab0e9e88653843c0aa0a0cae11980e07,deepseek-chat,1163,522,1685
ab0e9e88653843c0aa0a0cae11980e07,unknown,0,0,0
ab151ffe8c394a93a5225bea2e18b8f1,deepseek-chat,600,279,879
ab151ffe8c394a93a5225bea2e18b8f1,unknown,0,0,0
ab153d625acf44eab699a6989a75b2a2,deepseek-chat,670,331,1001
ab153d625acf44eab699a6989a75b2a2,unknown,0,0,0
ab1ad021c1724b758583966aee480c7f,ark/deepseek-v3,467,92,559
ab1ad021c1724b758583966aee480c7f,unknown,0,0,0
ab1b18a2c10c49c596e04137732795b3,ark/deepseek-v3,13443,2464,15907
ab1b18a2c10c49c596e04137732795b3,unknown,0,0,0
ab2508edb7474115aeb371d009d2213a,deepseek-chat,3300,1215,4515
ab2508edb7474115aeb371d009d2213a,gpt-4.1,3353,871,4224
ab2508edb7474115aeb371d009d2213a,unknown,0,0,0
ab2c1219d9ef4e22a6fcabc4eb13fabd,deepseek-chat,2118,867,2985
ab2c1219d9ef4e22a6fcabc4eb13fabd,unknown,0,0,0
ab2f2032b7974984bb6a7186058bfa77,ark/deepseek-v3-1,1891,624,2515
ab2f2032b7974984bb6a7186058bfa77,gpt-4.1,2124,128,2252
ab2f2032b7974984bb6a7186058bfa77,unknown,0,0,0
ab3f993a158646dea070e816c25defba,ark/deepseek-v3,701,442,1143
ab3f993a158646dea070e816c25defba,unknown,0,0,0
ab41ae92b20d4bd8ab95a920dccb6d34,ark/deepseek-v3,465,110,575
ab41ae92b20d4bd8ab95a920dccb6d34,deepseek-chat,12549,494,13043
ab41ae92b20d4bd8ab95a920dccb6d34,unknown,0,0,0
ab45772c2250457bb99c6f91ed4252a8,ark/deepseek-v3,0,0,0
ab45772c2250457bb99c6f91ed4252a8,unknown,0,0,0
ab49547335bf4692ad70bc883bdd01db,deepseek-chat,561,228,789
ab49547335bf4692ad70bc883bdd01db,unknown,0,0,0
ab4a068422404b75a7f4772e963e0f9b,deepseek-chat,2778,1260,4038
ab4a068422404b75a7f4772e963e0f9b,unknown,0,0,0
ab4dbab4ff6f42d1a0ed61a7c6bdb4ff,ark/deepseek-v3,3143,287,3430
ab4dbab4ff6f42d1a0ed61a7c6bdb4ff,unknown,0,0,0
ab4e4c85b5754f3584063f1e0d9d74b3,ark/deepseek-v3,1455,167,1622
ab4e4c85b5754f3584063f1e0d9d74b3,unknown,0,0,0
ab50dd50469b47d0b017314890c024ca,deepseek-chat,3410,1422,4832
ab50dd50469b47d0b017314890c024ca,gpt-4.1,3450,1030,4480
ab50dd50469b47d0b017314890c024ca,unknown,0,0,0
ab51da9e76e14b3cacac4921a0400d1f,deepseek-chat,1469,606,2075
ab51da9e76e14b3cacac4921a0400d1f,unknown,0,0,0
ab52bb0a830a417b9067d71e1473e3e0,ark/deepseek-v3,2284,1044,3328
ab52bb0a830a417b9067d71e1473e3e0,unknown,0,0,0
ab5475c830654cdfa789740df233dd1d,ark/deepseek-v3,9279,2215,11494
ab5475c830654cdfa789740df233dd1d,gpt-4.1,1281,89,1370
ab5475c830654cdfa789740df233dd1d,unknown,0,0,0
ab641f3329eb47e68ed989f165051629,deepseek-chat,0,0,0
ab641f3329eb47e68ed989f165051629,unknown,0,0,0
ab66ab572c934e4cb215bde803e47db6,ark/deepseek-v3-1,490,224,714
ab66ab572c934e4cb215bde803e47db6,unknown,0,0,0
ab69f5902d01406f89da4c2042596bcf,ark/deepseek-v3,6916,2028,8944
ab69f5902d01406f89da4c2042596bcf,deepseek-chat,16356,865,17221
ab69f5902d01406f89da4c2042596bcf,gpt-4.1,1928,124,2052
ab69f5902d01406f89da4c2042596bcf,unknown,0,0,0
ab7359bda5744b3ca60965bfb26f4626,ark/deepseek-v3,1556,416,1972
ab7359bda5744b3ca60965bfb26f4626,unknown,0,0,0
ab7553ee57ef4986bcb3c96ae2463fdd,ark/deepseek-v3,467,97,564
ab7553ee57ef4986bcb3c96ae2463fdd,unknown,0,0,0
ab75cf1e17b04f6e95ba4eb3af4d13ba,ark/deepseek-v3,1251,216,1467
ab75cf1e17b04f6e95ba4eb3af4d13ba,unknown,0,0,0
ab7a7c05f2b54b5b81ea77fac4ec4467,ark/deepseek-v3-1,4702,511,5213
ab7a7c05f2b54b5b81ea77fac4ec4467,unknown,0,0,0
ab85f6611aa443c3bcd2830315b38192,deepseek-chat,769,319,1088
ab85f6611aa443c3bcd2830315b38192,unknown,0,0,0
ab979db70a4143438cd46aa197c9356d,ark/deepseek-v3,1937,387,2324
ab979db70a4143438cd46aa197c9356d,unknown,0,0,0
ab99a0a721b94ce9aeac5d89c45d4c0c,ark/deepseek-v3,3035,469,3504
ab99a0a721b94ce9aeac5d89c45d4c0c,unknown,0,0,0
ab9a5308ec2b4100a383e3c8bcaf50b1,unknown,0,0,0
ab9df38a7d2e43218fee888da3f82773,ark/deepseek-v3,0,0,0
ab9df38a7d2e43218fee888da3f82773,unknown,0,0,0
aba52e5a9d324582916201c56c32644e,deepseek-chat,2122,1599,3721
aba52e5a9d324582916201c56c32644e,unknown,0,0,0
aba878133d8540da9c2bf9040a691e9d,deepseek-chat,561,207,768
aba878133d8540da9c2bf9040a691e9d,unknown,0,0,0
abaa44950ef941ffbe6d7d48dce3c845,ark/deepseek-v3,1937,380,2317
abaa44950ef941ffbe6d7d48dce3c845,unknown,0,0,0
abadb5057a1a4f79a7fa5ec483f274aa,gpt-4o-mini,12517,1298,13815
abadb5057a1a4f79a7fa5ec483f274aa,unknown,0,0,0
abb6d534a8094039885ce83c4f1fb13f,deepseek-chat,671,378,1049
abb6d534a8094039885ce83c4f1fb13f,unknown,0,0,0
abb98f00732944d59c25e4faeb71ae8a,deepseek-chat,671,381,1052
abb98f00732944d59c25e4faeb71ae8a,unknown,0,0,0
abbb355e0efb44a9a68dad32bd2120f7,ark/deepseek-v3,467,98,565
abbb355e0efb44a9a68dad32bd2120f7,unknown,0,0,0
abc44db4d72b47ca98e9a828e9f664ff,ark/deepseek-v3,701,175,876
abc44db4d72b47ca98e9a828e9f664ff,unknown,0,0,0
abc7cc39150c4f5fb3f13edfbbcd62ff,ark/deepseek-v3,1535,837,2372
abc7cc39150c4f5fb3f13edfbbcd62ff,unknown,0,0,0
abd98ef886384d95b6493b8399ea2288,ark/deepseek-v3,0,0,0
abd98ef886384d95b6493b8399ea2288,unknown,0,0,0
abdc7d006d2842ea82e75aa7e689651f,ark/deepseek-v3-1,1162,555,1717
abdc7d006d2842ea82e75aa7e689651f,unknown,0,0,0
abe0b23b5a054d659ed5694b4cfabf9e,unknown,0,0,0
abe5ad6f4c79416a81f12d825f4668dd,ark/deepseek-v3,5683,1031,6714
abe5ad6f4c79416a81f12d825f4668dd,unknown,0,0,0
abeabb813a1c4abba5c7cff035edbf72,ark/deepseek-v3,7552,1529,9081
abeabb813a1c4abba5c7cff035edbf72,unknown,0,0,0
abee8bdfaad54e2685715204d8848aef,ark/deepseek-v3,13447,2572,16019
abee8bdfaad54e2685715204d8848aef,unknown,0,0,0
ac194f9e50c94a87b26fef9f6e54325a,ark/deepseek-v3-1,490,246,736
ac194f9e50c94a87b26fef9f6e54325a,unknown,0,0,0
ac1956ce457e4c1bab5bf7f9a00781cd,ark/deepseek-v3,1095,246,1341
ac1956ce457e4c1bab5bf7f9a00781cd,unknown,0,0,0
ac1d33fdff1242558fd851b747c0c635,ark/deepseek-v3,7949,1816,9765
ac1d33fdff1242558fd851b747c0c635,unknown,0,0,0
ac2264f2a21e410499a1089063f07dd4,ark/deepseek-v3,1046,2020,3066
ac2264f2a21e410499a1089063f07dd4,unknown,0,0,0
ac2addfb6cc24ec0b5b035c49263ed7a,ark/deepseek-v3,2386,1276,3662
ac2addfb6cc24ec0b5b035c49263ed7a,unknown,0,0,0
ac2c6cb15786472099c5bbe481db29e3,deepseek-chat,834,393,1227
ac2c6cb15786472099c5bbe481db29e3,unknown,0,0,0
ac31b0a940fa4c26b687fa7d10bd1d2d,ark/deepseek-v3,701,197,898
ac31b0a940fa4c26b687fa7d10bd1d2d,unknown,0,0,0
ac345fad224d4602a8bf36e8d7509e0a,deepseek-chat,670,284,954
ac345fad224d4602a8bf36e8d7509e0a,unknown,0,0,0
ac3b757e268f4cba87919ee0e7bcc2cf,ark/deepseek-v3,3224,616,3840
ac3b757e268f4cba87919ee0e7bcc2cf,unknown,0,0,0
ac3c13d2145b4200969ea3100e0b2ad8,ark/deepseek-v3,1455,201,1656
ac3c13d2145b4200969ea3100e0b2ad8,unknown,0,0,0
ac4ff666f26d4e3c8959695e0d8c6d5e,deepseek-chat,1430,580,2010
ac4ff666f26d4e3c8959695e0d8c6d5e,unknown,0,0,0
ac5501dc116d42b7a7b80237e19cfb53,deepseek-chat,1054,407,1461
ac5501dc116d42b7a7b80237e19cfb53,gpt-4.1,941,28,969
ac5501dc116d42b7a7b80237e19cfb53,unknown,0,0,0
ac5a8681d91f48eca76a715540f43fbd,ark/deepseek-v3,24736,4210,28946
ac5a8681d91f48eca76a715540f43fbd,unknown,0,0,0
ac61bab246d74c02844abc44be4da217,ark/deepseek-v3,1089,313,1402
ac61bab246d74c02844abc44be4da217,unknown,0,0,0
ac655765ebbc476b92fb6ded12d7526f,deepseek-chat,561,225,786
ac655765ebbc476b92fb6ded12d7526f,unknown,0,0,0
ac665857b2654a8d995df47cdd157e56,ark/deepseek-v3,19608,3461,23069
ac665857b2654a8d995df47cdd157e56,unknown,0,0,0
ac6c6527b2cd486ab69d7ee4ecc0429f,ark/deepseek-v3,1118,169,1287
ac6c6527b2cd486ab69d7ee4ecc0429f,unknown,0,0,0
ac6ccc450e7442acb15bf261ba1a8db9,deepseek-chat,2919,310,3229
ac6ccc450e7442acb15bf261ba1a8db9,unknown,0,0,0
ac6fd387ea1c499d9f418a43af497b1d,ark/deepseek-v3,38231,6395,44626
ac6fd387ea1c499d9f418a43af497b1d,unknown,0,0,0
ac74b5c965ff4c6c89ab5a355d3075e3,ark/deepseek-v3-1,14035,1726,15761
ac74b5c965ff4c6c89ab5a355d3075e3,unknown,0,0,0
ac7928887d984ae5b136a7d53142e8c3,deepseek-chat,3240,1437,4677
ac7928887d984ae5b136a7d53142e8c3,gpt-4.1,3369,865,4234
ac7928887d984ae5b136a7d53142e8c3,unknown,0,0,0
ac7bc36b950041fb8986b0c01d1505ec,deepseek-chat,932,528,1460
ac7bc36b950041fb8986b0c01d1505ec,unknown,0,0,0
ac7cea7f05a94f94a1916d0b589e8e7a,deepseek-chat,1164,274,1438
ac7cea7f05a94f94a1916d0b589e8e7a,unknown,0,0,0
ac9028d2788f45c49c099a960e517a29,ark/deepseek-v3,701,175,876
ac9028d2788f45c49c099a960e517a29,unknown,0,0,0
ac909ad0551340f8b3ae88c82bbefab8,ark/deepseek-v3,1306,412,1718
ac909ad0551340f8b3ae88c82bbefab8,unknown,0,0,0
ac91c83346a24426b1ae9196ba7d19da,deepseek-chat,670,348,1018
ac91c83346a24426b1ae9196ba7d19da,unknown,0,0,0
ac92d090a92247cbac047038965af1e5,deepseek-chat,2109,876,2985
ac92d090a92247cbac047038965af1e5,unknown,0,0,0
ac98cf17c86d4913a9d149a3a459584d,ark/deepseek-v3,1065,335,1400
ac98cf17c86d4913a9d149a3a459584d,unknown,0,0,0
aca2baec432f4936b15e6df1692b445b,deepseek-chat,2658,1670,4328
aca2baec432f4936b15e6df1692b445b,unknown,0,0,0
aca3166acda048c1ba379f6d76ad2625,deepseek-chat,561,207,768
aca3166acda048c1ba379f6d76ad2625,unknown,0,0,0
acbea55db955419ea2315c00297b66c4,deepseek-chat,2913,973,3886
acbea55db955419ea2315c00297b66c4,unknown,0,0,0
acbf7621fe5d415895ad8e98b41bb336,deepseek-chat,1186,311,1497
acbf7621fe5d415895ad8e98b41bb336,unknown,0,0,0
acd8f751bd4349df8414bb4e32db37ac,ark/deepseek-v3,703,108,811
acd8f751bd4349df8414bb4e32db37ac,unknown,0,0,0
acde96bf4ccb4a9abdcc2eb8bb3fe278,ark/deepseek-v3,4257,1557,5814
acde96bf4ccb4a9abdcc2eb8bb3fe278,unknown,0,0,0
ace11b2525f241d9a58db9f132f914e0,deepseek-chat,4840,829,5669
ace11b2525f241d9a58db9f132f914e0,unknown,0,0,0
ace31853f9d746548d5f4eb4a7d07463,deepseek-chat,1427,513,1940
ace31853f9d746548d5f4eb4a7d07463,unknown,0,0,0
ace363c555954091b4063c884964d307,ark/deepseek-v3,467,94,561
ace363c555954091b4063c884964d307,unknown,0,0,0
ace5b883ed324a138a66d04dbe552ace,ark/deepseek-v3-1,1405,1207,2612
ace5b883ed324a138a66d04dbe552ace,unknown,0,0,0
ace9956777344c4ca6a3ac001ee7fe11,ark/deepseek-v3,1455,246,1701
ace9956777344c4ca6a3ac001ee7fe11,unknown,0,0,0
acef66a362eb40709fc109bd514d551b,ark/deepseek-v3,15442,3275,18717
acef66a362eb40709fc109bd514d551b,unknown,0,0,0
acf4a76455a44157adf1554af518c0e3,ark/deepseek-v3,701,176,877
acf4a76455a44157adf1554af518c0e3,unknown,0,0,0
acf4e11fa35e4423a0757821714ef862,ark/deepseek-v3,701,176,877
acf4e11fa35e4423a0757821714ef862,unknown,0,0,0
acfd13b8d0aa41b3b329f346b3563a0d,deepseek-chat,0,0,0
acfd13b8d0aa41b3b329f346b3563a0d,unknown,0,0,0
acfe41a4beb249c982c1358aa901578c,ark/deepseek-v3,3143,294,3437
acfe41a4beb249c982c1358aa901578c,unknown,0,0,0
acfefed1d0b54e0ca114122988364541,ark/deepseek-v3,7176,2050,9226
acfefed1d0b54e0ca114122988364541,gpt-4.1,647,27,674
acfefed1d0b54e0ca114122988364541,unknown,0,0,0
ad0b9b4ed0bf43d6a3c5e445f1046d1f,ark/deepseek-v3-1,1364,617,1981
ad0b9b4ed0bf43d6a3c5e445f1046d1f,gpt-4.1,1062,28,1090
ad0b9b4ed0bf43d6a3c5e445f1046d1f,unknown,0,0,0
ad0d9c074eb74f70b3a0beac5135c957,ark/deepseek-v3,1455,223,1678
ad0d9c074eb74f70b3a0beac5135c957,unknown,0,0,0
ad111b3a7c724d169657c405b377ce75,ark/deepseek-v3,815,196,1011
ad111b3a7c724d169657c405b377ce75,unknown,0,0,0
ad1604f1b16843279a2a7a0ae32e1593,deepseek-chat,132,832,964
ad1604f1b16843279a2a7a0ae32e1593,unknown,0,0,0
ad17fb1bef804e31920b417e1631c12b,deepseek-chat,670,287,957
ad17fb1bef804e31920b417e1631c12b,unknown,0,0,0
ad1898fdf9a742e7a3553ec8c9058f41,ark/deepseek-v3,701,178,879
ad1898fdf9a742e7a3553ec8c9058f41,unknown,0,0,0
ad1be2f6dd2f4a1cb55c3475fe78f0ca,deepseek-chat,670,346,1016
ad1be2f6dd2f4a1cb55c3475fe78f0ca,unknown,0,0,0
ad1c80c470a14c3d8dd9deff1125c3f2,deepseek-chat,2572,1686,4258
ad1c80c470a14c3d8dd9deff1125c3f2,unknown,0,0,0
ad1d7ed496cf408cb5d73c9c16f1da66,ark/deepseek-v3,5001,644,5645
ad1d7ed496cf408cb5d73c9c16f1da66,unknown,0,0,0
ad20cb9b6e1149e0aea4ee0c13d99f6c,ark/deepseek-v3,1251,236,1487
ad20cb9b6e1149e0aea4ee0c13d99f6c,unknown,0,0,0
ad211ddb6a4f4e60ae3686fd685dd79d,ark/deepseek-v3,1089,327,1416
ad211ddb6a4f4e60ae3686fd685dd79d,unknown,0,0,0
ad248d84ee3d4e8e9cda15660fb3adbd,deepseek-chat,2111,548,2659
ad248d84ee3d4e8e9cda15660fb3adbd,unknown,0,0,0
ad260d20c1b34b769ebf25742851eefe,deepseek-chat,1053,405,1458
ad260d20c1b34b769ebf25742851eefe,gpt-4.1,941,28,969
ad260d20c1b34b769ebf25742851eefe,unknown,0,0,0
ad2a825f822c4704a37b8acc31f05fb5,deepseek-chat,671,387,1058
ad2a825f822c4704a37b8acc31f05fb5,unknown,0,0,0
ad354cb3130c4314affbb2d435c4cfe4,ark/deepseek-v3,710,315,1025
ad354cb3130c4314affbb2d435c4cfe4,unknown,0,0,0
ad378ab3e9a346daacdf814f279b0fba,deepseek-chat,9522,1489,11011
ad378ab3e9a346daacdf814f279b0fba,gpt-4.1,7181,1184,8365
ad378ab3e9a346daacdf814f279b0fba,unknown,0,0,0
ad48b3e158374933975a04ec3c4bd758,ark/deepseek-v3,467,86,553
ad48b3e158374933975a04ec3c4bd758,unknown,0,0,0
ad49f58659744b16ad12722f08205f85,ark/deepseek-v3,5912,1324,7236
ad49f58659744b16ad12722f08205f85,unknown,0,0,0
ad54112251494ccc9ab10bf76c4dc8bb,unknown,0,0,0
ad61af868495410daa2bb3e318afc828,deepseek-chat,766,300,1066
ad61af868495410daa2bb3e318afc828,unknown,0,0,0
ad672d6068114fdfba94c42b57a6cdaf,ark/deepseek-v3,1064,357,1421
ad672d6068114fdfba94c42b57a6cdaf,unknown,0,0,0
ad6f95d2cbbd46b9b8e013e1f3f7f3ea,deepseek-chat,561,207,768
ad6f95d2cbbd46b9b8e013e1f3f7f3ea,unknown,0,0,0
ad74f3fa60094620895594f79eea048b,deepseek-chat,2193,1208,3401
ad74f3fa60094620895594f79eea048b,unknown,0,0,0
ad8f32afaf8d4438afe43c9a2ca73a92,deepseek-chat,561,206,767
ad8f32afaf8d4438afe43c9a2ca73a92,unknown,0,0,0
ad93c2a192104e41afbb3103b64e2f7c,deepseek-chat,671,367,1038
ad93c2a192104e41afbb3103b64e2f7c,unknown,0,0,0
ad988cdb3e174bb2bc0070f21fc6ac16,deepseek-chat,906,417,1323
ad988cdb3e174bb2bc0070f21fc6ac16,unknown,0,0,0
ad992c676c7048d5bb696a76d1492bc0,deepseek-chat,935,233,1168
ad992c676c7048d5bb696a76d1492bc0,gpt-4.1,1615,292,1907
ad992c676c7048d5bb696a76d1492bc0,unknown,0,0,0
ad9c724a313f416793a763f684c8f515,ark/deepseek-v3,4998,1107,6105
ad9c724a313f416793a763f684c8f515,unknown,0,0,0
ad9d6f544c6d4ee9960206721d7e26f8,ark/deepseek-v3,5018,936,5954
ad9d6f544c6d4ee9960206721d7e26f8,unknown,0,0,0
ad9ec2e0cc034ca79ebf11e009a8de0f,deepseek-chat,2193,935,3128
ad9ec2e0cc034ca79ebf11e009a8de0f,unknown,0,0,0
ada4551456cf44f199417928b7ffe5dd,ark/deepseek-v3,3143,285,3428
ada4551456cf44f199417928b7ffe5dd,unknown,0,0,0
adad19bf7a6440629e56edce2aad38a9,unknown,0,0,0
adb2e29b88e445f6b3cef7efba016f30,ark/deepseek-v3,1873,356,2229
adb2e29b88e445f6b3cef7efba016f30,unknown,0,0,0
adb314da01bd457b8fd591c9ad1b0c6b,ark/deepseek-v3,0,0,0
adb314da01bd457b8fd591c9ad1b0c6b,unknown,0,0,0
adb332e374d54e5a8a5a8c0948d819fa,ark/deepseek-v3,1065,333,1398
adb332e374d54e5a8a5a8c0948d819fa,unknown,0,0,0
adb3487c42cf46d48dc9be807cde18d1,ark/deepseek-v3,14908,3380,18288
adb3487c42cf46d48dc9be807cde18d1,unknown,0,0,0
adb58c487193441aa140e17a5c4ee1aa,deepseek-chat,2201,933,3134
adb58c487193441aa140e17a5c4ee1aa,unknown,0,0,0
adb58c9df21b414e8b23aef0ce2e4376,ark/deepseek-v3-1,144,287,431
adb58c9df21b414e8b23aef0ce2e4376,unknown,0,0,0
adb6a1a62e7e4f5b9f768a09abba5225,ark/deepseek-v3,701,185,886
adb6a1a62e7e4f5b9f768a09abba5225,unknown,0,0,0
adbf282cc1b544529bce6886bddd707d,ark/deepseek-v3,701,176,877
adbf282cc1b544529bce6886bddd707d,unknown,0,0,0
adbfa42e4e0340ac8a3fa2c8860b5a76,ark/deepseek-v3,2195,1190,3385
adbfa42e4e0340ac8a3fa2c8860b5a76,unknown,0,0,0
adcf2bc07deb45fba2adcd7ad2bdc624,deepseek-chat,874,450,1324
adcf2bc07deb45fba2adcd7ad2bdc624,unknown,0,0,0
add76b56714c4836813e0a6be554e39c,ark/deepseek-v3,2389,1152,3541
add76b56714c4836813e0a6be554e39c,unknown,0,0,0
addeb14845364593b3277cc3f3be3790,deepseek-chat,986,378,1364
addeb14845364593b3277cc3f3be3790,unknown,0,0,0
adf688d29e7f436b83aa3d9176ef8bf8,deepseek-chat,561,206,767
adf688d29e7f436b83aa3d9176ef8bf8,unknown,0,0,0
adfa96612c9f446e83b4f91f24c1db1e,ark/deepseek-v3,487,81,568
adfa96612c9f446e83b4f91f24c1db1e,unknown,0,0,0
ae03bf0f6f874fb99ca060bfd98df730,ark/deepseek-v3,701,181,882
ae03bf0f6f874fb99ca060bfd98df730,unknown,0,0,0
ae09c1ddcc424f858f1b7b9761259472,ark/kimi-k2,866,635,1501
ae09c1ddcc424f858f1b7b9761259472,unknown,0,0,0
ae0e2648a087407fba48f17bf67cd62d,ark/deepseek-v3,1455,179,1634
ae0e2648a087407fba48f17bf67cd62d,unknown,0,0,0
ae0fad3935eb4d758e400d5bb6b3f0a8,ark/deepseek-v3,701,177,878
ae0fad3935eb4d758e400d5bb6b3f0a8,unknown,0,0,0
ae11f87d6494427e83bb0e2291aa2463,deepseek-chat,803,374,1177
ae11f87d6494427e83bb0e2291aa2463,unknown,0,0,0
ae12606e153e4448847140495871d7bf,ark/deepseek-v3,1455,163,1618
ae12606e153e4448847140495871d7bf,unknown,0,0,0
ae13e072b793418297273fc6ac8e57c9,ark/deepseek-v3,701,178,879
ae13e072b793418297273fc6ac8e57c9,unknown,0,0,0
ae16f4b2c3ef48678c0f1a80f17a6f45,deepseek-chat,1164,298,1462
ae16f4b2c3ef48678c0f1a80f17a6f45,unknown,0,0,0
ae180387df084febb5949135f5b31377,ark/deepseek-v3,2365,482,2847
ae180387df084febb5949135f5b31377,unknown,0,0,0
ae195229e5da4fa78bc6ffd807734156,ark/deepseek-v3,7147,1216,8363
ae195229e5da4fa78bc6ffd807734156,unknown,0,0,0
ae19a1f08d0e46958c18e366b6a9ea8d,ark/deepseek-v3,657,39,696
ae19a1f08d0e46958c18e366b6a9ea8d,unknown,0,0,0
ae1a166dd57145bbbd5dcbdeb1892690,ark/deepseek-v3,4502,982,5484
ae1a166dd57145bbbd5dcbdeb1892690,unknown,0,0,0
ae2392e8adb9463096f265ab6b8ed2ef,deepseek-chat,906,399,1305
ae2392e8adb9463096f265ab6b8ed2ef,unknown,0,0,0
ae25bdd75ded4513af6031e1877a59d0,deepseek-chat,561,207,768
ae25bdd75ded4513af6031e1877a59d0,unknown,0,0,0
ae2fa92cbb5f451f8b6e5acc4093cdd4,ark/deepseek-v3,701,193,894
ae2fa92cbb5f451f8b6e5acc4093cdd4,unknown,0,0,0
ae3036c184c94402938f489b25b52d74,deepseek-chat,671,351,1022
ae3036c184c94402938f489b25b52d74,unknown,0,0,0
ae316d52f4944f72896fd8325aa6adbd,deepseek-chat,561,207,768
ae316d52f4944f72896fd8325aa6adbd,unknown,0,0,0
ae37743bff3b4344957ceb735d68f371,ark/deepseek-v3,14055,2637,16692
ae37743bff3b4344957ceb735d68f371,deepseek-chat,5059,108,5167
ae37743bff3b4344957ceb735d68f371,unknown,0,0,0
ae3b7b7b584b47bdb9170918577d9399,deepseek-chat,671,358,1029
ae3b7b7b584b47bdb9170918577d9399,unknown,0,0,0
ae3ea42bae6d428db2c4a8e99d9f45a5,ark/deepseek-v3,467,82,549
ae3ea42bae6d428db2c4a8e99d9f45a5,unknown,0,0,0
ae55a15dff35432694b223fcc27d848e,deepseek-chat,932,230,1162
ae55a15dff35432694b223fcc27d848e,gpt-4.1,672,265,937
ae55a15dff35432694b223fcc27d848e,unknown,0,0,0
ae55e2d47c82417ead5d33db5b79bd98,ark/deepseek-v3,3144,284,3428
ae55e2d47c82417ead5d33db5b79bd98,unknown,0,0,0
ae572ccd27a64d4aadb436b3c62aa8e9,ark/deepseek-v3,1251,240,1491
ae572ccd27a64d4aadb436b3c62aa8e9,unknown,0,0,0
ae5ce9cfac7840f4b9a331c6c534d473,ark/deepseek-v3,467,92,559
ae5ce9cfac7840f4b9a331c6c534d473,unknown,0,0,0
ae6b8ed20cc049948123438b8ad01b6d,ark/deepseek-v3-1,1405,950,2355
ae6b8ed20cc049948123438b8ad01b6d,unknown,0,0,0
ae6db9e8e5b44edaa19526cd47d0159b,deepseek-chat,930,380,1310
ae6db9e8e5b44edaa19526cd47d0159b,unknown,0,0,0
ae79fb55b9bb432faacc77fefc6aac8b,ark/deepseek-v3,860,524,1384
ae79fb55b9bb432faacc77fefc6aac8b,unknown,0,0,0
ae7de740af1f40c8b8ab3a0a5e27ad47,deepseek-chat,671,380,1051
ae7de740af1f40c8b8ab3a0a5e27ad47,unknown,0,0,0
ae833f76a10a4c988c642d4f50645df9,deepseek-chat,1237,540,1777
ae833f76a10a4c988c642d4f50645df9,unknown,0,0,0
ae8c859b7fed4c0a9b9a00aaf20d4dcc,ark/deepseek-v3,1060,394,1454
ae8c859b7fed4c0a9b9a00aaf20d4dcc,deepseek-chat,6338,642,6980
ae8c859b7fed4c0a9b9a00aaf20d4dcc,unknown,0,0,0
ae93b21554b6450dbafaf238ced2d0af,deepseek-chat,1054,371,1425
ae93b21554b6450dbafaf238ced2d0af,gpt-4.1,3135,491,3626
ae93b21554b6450dbafaf238ced2d0af,unknown,0,0,0
ae996141ca774a179962eead7f3a67d1,unknown,0,0,0
ae9abbc8e0374a15ade4d383b1365e83,deepseek-chat,1052,431,1483
ae9abbc8e0374a15ade4d383b1365e83,gpt-4.1,1417,328,1745
ae9abbc8e0374a15ade4d383b1365e83,unknown,0,0,0
ae9f43a75cb9457589b892efc441059d,ark/deepseek-v3,467,92,559
ae9f43a75cb9457589b892efc441059d,unknown,0,0,0
aea8891cc4d94ee48c12f0790848a018,ark/deepseek-v3,701,176,877
aea8891cc4d94ee48c12f0790848a018,unknown,0,0,0
aead3f57be3f4617bf60bd07325c6560,deepseek-chat,1288,840,2128
aead3f57be3f4617bf60bd07325c6560,unknown,0,0,0
aead62bbd97a47db925167f2cfd61133,ark/deepseek-v3,1509,764,2273
aead62bbd97a47db925167f2cfd61133,unknown,0,0,0
aeb48c8b4c2b4435a2f0af629029e9b5,deepseek-chat,670,350,1020
aeb48c8b4c2b4435a2f0af629029e9b5,unknown,0,0,0
aec52e2823294e698d5eabd0f8eb170f,ark/deepseek-v3,758,101,859
aec52e2823294e698d5eabd0f8eb170f,unknown,0,0,0
aec5b5f3dba14a778e702eca32093c05,unknown,0,0,0
aec7bd0375f549908fc7a315d5e8497e,deepseek-chat,790,299,1089
aec7bd0375f549908fc7a315d5e8497e,unknown,0,0,0
aeca9fbdccaf419987190fc3f7a2581f,ark/deepseek-v3,701,175,876
aeca9fbdccaf419987190fc3f7a2581f,unknown,0,0,0
aecb9f38c36449c5947683d63b99f081,deepseek-chat,807,293,1100
aecb9f38c36449c5947683d63b99f081,unknown,0,0,0
aecc480cfcb84c318de750d973110a41,unknown,0,0,0
aed0145114cb45bcbdfb735afa90b516,deepseek-chat,670,352,1022
aed0145114cb45bcbdfb735afa90b516,unknown,0,0,0
aed0f79c897c48529da08ca5078a9083,ark/deepseek-v3,14045,2710,16755
aed0f79c897c48529da08ca5078a9083,unknown,0,0,0
aed42c0f62e74d4d9dae12976ab0b273,deepseek-chat,671,468,1139
aed42c0f62e74d4d9dae12976ab0b273,unknown,0,0,0
aed6a5b0232242128dc133652faa340b,ark/deepseek-v3,6229,1555,7784
aed6a5b0232242128dc133652faa340b,gpt-4.1,639,20,659
aed6a5b0232242128dc133652faa340b,unknown,0,0,0
aed6aac88f7541619b9e814cacbe8b06,ark/deepseek-v3,1523,833,2356
aed6aac88f7541619b9e814cacbe8b06,unknown,0,0,0
aedcb0dfb2fc4ee99bb00ba5287ba22e,ark/deepseek-v3,13442,2637,16079
aedcb0dfb2fc4ee99bb00ba5287ba22e,unknown,0,0,0
aedfb4a593374bc4a94e2964031e8aba,ark/deepseek-v3,1735,1077,2812
aedfb4a593374bc4a94e2964031e8aba,unknown,0,0,0
aee813a6264d4d078c69b6cf43864797,deepseek-chat,747,279,1026
aee813a6264d4d078c69b6cf43864797,unknown,0,0,0
af0373c95d474f779e26c9735aedacd6,ark/deepseek-v3,467,94,561
af0373c95d474f779e26c9735aedacd6,unknown,0,0,0
af06b4b4a47f42729a710111e5b923da,deepseek-chat,882,437,1319
af06b4b4a47f42729a710111e5b923da,unknown,0,0,0
af08a3de245f4d599967e3885dcec79d,deepseek-chat,671,454,1125
af08a3de245f4d599967e3885dcec79d,unknown,0,0,0
af0d2ecbb7f94f6eb45f96783b5536b0,ark/deepseek-v3-1,2940,989,3929
af0d2ecbb7f94f6eb45f96783b5536b0,unknown,0,0,0
af0e6d2c325249179a532437263aa6e3,deepseek-chat,0,0,0
af0e6d2c325249179a532437263aa6e3,unknown,0,0,0
af0f1e7c9d25428cb397cfbaef1164ed,ark/deepseek-v3,2304,348,2652
af0f1e7c9d25428cb397cfbaef1164ed,unknown,0,0,0
af1130595929417ca971a95389f71c71,deepseek-chat,777,438,1215
af1130595929417ca971a95389f71c71,unknown,0,0,0
af1ce58833464fa2b7626ea665058c67,deepseek-chat,670,394,1064
af1ce58833464fa2b7626ea665058c67,unknown,0,0,0
af24b44f4a4749299f0ad977559552c1,deepseek-chat,23820,2347,26167
af24b44f4a4749299f0ad977559552c1,unknown,0,0,0
af2ec26ef7d24c5087a24c1b24e8fea6,ark/deepseek-v3,1455,180,1635
af2ec26ef7d24c5087a24c1b24e8fea6,unknown,0,0,0
af38789024dd44e0871104e51ff5a4e2,ark/deepseek-v3-1,2796,1061,3857
af38789024dd44e0871104e51ff5a4e2,unknown,0,0,0
af39bc46cefc4bc8b4f96d4158899fd3,ark/deepseek-v3,0,0,0
af39bc46cefc4bc8b4f96d4158899fd3,unknown,0,0,0
af3d59c03848473bb303ecf0b452da2b,deepseek-chat,8537,2667,11204
af3d59c03848473bb303ecf0b452da2b,unknown,0,0,0
af413287d1514dcaae7ad53841ae1c57,ark/deepseek-v3,2551,1081,3632
af413287d1514dcaae7ad53841ae1c57,unknown,0,0,0
af46b18d38cb45c1b668f26c15ed51c1,deepseek-chat,2106,918,3024
af46b18d38cb45c1b668f26c15ed51c1,unknown,0,0,0
af4b4c154ca5453088bcee772fa2eb3e,unknown,0,0,0
af4c2109114a4e0baa76b239e4d890c7,deepseek-chat,670,343,1013
af4c2109114a4e0baa76b239e4d890c7,gpt-4.1,943,70,1013
af4c2109114a4e0baa76b239e4d890c7,unknown,0,0,0
af4ed559645a4f9480140c222c341a97,ark/deepseek-v3,701,176,877
af4ed559645a4f9480140c222c341a97,unknown,0,0,0
af4fee21089f4deeb0126c21718ec8f2,ark/deepseek-v3,611,260,871
af4fee21089f4deeb0126c21718ec8f2,unknown,0,0,0
af50951e730b4a8faa7d5ed774bae110,unknown,0,0,0
af5c110d26644ef6a4fd7f198a40f818,ark/deepseek-v3,701,178,879
af5c110d26644ef6a4fd7f198a40f818,unknown,0,0,0
af5d2157ae0f4c97a396719bb23c7f62,ark/deepseek-v3,4310,1631,5941
af5d2157ae0f4c97a396719bb23c7f62,unknown,0,0,0
af68f6c2d2b9429dacef236823cdf3c9,deepseek-chat,1396,981,2377
af68f6c2d2b9429dacef236823cdf3c9,unknown,0,0,0
af6dd75dab464d08ab99d3bdd271a046,ark/deepseek-v3,0,0,0
af6dd75dab464d08ab99d3bdd271a046,unknown,0,0,0
af7203264f1b4a82b93195012b4ad4d2,ark/deepseek-v3,883,3353,4236
af7203264f1b4a82b93195012b4ad4d2,unknown,0,0,0
af78f0cb80b0460c9f464f1c06070678,ark/deepseek-v3,0,0,0
af78f0cb80b0460c9f464f1c06070678,unknown,0,0,0
af7a20e12e86459190360b4c54deee74,deepseek-chat,7,233,240
af7a20e12e86459190360b4c54deee74,unknown,0,0,0
af7b2df0c6e5463d92e8398d931cfa23,deepseek-chat,960,391,1351
af7b2df0c6e5463d92e8398d931cfa23,unknown,0,0,0
af81eb86e8d540b7a5064b4d6a100f4d,deepseek-chat,1190,358,1548
af81eb86e8d540b7a5064b4d6a100f4d,unknown,0,0,0
af8926f6fd0d4d8da383bda2d7c738a4,ark/deepseek-v3,2802,800,3602
af8926f6fd0d4d8da383bda2d7c738a4,unknown,0,0,0
af8b8a14d37947c29bc46ede8a793083,ark/deepseek-v3,701,175,876
af8b8a14d37947c29bc46ede8a793083,unknown,0,0,0
af8db759fd3649b38baa970823282c3b,deepseek-chat,561,207,768
af8db759fd3649b38baa970823282c3b,gpt-4.1,1886,167,2053
af8db759fd3649b38baa970823282c3b,unknown,0,0,0
af931eb9c7a74b7ab18cf4a7c47f5621,deepseek-chat,1446,1057,2503
af931eb9c7a74b7ab18cf4a7c47f5621,unknown,0,0,0
af93a60150164f7f908726d285ceb562,ark/deepseek-v3-1,2719,507,3226
af93a60150164f7f908726d285ceb562,unknown,0,0,0
af964e5932f34b22a2ad7bcfb3b725fb,ark/deepseek-v3,2664,479,3143
af964e5932f34b22a2ad7bcfb3b725fb,unknown,0,0,0
af98e4eaf8364d8983f10353d04bc77d,deepseek-chat,1364,546,1910
af98e4eaf8364d8983f10353d04bc77d,unknown,0,0,0
afac4f63642e41dbaf3a7a3985795e77,ark/deepseek-v3,5884,1759,7643
afac4f63642e41dbaf3a7a3985795e77,gpt-4.1,667,19,686
afac4f63642e41dbaf3a7a3985795e77,unknown,0,0,0
afae4ba485824fde8994ec580f44670f,ark/deepseek-v3,2541,599,3140
afae4ba485824fde8994ec580f44670f,unknown,0,0,0
afb0b91a2d0f40f4b94ca78c468ae2ce,deepseek-chat,671,354,1025
afb0b91a2d0f40f4b94ca78c468ae2ce,unknown,0,0,0
afb457061f524e098e15543130ea272d,ark/deepseek-v3,1151,345,1496
afb457061f524e098e15543130ea272d,unknown,0,0,0
afb6f904cfd84f03aae75e664bffe965,ark/deepseek-v3,6615,816,7431
afb6f904cfd84f03aae75e664bffe965,unknown,0,0,0
afb7cd1437ef423f8daea0bb7d4eae86,ark/deepseek-v3,988,276,1264
afb7cd1437ef423f8daea0bb7d4eae86,unknown,0,0,0
afbe0b78e78a416fb17fce563194e2ca,deepseek-chat,718,312,1030
afbe0b78e78a416fb17fce563194e2ca,unknown,0,0,0
afc0ad1319dc4412a6e9a7f74df4ba6d,ark/deepseek-v3,701,185,886
afc0ad1319dc4412a6e9a7f74df4ba6d,unknown,0,0,0
afc770e7ff2647ecaf71615829ffd895,deepseek-chat,836,380,1216
afc770e7ff2647ecaf71615829ffd895,unknown,0,0,0
afd1755652d04c879a66d29732d50a4d,deepseek-chat,670,322,992
afd1755652d04c879a66d29732d50a4d,unknown,0,0,0
afd70738b2bd47b6a94405bd62ca6145,ark/deepseek-v3,758,116,874
afd70738b2bd47b6a94405bd62ca6145,unknown,0,0,0
afdd25b6532e4c158d0928a59dae8569,ark/deepseek-v3,604,264,868
afdd25b6532e4c158d0928a59dae8569,unknown,0,0,0
afdf704c008243d4852a795ce0dc298f,ark/deepseek-v3-1,1405,740,2145
afdf704c008243d4852a795ce0dc298f,unknown,0,0,0
afe03729d5094b72aa1557d4b9ba1116,deepseek-chat,670,296,966
afe03729d5094b72aa1557d4b9ba1116,unknown,0,0,0
afe7843e7af54ebdbaf1ab2d2bc6cd2c,ark/deepseek-v3,701,197,898
afe7843e7af54ebdbaf1ab2d2bc6cd2c,unknown,0,0,0
aff1f29e871d4bd0a01f4f2c4d5a6380,ark/deepseek-v3,0,0,0
aff1f29e871d4bd0a01f4f2c4d5a6380,unknown,0,0,0
aff2cfa949bf4746ac444a6da9d31233,ark/deepseek-v3-1,2705,333,3038
aff2cfa949bf4746ac444a6da9d31233,unknown,0,0,0
affe0cd068e3424ba00f8b4d73d045a8,deepseek-chat,2200,1334,3534
affe0cd068e3424ba00f8b4d73d045a8,unknown,0,0,0
b0008699e5924d82ac4dab5c9e6e7417,ark/deepseek-v3,701,175,876
b0008699e5924d82ac4dab5c9e6e7417,unknown,0,0,0
b010f356b5d244e39f2ec46956350597,ark/deepseek-v3,701,173,874
b010f356b5d244e39f2ec46956350597,unknown,0,0,0
b015c87382a1471c936dacf738ce27e8,deepseek-chat,3902,1429,5331
b015c87382a1471c936dacf738ce27e8,gpt-4.1,5678,1016,6694
b015c87382a1471c936dacf738ce27e8,unknown,0,0,0
b01b3ff204154751a21ce744c60cce46,ark/deepseek-v3,1239,681,1920
b01b3ff204154751a21ce744c60cce46,deepseek-chat,6402,158,6560
b01b3ff204154751a21ce744c60cce46,unknown,0,0,0
b01c09de9fd04256a6a44027885da66a,deepseek-chat,0,0,0
b01c09de9fd04256a6a44027885da66a,unknown,0,0,0
b02d5da8cffb4096af5cf64308193428,deepseek-chat,670,328,998
b02d5da8cffb4096af5cf64308193428,unknown,0,0,0
b0343c18c6aa449bb8b3a6ed2b53291a,ark/deepseek-v3,1801,241,2042
b0343c18c6aa449bb8b3a6ed2b53291a,unknown,0,0,0
b03637b594604bd2854553b3a88c397e,deepseek-chat,0,0,0
b03637b594604bd2854553b3a88c397e,unknown,0,0,0
b03805d7323847f9a9546c6e72b458f3,deepseek-chat,41,1287,1328
b03805d7323847f9a9546c6e72b458f3,unknown,0,0,0
b03b047a3c5841508e6f8b58c740075d,ark/deepseek-v3,467,92,559
b03b047a3c5841508e6f8b58c740075d,unknown,0,0,0
b03ff7deba504cb1b8acc59277dd2e3e,ark/deepseek-v3-1,3780,992,4772
b03ff7deba504cb1b8acc59277dd2e3e,unknown,0,0,0
b042a382a7994115a2f5fbbd8c8d0739,ark/deepseek-v3,970,318,1288
b042a382a7994115a2f5fbbd8c8d0739,unknown,0,0,0
b04b40fb9b004e1e9f47b3c8f1b46bc7,ark/deepseek-v3,1061,322,1383
b04b40fb9b004e1e9f47b3c8f1b46bc7,unknown,0,0,0
b051e72f987d41f1a1f4166d4be59dc1,ark/deepseek-v3,1330,603,1933
b051e72f987d41f1a1f4166d4be59dc1,deepseek-chat,108900,6302,115202
b051e72f987d41f1a1f4166d4be59dc1,unknown,0,0,0
b05e9b8fdb0c47ccbc1e45c841f54a39,ark/deepseek-v3,701,180,881
b05e9b8fdb0c47ccbc1e45c841f54a39,unknown,0,0,0
b066639c477f47baa69f0eca1f567ab6,ark/deepseek-v3,1499,659,2158
b066639c477f47baa69f0eca1f567ab6,unknown,0,0,0
b06c55f373d2457c8e647388f589494f,ark/deepseek-v3,0,0,0
b06c55f373d2457c8e647388f589494f,unknown,0,0,0
b06eb880eb644eba86ebef814390c7d6,ark/deepseek-v3-1,0,0,0
b06eb880eb644eba86ebef814390c7d6,unknown,0,0,0
b071595e7f6b49fe969acd3f7b038ae5,ark/deepseek-v3,465,93,558
b071595e7f6b49fe969acd3f7b038ae5,unknown,0,0,0
b077ea662fd441298588cbe65b141198,ark/deepseek-v3-1,7516,1518,9034
b077ea662fd441298588cbe65b141198,unknown,0,0,0
b0787a44e98f48b2bea775dd89aafaa5,deepseek-chat,1456,449,1905
b0787a44e98f48b2bea775dd89aafaa5,unknown,0,0,0
b07e9076cb104c46824ba9dec9d20dce,deepseek-chat,854,342,1196
b07e9076cb104c46824ba9dec9d20dce,unknown,0,0,0
b07ef316486a4a46adcaf9ed998d06d6,ark/deepseek-v3,3145,316,3461
b07ef316486a4a46adcaf9ed998d06d6,unknown,0,0,0
b08aaee0f7bb4985b17b72b424ea746a,ark/deepseek-v3,457,65,522
b08aaee0f7bb4985b17b72b424ea746a,unknown,0,0,0
b08efc2a752645db8d17141e258f3fb3,deepseek-chat,2064,1081,3145
b08efc2a752645db8d17141e258f3fb3,unknown,0,0,0
b08fedc9c40949b0ab6c0b4cc1d3c282,ark/deepseek-v3,2802,722,3524
b08fedc9c40949b0ab6c0b4cc1d3c282,unknown,0,0,0
b09909c3aa1c470a8942b41cdc726597,deepseek-chat,658,359,1017
b09909c3aa1c470a8942b41cdc726597,unknown,0,0,0
b09975a75df0457a99a3b8e0baab2763,ark/deepseek-v3,701,178,879
b09975a75df0457a99a3b8e0baab2763,unknown,0,0,0
b0a1076f5e6e4d4bb1cf0fedabd1d97e,deepseek-chat,824,382,1206
b0a1076f5e6e4d4bb1cf0fedabd1d97e,unknown,0,0,0
b0a1480e6cf4439c9fdb77c946fb72e2,ark/deepseek-v3,1455,207,1662
b0a1480e6cf4439c9fdb77c946fb72e2,unknown,0,0,0
b0ad19bbcbc34273b9fa26519a33c62d,deepseek-chat,670,371,1041
b0ad19bbcbc34273b9fa26519a33c62d,unknown,0,0,0
b0b1ee2bab364047abc760a61b15000e,deepseek-chat,2118,781,2899
b0b1ee2bab364047abc760a61b15000e,unknown,0,0,0
b0bc59a83f424d5992b1c84826362343,ark/deepseek-v3,7002,1021,8023
b0bc59a83f424d5992b1c84826362343,unknown,0,0,0
b0bd9c7903fc4456bb7e8ef74fbcce12,deepseek-chat,0,0,0
b0bd9c7903fc4456bb7e8ef74fbcce12,unknown,0,0,0
b0c167a11b6a451580ae21c50db505e6,ark/deepseek-v3,8653,1643,10296
b0c167a11b6a451580ae21c50db505e6,unknown,0,0,0
b0c238bd4504489c9a4e6328dc6ee566,ark/deepseek-v3,467,94,561
b0c238bd4504489c9a4e6328dc6ee566,unknown,0,0,0
b0c8174976814f0c874df6adff2ecae5,deepseek-chat,762,380,1142
b0c8174976814f0c874df6adff2ecae5,unknown,0,0,0
b0d0e4752a1e4b8aa2dde3caf44ce997,deepseek-chat,1586,540,2126
b0d0e4752a1e4b8aa2dde3caf44ce997,unknown,0,0,0
b0d9f543a68a4b7fa4fe83873e0c8e82,ark/deepseek-v3,1251,222,1473
b0d9f543a68a4b7fa4fe83873e0c8e82,unknown,0,0,0
b0e1a205c1da484688ccef1982b54110,ark/deepseek-v3,2299,1131,3430
b0e1a205c1da484688ccef1982b54110,unknown,0,0,0
b0e34b0d4b70443aa89c0b37aebf4812,unknown,0,0,0
b0e51359fa7545e5970aaa85eba89d16,deepseek-chat,1042,415,1457
b0e51359fa7545e5970aaa85eba89d16,gpt-4.1,1887,163,2050
b0e51359fa7545e5970aaa85eba89d16,unknown,0,0,0
b0e94b2f458846be93f0116bb7f71a5d,ark/deepseek-v3,0,0,0
b0e94b2f458846be93f0116bb7f71a5d,unknown,0,0,0
b0ea93d8edbb4e66b8d858abacfccdeb,ark/deepseek-v3,1089,320,1409
b0ea93d8edbb4e66b8d858abacfccdeb,unknown,0,0,0
b0f012f8152844c7aae560576c2636ec,ark/deepseek-v3,701,175,876
b0f012f8152844c7aae560576c2636ec,unknown,0,0,0
b0f3e05cdd3747a796c957a4ba7921d0,ark/deepseek-v3,467,92,559
b0f3e05cdd3747a796c957a4ba7921d0,unknown,0,0,0
b0f9916954d04a20afe53a59f693223f,ark/deepseek-v3,2399,440,2839
b0f9916954d04a20afe53a59f693223f,unknown,0,0,0
b10b0d3721ae484cadb4726fdd769ace,ark/deepseek-v3,24812,4748,29560
b10b0d3721ae484cadb4726fdd769ace,unknown,0,0,0
b10e8edc575b4d479eaa74b44f3cecb3,deepseek-chat,0,0,0
b10e8edc575b4d479eaa74b44f3cecb3,unknown,0,0,0
b10fb0d0623648bf8a0d4d8897c0375f,ark/deepseek-v3,3143,303,3446
b10fb0d0623648bf8a0d4d8897c0375f,ark/deepseek-v3-1,0,0,0
b10fb0d0623648bf8a0d4d8897c0375f,unknown,0,0,0
b11389bfee0e485b9c87503571f9f62d,deepseek-chat,2348,1016,3364
b11389bfee0e485b9c87503571f9f62d,unknown,0,0,0
b1157610e5c44874965ea06a8fefec8f,ark/deepseek-v3,1064,341,1405
b1157610e5c44874965ea06a8fefec8f,unknown,0,0,0
b122babf16454c828b6ad9c35cd4f507,deepseek-chat,2627,955,3582
b122babf16454c828b6ad9c35cd4f507,unknown,0,0,0
b12812f28eeb41c495aa3b5d4e634031,ark/deepseek-v3,1260,577,1837
b12812f28eeb41c495aa3b5d4e634031,unknown,0,0,0
b12a8dfa5a064753ab58515f23c29759,deepseek-chat,561,217,778
b12a8dfa5a064753ab58515f23c29759,unknown,0,0,0
b139064c476344c0ab1b3181c3f9f6f2,ark/deepseek-v3,0,0,0
b139064c476344c0ab1b3181c3f9f6f2,unknown,0,0,0
b13b1f3b2fae41148a14bd93a2f8f1be,ark/deepseek-v3,987,216,1203
b13b1f3b2fae41148a14bd93a2f8f1be,unknown,0,0,0
b13e0d82a61147938a5a5e9154aeeb04,ark/deepseek-v3,1455,190,1645
b13e0d82a61147938a5a5e9154aeeb04,unknown,0,0,0
b1420780252945f28a8a865804a6fedf,ark/deepseek-v3,1251,221,1472
b1420780252945f28a8a865804a6fedf,unknown,0,0,0
b148fffbe8b947f9a64e28ee91b9fcc6,ark/deepseek-v3,2276,1111,3387
b148fffbe8b947f9a64e28ee91b9fcc6,unknown,0,0,0
b14d4d72208e445a8f177e2b247c6598,ark/deepseek-v3,467,103,570
b14d4d72208e445a8f177e2b247c6598,unknown,0,0,0
b162073cb67c4657b8f1525842fe872d,ark/deepseek-v3,758,91,849
b162073cb67c4657b8f1525842fe872d,unknown,0,0,0
b16e1e093d184111898fe2368a303b27,ark/deepseek-v3,2481,1326,3807
b16e1e093d184111898fe2368a303b27,unknown,0,0,0
b1727f7e948a459f9b6d32274abbb374,deepseek-chat,3304,1299,4603
b1727f7e948a459f9b6d32274abbb374,gpt-4.1,3356,896,4252
b1727f7e948a459f9b6d32274abbb374,unknown,0,0,0
b1740e445fb8439cac788bc222a1c320,deepseek-chat,671,493,1164
b1740e445fb8439cac788bc222a1c320,unknown,0,0,0
b174d179e52f48dea6fd00331b966203,deepseek-chat,561,221,782
b174d179e52f48dea6fd00331b966203,unknown,0,0,0
b176c7ea8dbf4dd3a881c9e398779890,deepseek-chat,963,307,1270
b176c7ea8dbf4dd3a881c9e398779890,unknown,0,0,0
b1775c2e1b8840469702cbf80b2b7245,ark/deepseek-v3,0,0,0
b1775c2e1b8840469702cbf80b2b7245,unknown,0,0,0
b17b760440f948e7a2d5d7ef54022510,deepseek-chat,671,365,1036
b17b760440f948e7a2d5d7ef54022510,unknown,0,0,0
b1820c853c924977b0d4417f67304444,ark/deepseek-v3,3144,286,3430
b1820c853c924977b0d4417f67304444,unknown,0,0,0
b18fc990ef1d4ae0bc1561ebac719876,ark/deepseek-v3,7552,1449,9001
b18fc990ef1d4ae0bc1561ebac719876,unknown,0,0,0
b19d5a1ff0f04fa68c15eb5a0f1e6adb,deepseek-chat,671,404,1075
b19d5a1ff0f04fa68c15eb5a0f1e6adb,unknown,0,0,0
b1aae145b3384dbb99645fba81e4e53d,ark/deepseek-v3,887,33,920
b1aae145b3384dbb99645fba81e4e53d,deepseek-chat,1264,786,2050
b1aae145b3384dbb99645fba81e4e53d,unknown,0,0,0
b1acc94479c74160a68c7ec499cb3f96,deepseek-chat,1499,908,2407
b1acc94479c74160a68c7ec499cb3f96,gpt-4.1,2200,339,2539
b1acc94479c74160a68c7ec499cb3f96,unknown,0,0,0
b1b46b183216477c9d767441a0b7e7ce,ark/deepseek-v3,2982,737,3719
b1b46b183216477c9d767441a0b7e7ce,unknown,0,0,0
b1b97e9505fa48ff825f860fe38dd386,ark/deepseek-v3,754,254,1008
b1b97e9505fa48ff825f860fe38dd386,unknown,0,0,0
b1bcfe1932ca4e6fba3c6cbe121d37ba,deepseek-chat,671,371,1042
b1bcfe1932ca4e6fba3c6cbe121d37ba,unknown,0,0,0
b1c7a844dfc645d8832f7904f683742a,ark/deepseek-v3,1285,637,1922
b1c7a844dfc645d8832f7904f683742a,unknown,0,0,0
b1d0b0cd4745418d817d66d923682a2d,ark/deepseek-v3,467,96,563
b1d0b0cd4745418d817d66d923682a2d,unknown,0,0,0
b1d1eb7efc4c4cff8b2ee190d3c78248,ark/deepseek-v3,467,121,588
b1d1eb7efc4c4cff8b2ee190d3c78248,unknown,0,0,0
b1d818d6dbb14817a1535960ba159807,ark/deepseek-v3,701,178,879
b1d818d6dbb14817a1535960ba159807,unknown,0,0,0
b1d996301ffd46c38ce9a6e54a9599bb,ark/deepseek-v3,4168,2082,6250
b1d996301ffd46c38ce9a6e54a9599bb,unknown,0,0,0
b1de455f7407400487cd6ef42e874d02,ark/deepseek-v3,5909,901,6810
b1de455f7407400487cd6ef42e874d02,unknown,0,0,0
b1de8a285d294643897835160f1d9e71,deepseek-chat,2539,888,3427
b1de8a285d294643897835160f1d9e71,unknown,0,0,0
b1dec58e66dc4740831e87ed9e5284f9,deepseek-chat,3441,1209,4650
b1dec58e66dc4740831e87ed9e5284f9,gpt-4.1,3438,1071,4509
b1dec58e66dc4740831e87ed9e5284f9,unknown,0,0,0
b1eb0d7cb520426bb75828583627439c,deepseek-chat,2712,1412,4124
b1eb0d7cb520426bb75828583627439c,unknown,0,0,0
b1ed0c0af30441b1ba32af13849fb80a,ark/deepseek-v3,1061,337,1398
b1ed0c0af30441b1ba32af13849fb80a,unknown,0,0,0
b1ef8da3dcbe4ee3ad13d1081485f513,deepseek-chat,925,356,1281
b1ef8da3dcbe4ee3ad13d1081485f513,unknown,0,0,0
b1fd4c693596447b81bcf44cfdd6367a,deepseek-chat,778,370,1148
b1fd4c693596447b81bcf44cfdd6367a,unknown,0,0,0
b1fd6b23334f4a288e88c65d2331ff40,ark/deepseek-v3,467,92,559
b1fd6b23334f4a288e88c65d2331ff40,unknown,0,0,0
b1fdfc00596443769339eca9d074ec3e,deepseek-chat,1055,404,1459
b1fdfc00596443769339eca9d074ec3e,gpt-4.1,941,28,969
b1fdfc00596443769339eca9d074ec3e,unknown,0,0,0
b1ffc30a3b8a4afba57cad14341645eb,deepseek-chat,561,207,768
b1ffc30a3b8a4afba57cad14341645eb,unknown,0,0,0
b20412cc80fb493d954b6c7dcacb06c5,ark/deepseek-v3,5465,1382,6847
b20412cc80fb493d954b6c7dcacb06c5,unknown,0,0,0
b20aa3e0cb2944f3a59beaa844ec82f5,deepseek-chat,1056,444,1500
b20aa3e0cb2944f3a59beaa844ec82f5,unknown,0,0,0
b20b77ddab364438a98b31a71b14ce0f,ark/deepseek-v3,0,0,0
b20b77ddab364438a98b31a71b14ce0f,unknown,0,0,0
b20f14d018d34e48884e71d0825c3483,ark/deepseek-v3-1,528,277,805
b20f14d018d34e48884e71d0825c3483,unknown,0,0,0
b213dd9e03544fac97b908fb8bb51284,ark/deepseek-v3,5171,2115,7286
b213dd9e03544fac97b908fb8bb51284,unknown,0,0,0
b23aea3003d5466aae01fa2d52f879d0,ark/deepseek-v3,8991,2005,10996
b23aea3003d5466aae01fa2d52f879d0,gpt-4.1,646,22,668
b23aea3003d5466aae01fa2d52f879d0,unknown,0,0,0
b23b01229b554361a1c67331bfd58541,ark/deepseek-v3,1785,724,2509
b23b01229b554361a1c67331bfd58541,unknown,0,0,0
b23be6a1d33142c09927aaffc7a98f0f,unknown,0,0,0
b23c126829ff467c94b33fc8746df87b,ark/deepseek-v3,4356,2041,6397
b23c126829ff467c94b33fc8746df87b,unknown,0,0,0
b244ae17f66e4bf1980242706b0d35a4,deepseek-chat,2610,802,3412
b244ae17f66e4bf1980242706b0d35a4,unknown,0,0,0
b24c5ff59cfd448587d7a0066563da40,ark/deepseek-v3,6632,724,7356
b24c5ff59cfd448587d7a0066563da40,unknown,0,0,0
b24dd04dc1c2408fb2ddfa35acad921d,ark/deepseek-v3,1091,323,1414
b24dd04dc1c2408fb2ddfa35acad921d,unknown,0,0,0
b255395567d341e8a9303a8ff01559f7,ark/deepseek-v3,8029,1456,9485
b255395567d341e8a9303a8ff01559f7,unknown,0,0,0
b256d9a885454562aa4e29d77db3d01b,deepseek-chat,862,429,1291
b256d9a885454562aa4e29d77db3d01b,unknown,0,0,0
b2589169c122498c95cc7481cb5a03c8,ark/deepseek-v3,0,0,0
b2589169c122498c95cc7481cb5a03c8,unknown,0,0,0
b25a63eb27b44e2a97a36843c26015da,ark/deepseek-v3,14200,3290,17490
b25a63eb27b44e2a97a36843c26015da,unknown,0,0,0
b262cb29e53d468c8812db799ce1f34d,ark/deepseek-v3,7619,1286,8905
b262cb29e53d468c8812db799ce1f34d,unknown,0,0,0
b268c732e7bd40cc8a407f21a03c7a19,ark/deepseek-v3,6283,1269,7552
b268c732e7bd40cc8a407f21a03c7a19,unknown,0,0,0
b2701a60f5c745caafcb1245aa4ecde0,ark/deepseek-v3,1455,231,1686
b2701a60f5c745caafcb1245aa4ecde0,unknown,0,0,0
b277c42741c64b62add12dc0fe1729e2,ark/deepseek-v3,2981,660,3641
b277c42741c64b62add12dc0fe1729e2,unknown,0,0,0
b27abc88bea1437f9870ff725f4dfe3e,ark/deepseek-v3,2330,1164,3494
b27abc88bea1437f9870ff725f4dfe3e,unknown,0,0,0
b27b950433584b83a10be702570ecbb6,deepseek-chat,0,0,0
b27b950433584b83a10be702570ecbb6,unknown,0,0,0
b27d65214e684c53a0124af04d9cc942,ark/deepseek-v3,0,0,0
b27d65214e684c53a0124af04d9cc942,unknown,0,0,0
b2815dee41574b348018c02fb916c371,ark/deepseek-v3,0,0,0
b2815dee41574b348018c02fb916c371,unknown,0,0,0
b283185a00b64fceb2e2f2bd9b002e29,ark/deepseek-v3,6209,1457,7666
b283185a00b64fceb2e2f2bd9b002e29,gpt-4.1,640,21,661
b283185a00b64fceb2e2f2bd9b002e29,unknown,0,0,0
b29d63154b404685ab1a751219bfba23,ark/deepseek-v3-1,3754,1633,5387
b29d63154b404685ab1a751219bfba23,unknown,0,0,0
b2a0a47d1bbd40249e432fe04a898e16,unknown,0,0,0
b2a10d3f3d1649468fd9cad5eb630bf3,ark/deepseek-v3-1,1405,955,2360
b2a10d3f3d1649468fd9cad5eb630bf3,unknown,0,0,0
b2a83d1cf7a04c388cbd08ae5a815a05,ark/deepseek-v3,5912,1337,7249
b2a83d1cf7a04c388cbd08ae5a815a05,unknown,0,0,0
b2ae9760ef8844158a1219707ce0d152,ark/deepseek-v3,1061,323,1384
b2ae9760ef8844158a1219707ce0d152,unknown,0,0,0
b2aea924febe4536979f6c25c166bf73,ark/deepseek-v3,2857,1397,4254
b2aea924febe4536979f6c25c166bf73,unknown,0,0,0
b2b31fc544f34dbc883ad1b60bfac0cd,deepseek-chat,855,428,1283
b2b31fc544f34dbc883ad1b60bfac0cd,unknown,0,0,0
b2b66d0662ca4d91a6d754567dac290c,deepseek-chat,2460,1141,3601
b2b66d0662ca4d91a6d754567dac290c,unknown,0,0,0
b2b6954a475f48549342a2efc0455e6c,ark/deepseek-v3,1908,1138,3046
b2b6954a475f48549342a2efc0455e6c,unknown,0,0,0
b2b9050500104e44a1569b114719ee82,ark/deepseek-v3,6594,1526,8120
b2b9050500104e44a1569b114719ee82,unknown,0,0,0
b2bd0259e3684b22b2bb896b3fa6ae94,ark/deepseek-v3,701,178,879
b2bd0259e3684b22b2bb896b3fa6ae94,unknown,0,0,0
b2bdce52b8b24bb28e3b5ea84d11b2ce,ark/deepseek-v3,1455,232,1687
b2bdce52b8b24bb28e3b5ea84d11b2ce,unknown,0,0,0
b2c05f6a08c144ffb51d46fe3006de8b,ark/deepseek-v3,1455,192,1647
b2c05f6a08c144ffb51d46fe3006de8b,unknown,0,0,0
b2cbe85342774532b2300f672bd149e2,ark/deepseek-v3,465,109,574
b2cbe85342774532b2300f672bd149e2,unknown,0,0,0
b2cbf4c27d6349c1bcd23df4c0bb65cf,ark/deepseek-v3,5959,673,6632
b2cbf4c27d6349c1bcd23df4c0bb65cf,unknown,0,0,0
b2cde7c85abf4417831a603cf912c111,ark/deepseek-v3-1,2804,908,3712
b2cde7c85abf4417831a603cf912c111,unknown,0,0,0
b2ce89af8adf43f798d5125120949c0b,unknown,0,0,0
b2d1b046c63e4f359fdf042795f80257,deepseek-chat,2163,1598,3761
b2d1b046c63e4f359fdf042795f80257,unknown,0,0,0
b2d4a03c7492448ca460a28c55fda810,deepseek-chat,670,298,968
b2d4a03c7492448ca460a28c55fda810,unknown,0,0,0
b2e41bd976974d8ea0860d9bb24d91e3,ark/deepseek-v3,1834,951,2785
b2e41bd976974d8ea0860d9bb24d91e3,unknown,0,0,0
b2f1de89a0624a1d80564e8139deb796,ark/deepseek-v3,1989,536,2525
b2f1de89a0624a1d80564e8139deb796,deepseek-chat,6475,94,6569
b2f1de89a0624a1d80564e8139deb796,unknown,0,0,0
b2f87d56ea9a4e46a491d7b8867d92d7,deepseek-chat,454,2249,2703
b2f87d56ea9a4e46a491d7b8867d92d7,unknown,0,0,0
b2f8a3f3259841aeb40833f305354073,deepseek-chat,0,0,0
b2f8a3f3259841aeb40833f305354073,unknown,0,0,0
b2fb40f38d9c4954a7fcfeeba3987b57,ark/deepseek-v3,15321,2716,18037
b2fb40f38d9c4954a7fcfeeba3987b57,unknown,0,0,0
b3016c63dd9a40d3bdb2af704c71e856,ark/deepseek-v3,6000,1385,7385
b3016c63dd9a40d3bdb2af704c71e856,unknown,0,0,0
b303412cb5f6499b98392f4948c8b46a,deepseek-chat,2339,945,3284
b303412cb5f6499b98392f4948c8b46a,unknown,0,0,0
b30a8a3e7b9247e5a2004552fcdc3ffc,deepseek-chat,1055,536,1591
b30a8a3e7b9247e5a2004552fcdc3ffc,gpt-4.1,951,28,979
b30a8a3e7b9247e5a2004552fcdc3ffc,unknown,0,0,0
b30f295ba9a34fbf9bf48dfe893ae2c4,deepseek-chat,2103,542,2645
b30f295ba9a34fbf9bf48dfe893ae2c4,unknown,0,0,0
b31e47b8cc8c4cf0bb6db12c39fe5b05,ark/deepseek-v3,758,122,880
b31e47b8cc8c4cf0bb6db12c39fe5b05,unknown,0,0,0
b322b087e28946f787de7f8ec92ca2a0,ark/deepseek-v3,1937,369,2306
b322b087e28946f787de7f8ec92ca2a0,unknown,0,0,0
b3232ba87f6d4c7ca4f46d49dd8bddc4,ark/deepseek-v3,4026,766,4792
b3232ba87f6d4c7ca4f46d49dd8bddc4,unknown,0,0,0
b327c9394ebf426aa1b853dfb1e77289,ark/deepseek-v3-1,528,273,801
b327c9394ebf426aa1b853dfb1e77289,unknown,0,0,0
b329a77ffd044911ab2aa073403f0e54,deepseek-chat,3106,232,3338
b329a77ffd044911ab2aa073403f0e54,unknown,0,0,0
b329af156aff4d91a29ee607b27bd3a7,deepseek-chat,671,356,1027
b329af156aff4d91a29ee607b27bd3a7,unknown,0,0,0
b330d0acffd348d8bdd469f98dd6863c,deepseek-chat,3080,800,3880
b330d0acffd348d8bdd469f98dd6863c,unknown,0,0,0
b33611940e9845f59588c680dd878eb9,unknown,0,0,0
b33ab0f8196c4e62b799158c62459fbb,ark/deepseek-v3-1,1892,926,2818
b33ab0f8196c4e62b799158c62459fbb,gpt-4.1,4194,597,4791
b33ab0f8196c4e62b799158c62459fbb,unknown,0,0,0
b33b836ee4a246f08fa550cb1595463d,ark/deepseek-v3,5315,1187,6502
b33b836ee4a246f08fa550cb1595463d,unknown,0,0,0
b34448bdbff14ed1b063fa61ce214f5d,deepseek-chat,671,359,1030
b34448bdbff14ed1b063fa61ce214f5d,unknown,0,0,0
b34c61f2a04d436db779df082a1c5498,deepseek-chat,561,207,768
b34c61f2a04d436db779df082a1c5498,unknown,0,0,0
b35aa4a8852343c1960caa205887df42,ark/deepseek-v3,622,289,911
b35aa4a8852343c1960caa205887df42,unknown,0,0,0
b35b625dd14e4e3594170322569a5600,ark/deepseek-v3,3144,294,3438
b35b625dd14e4e3594170322569a5600,unknown,0,0,0
b35d4ca1960947a08b000a15d5cde8a1,deepseek-chat,10911,4146,15057
b35d4ca1960947a08b000a15d5cde8a1,unknown,0,0,0
b35e637979ab45efbd9e1dfc599fb942,deepseek-chat,670,357,1027
b35e637979ab45efbd9e1dfc599fb942,unknown,0,0,0
b363ccc3a2a64914bfe077e7af28f374,ark/deepseek-v3,24812,5217,30029
b363ccc3a2a64914bfe077e7af28f374,unknown,0,0,0
b3656d5e6c5b4fdeaee5288b37af88d7,ark/deepseek-v3,14032,2738,16770
b3656d5e6c5b4fdeaee5288b37af88d7,unknown,0,0,0
b367f1218dfb4c51bec665104a133434,ark/deepseek-v3,2399,439,2838
b367f1218dfb4c51bec665104a133434,unknown,0,0,0
b3846afd3e7c4af6b416158a89c6f952,deepseek-chat,0,0,0
b3846afd3e7c4af6b416158a89c6f952,unknown,0,0,0
b3922a6e51e3439297c02e0a7d538849,deepseek-chat,742,353,1095
b3922a6e51e3439297c02e0a7d538849,unknown,0,0,0
b39cb6e60f3a4f06ad49266056ae28db,ark/deepseek-v3,0,0,0
b39cb6e60f3a4f06ad49266056ae28db,unknown,0,0,0
b3a20df5bf9142b09006d999cb26dac3,deepseek-chat,670,327,997
b3a20df5bf9142b09006d999cb26dac3,unknown,0,0,0
b3a378e7d37c4c90a44cce1ff9854cce,ark/deepseek-v3,467,96,563
b3a378e7d37c4c90a44cce1ff9854cce,unknown,0,0,0
b3b382e300c64622a43638d7c8ddf860,ark/deepseek-v3,6000,1045,7045
b3b382e300c64622a43638d7c8ddf860,unknown,0,0,0
b3b678b7681048848509c52262690ac5,ark/deepseek-v3,2224,1117,3341
b3b678b7681048848509c52262690ac5,unknown,0,0,0
b3b9bd50d13046f6b60903fbdc4d51a1,ark/deepseek-v3,14032,2745,16777
b3b9bd50d13046f6b60903fbdc4d51a1,unknown,0,0,0
b3bb27ae58ca4e288c10751a3dbfa6b4,ark/deepseek-v3,6986,1076,8062
b3bb27ae58ca4e288c10751a3dbfa6b4,unknown,0,0,0
b3bdb9046361427080485994ada2b642,ark/deepseek-v3,6931,1477,8408
b3bdb9046361427080485994ada2b642,deepseek-chat,15718,334,16052
b3bdb9046361427080485994ada2b642,unknown,0,0,0
b3be66d2f31f4ca28330e9e887a17d08,deepseek-chat,670,356,1026
b3be66d2f31f4ca28330e9e887a17d08,unknown,0,0,0
b3c872eaedfc4582b4b99e716867e124,ark/deepseek-v3-1,1405,895,2300
b3c872eaedfc4582b4b99e716867e124,unknown,0,0,0
b3ca25828e8640d19d361554938b73b3,ark/deepseek-v3,467,143,610
b3ca25828e8640d19d361554938b73b3,unknown,0,0,0
b3d90211083b4da98d9c17366bee1414,deepseek-chat,1569,426,1995
b3d90211083b4da98d9c17366bee1414,unknown,0,0,0
b3ddb97b4ddf40889e7db99b5bd148ff,deepseek-chat,6072,1843,7915
b3ddb97b4ddf40889e7db99b5bd148ff,unknown,0,0,0
b3e0dd368e7a47fcaf0e3d28f3db4679,deepseek-chat,1362,662,2024
b3e0dd368e7a47fcaf0e3d28f3db4679,unknown,0,0,0
b3e312d0700848019efe6602df1163cc,ark/deepseek-v3,1429,217,1646
b3e312d0700848019efe6602df1163cc,unknown,0,0,0
b3e4489b3886415eb68ac377d58ec920,deepseek-chat,670,347,1017
b3e4489b3886415eb68ac377d58ec920,unknown,0,0,0
b3e6ae93fa8247359e4e58e32c9827d3,deepseek-chat,932,230,1162
b3e6ae93fa8247359e4e58e32c9827d3,gpt-4.1,672,262,934
b3e6ae93fa8247359e4e58e32c9827d3,unknown,0,0,0
b3e9b22e125143b4a816cebc72544bfa,ark/deepseek-v3-1,1405,793,2198
b3e9b22e125143b4a816cebc72544bfa,unknown,0,0,0
b3ecfb1fec9e4eed99fe2836e410f6d7,ark/deepseek-v3,833,165,998
b3ecfb1fec9e4eed99fe2836e410f6d7,unknown,0,0,0
b3ef8e70771148b795ae622906403904,deepseek-chat,670,346,1016
b3ef8e70771148b795ae622906403904,unknown,0,0,0
b3f1c48f65704792af56b95905ce6329,ark/deepseek-v3,701,170,871
b3f1c48f65704792af56b95905ce6329,unknown,0,0,0
b3f47c21090a4314ae0e38a1153fafd2,ark/deepseek-v3,2982,658,3640
b3f47c21090a4314ae0e38a1153fafd2,unknown,0,0,0
b3f61d5ac65e459792745a55403f6001,deepseek-chat,671,359,1030
b3f61d5ac65e459792745a55403f6001,unknown,0,0,0
b3f6e189edee4d17b9d1221d75f64817,ark/deepseek-v3,701,198,899
b3f6e189edee4d17b9d1221d75f64817,unknown,0,0,0
b4158797a4cc4bc3a55dbdc2afa3f6e9,ark/deepseek-v3,467,92,559
b4158797a4cc4bc3a55dbdc2afa3f6e9,unknown,0,0,0
b41d35b7ed9d4474bd9f2c48c1e37667,deepseek-chat,561,207,768
b41d35b7ed9d4474bd9f2c48c1e37667,unknown,0,0,0
b41e2d9bd5d744508a77ecd691ccafb7,ark/deepseek-v3,1060,395,1455
b41e2d9bd5d744508a77ecd691ccafb7,unknown,0,0,0
b42816f26dbf4a28a62a788d4ab5c22c,ark/deepseek-v3,701,175,876
b42816f26dbf4a28a62a788d4ab5c22c,unknown,0,0,0
b443e8cee5d64558b3414d5e196ec944,ark/deepseek-v3,4122,1256,5378
b443e8cee5d64558b3414d5e196ec944,unknown,0,0,0
b4493806375f435aaaa5ad6305a94a29,ark/deepseek-v3,2304,347,2651
b4493806375f435aaaa5ad6305a94a29,unknown,0,0,0
b44c06bb77aa447985ace017cee2b393,ark/deepseek-v3,2044,1008,3052
b44c06bb77aa447985ace017cee2b393,unknown,0,0,0
b456f01349f74886a2ea1e5ee31a9e5d,deepseek-chat,0,0,0
b456f01349f74886a2ea1e5ee31a9e5d,unknown,0,0,0
b45f9938be1449d799947aea494fd15a,ark/deepseek-v3,0,0,0
b45f9938be1449d799947aea494fd15a,unknown,0,0,0
b46a76f355f94ffcb7bf74219c511cbb,ark/deepseek-v3,4588,1298,5886
b46a76f355f94ffcb7bf74219c511cbb,unknown,0,0,0
b46c09aa9ffc4b1cb7cdab110397b537,ark/kimi-k2,7947,1370,9317
b46c09aa9ffc4b1cb7cdab110397b537,unknown,0,0,0
b481aaeb1d784e73aa9d64f86cddb200,ark/deepseek-v3,6131,1902,8033
b481aaeb1d784e73aa9d64f86cddb200,gpt-4.1,644,23,667
b481aaeb1d784e73aa9d64f86cddb200,unknown,0,0,0
b484aff9a2f24e0698695e30a29fb7c2,ark/deepseek-v3-1,16664,1603,18267
b484aff9a2f24e0698695e30a29fb7c2,unknown,0,0,0
b48b8b88a81740aaa74f3faa7c33420f,ark/deepseek-v3-1,1405,840,2245
b48b8b88a81740aaa74f3faa7c33420f,unknown,0,0,0
b48c08876485487b9818bf30f3b94063,deepseek-chat,0,0,0
b48c08876485487b9818bf30f3b94063,unknown,0,0,0
b48cf911d97040568deb0c6c0e10b26d,deepseek-chat,1435,1150,2585
b48cf911d97040568deb0c6c0e10b26d,unknown,0,0,0
b48d0860592842d8a71cb07f447af0b9,ark/deepseek-v3,0,0,0
b48d0860592842d8a71cb07f447af0b9,unknown,0,0,0
b49343ce6f4c470ab40acc4a0e4d51b5,unknown,0,0,0
b497e7d843e14de197df0408f1cb2b4a,ark/deepseek-v3,701,176,877
b497e7d843e14de197df0408f1cb2b4a,unknown,0,0,0
b4a05593d5a04f5c85308b9dda4e2af9,ark/deepseek-v3,2361,470,2831
b4a05593d5a04f5c85308b9dda4e2af9,unknown,0,0,0
b4ab7c7d185c4bc0a7a60bbdaf3a5ac2,ark/deepseek-v3,4390,1075,5465
b4ab7c7d185c4bc0a7a60bbdaf3a5ac2,unknown,0,0,0
b4b26622544f4c10a80c29e5328a073c,deepseek-chat,955,275,1230
b4b26622544f4c10a80c29e5328a073c,unknown,0,0,0
b4b6e469f66f4508855b02b0a90ef418,ark/deepseek-v3,14012,2639,16651
b4b6e469f66f4508855b02b0a90ef418,unknown,0,0,0
b4bcb4a5ca1a4be9807da0cbbb1ff10f,ark/deepseek-v3,1459,796,2255
b4bcb4a5ca1a4be9807da0cbbb1ff10f,unknown,0,0,0
b4c3494d2f6141c292f1989b081d23de,ark/deepseek-v3,1455,204,1659
b4c3494d2f6141c292f1989b081d23de,unknown,0,0,0
b4c4e0530ea34a0a943f20d959a17ab8,deepseek-chat,0,0,0
b4c4e0530ea34a0a943f20d959a17ab8,unknown,0,0,0
b4c999c80e3845df96d035adfaedb61f,ark/deepseek-v3,1455,194,1649
b4c999c80e3845df96d035adfaedb61f,unknown,0,0,0
b4c9ec0f0feb40f0b298d22902adbafd,ark/deepseek-v3,467,97,564
b4c9ec0f0feb40f0b298d22902adbafd,unknown,0,0,0
b4d03546cfcf4294ba68a8aa6a9c6087,ark/deepseek-v3,1821,66,1887
b4d03546cfcf4294ba68a8aa6a9c6087,deepseek-chat,2473,1481,3954
b4d03546cfcf4294ba68a8aa6a9c6087,unknown,0,0,0
b4d1f5872ee641dab57255e0718aed31,ark/deepseek-v3,1891,1060,2951
b4d1f5872ee641dab57255e0718aed31,unknown,0,0,0
b4df029d065f4f068a66b2725ee2896f,ark/deepseek-v3,467,92,559
b4df029d065f4f068a66b2725ee2896f,unknown,0,0,0
b4df468a4d884064bbea65dd46c7437d,deepseek-chat,1737,708,2445
b4df468a4d884064bbea65dd46c7437d,gpt-4.1,2965,545,3510
b4df468a4d884064bbea65dd46c7437d,unknown,0,0,0
b4e0fdf5f9df4b3d89905d553c4e272b,ark/deepseek-v3,758,116,874
b4e0fdf5f9df4b3d89905d553c4e272b,unknown,0,0,0
b4e1bd9be132432294528d0199646fa7,ark/deepseek-v3,467,143,610
b4e1bd9be132432294528d0199646fa7,unknown,0,0,0
b4e2b857f89c451480a1fb7784956428,ark/deepseek-v3,2447,1395,3842
b4e2b857f89c451480a1fb7784956428,unknown,0,0,0
b4f42aefc07e409999efdbb8a9d53812,ark/deepseek-v3,3143,283,3426
b4f42aefc07e409999efdbb8a9d53812,unknown,0,0,0
b5041066dcf648f7b2b6211c3e57dc47,deepseek-chat,2158,1050,3208
b5041066dcf648f7b2b6211c3e57dc47,unknown,0,0,0
b5079f5f45784b06a720e016bd9fbd11,deepseek-chat,2153,372,2525
b5079f5f45784b06a720e016bd9fbd11,unknown,0,0,0
b525477079f74bbdb3b0659dc13da1df,ark/deepseek-v3-1,2811,1145,3956
b525477079f74bbdb3b0659dc13da1df,unknown,0,0,0
b5308c14f675467681c5c92a3235ab5d,deepseek-chat,0,0,0
b5308c14f675467681c5c92a3235ab5d,unknown,0,0,0
b537f1d70444421886fd7d6cc463ec0a,ark/deepseek-v3,1088,343,1431
b537f1d70444421886fd7d6cc463ec0a,unknown,0,0,0
b539a95668324a48890085993adc5610,ark/deepseek-v3,0,0,0
b539a95668324a48890085993adc5610,unknown,0,0,0
b543e3aa2a9342bdbd7c05c4bd80aa51,deepseek-chat,671,360,1031
b543e3aa2a9342bdbd7c05c4bd80aa51,unknown,0,0,0
b5470cbce45c405f8ddab32908526653,ark/deepseek-v3,4588,1035,5623
b5470cbce45c405f8ddab32908526653,unknown,0,0,0
b547dd0b3fb44e3cb51ff0e1ebcb913c,ark/deepseek-v3,3683,1524,5207
b547dd0b3fb44e3cb51ff0e1ebcb913c,unknown,0,0,0
b54913d89c6744409ee6c929e498ca08,deepseek-chat,3779,1399,5178
b54913d89c6744409ee6c929e498ca08,gpt-4.1,4092,945,5037
b54913d89c6744409ee6c929e498ca08,unknown,0,0,0
b54aa62990214e8b9ef849e0f348674f,deepseek-chat,3914,1922,5836
b54aa62990214e8b9ef849e0f348674f,gpt-4.1,3950,1012,4962
b54aa62990214e8b9ef849e0f348674f,unknown,0,0,0
b54f552c407240f2992981b783dc5742,deepseek-chat,670,362,1032
b54f552c407240f2992981b783dc5742,unknown,0,0,0
b551daa6677f418d825278691a458a77,ark/deepseek-v3,1168,593,1761
b551daa6677f418d825278691a458a77,unknown,0,0,0
b553ee5ae5ba4e2aa3e81676d0c8e993,deepseek-chat,671,365,1036
b553ee5ae5ba4e2aa3e81676d0c8e993,unknown,0,0,0
b55576e6067d4f7e8e4d6c42c0c153f2,ark/deepseek-v3,6256,1305,7561
b55576e6067d4f7e8e4d6c42c0c153f2,unknown,0,0,0
b555d98f38c64e079f776c69b1242cb4,ark/deepseek-v3-1,1405,880,2285
b555d98f38c64e079f776c69b1242cb4,unknown,0,0,0
b557e7b6bcee4ffaacdf64b41a14ace9,unknown,0,0,0
b559fa8334c24c378299bc614c7dbb9c,deepseek-chat,0,0,0
b559fa8334c24c378299bc614c7dbb9c,unknown,0,0,0
b55c0ae536324bfeb46f9d24526d4630,deepseek-chat,786,372,1158
b55c0ae536324bfeb46f9d24526d4630,unknown,0,0,0
b5614a789fc546a68f887adfc92501fe,deepseek-chat,1042,408,1450
b5614a789fc546a68f887adfc92501fe,gpt-4.1,941,28,969
b5614a789fc546a68f887adfc92501fe,unknown,0,0,0
b56b40372ba241b38fdbef5dbc58a24c,ark/deepseek-v3,4733,991,5724
b56b40372ba241b38fdbef5dbc58a24c,unknown,0,0,0
b5709d81b0fe48998b9be83592de8173,deepseek-chat,1269,799,2068
b5709d81b0fe48998b9be83592de8173,unknown,0,0,0
b5787ab58c6b4031a350dc8db55d6397,ark/deepseek-v3,1805,625,2430
b5787ab58c6b4031a350dc8db55d6397,unknown,0,0,0
b57ff1aa7dc84b32b8a32a144b070120,ark/deepseek-v3,2304,312,2616
b57ff1aa7dc84b32b8a32a144b070120,unknown,0,0,0
b584620cb4024ebaa57283d5b72d8017,ark/deepseek-v3-1,3857,1462,5319
b584620cb4024ebaa57283d5b72d8017,unknown,0,0,0
b5852830573a4db88121617d244fbb9d,ark/deepseek-v3,1455,208,1663
b5852830573a4db88121617d244fbb9d,unknown,0,0,0
b588fbc8af0e446483b63dd3082b7c32,ark/kimi-k2,7217,1071,8288
b588fbc8af0e446483b63dd3082b7c32,unknown,0,0,0
b5894f8e19a64b45b932925b351de106,deepseek-chat,561,228,789
b5894f8e19a64b45b932925b351de106,unknown,0,0,0
b58c7759abcb45baa58181d1e9ed76d6,ark/deepseek-v3,6171,1765,7936
b58c7759abcb45baa58181d1e9ed76d6,gpt-4.1,643,22,665
b58c7759abcb45baa58181d1e9ed76d6,unknown,0,0,0
b59908b944a54f8f96c04b879f9a4e15,ark/deepseek-v3,4810,928,5738
b59908b944a54f8f96c04b879f9a4e15,unknown,0,0,0
b59a211abfbd4e21b8adcae31fa469d8,deepseek-chat,561,207,768
b59a211abfbd4e21b8adcae31fa469d8,unknown,0,0,0
b59b1387039d443db49d11d828684374,ark/deepseek-v3,1841,716,2557
b59b1387039d443db49d11d828684374,unknown,0,0,0
b59c71b062534766a3ce773a84e87b20,ark/deepseek-v3,1251,239,1490
b59c71b062534766a3ce773a84e87b20,unknown,0,0,0
b59c82921d35440aa90c987b9e6f0c74,ark/deepseek-v3,3082,579,3661
b59c82921d35440aa90c987b9e6f0c74,unknown,0,0,0
b59d2794296f4f46ac8093f707a99525,ark/deepseek-v3,487,80,567
b59d2794296f4f46ac8093f707a99525,unknown,0,0,0
b5a780cdc3a646ac92c0d21e00db2210,ark/deepseek-v3,6000,926,6926
b5a780cdc3a646ac92c0d21e00db2210,unknown,0,0,0
b5abc3b9ce4e4bc7897ad41717752d89,deepseek-chat,5416,2181,7597
b5abc3b9ce4e4bc7897ad41717752d89,unknown,0,0,0
b5b3af4f6a334b1481e38a777f9c5b47,ark/deepseek-v3,1849,678,2527
b5b3af4f6a334b1481e38a777f9c5b47,unknown,0,0,0
b5b6714c2a854034975c3df4c969412e,ark/deepseek-v3,467,82,549
b5b6714c2a854034975c3df4c969412e,unknown,0,0,0
b5c9f980ee2a45b89a65187ef497f451,ark/deepseek-v3-1,528,214,742
b5c9f980ee2a45b89a65187ef497f451,unknown,0,0,0
b5cc50f10c6f4822ad3037dba3918f44,deepseek-chat,2108,1556,3664
b5cc50f10c6f4822ad3037dba3918f44,unknown,0,0,0
b5ceaa2781264435a583eb9679f4eb28,deepseek-chat,1172,656,1828
b5ceaa2781264435a583eb9679f4eb28,unknown,0,0,0
b5cf0a57c51547f4822c38d0366bd76e,ark/deepseek-v3,1455,205,1660
b5cf0a57c51547f4822c38d0366bd76e,unknown,0,0,0
b5d22070fd984368908ff1288fd9f6bb,deepseek-chat,671,435,1106
b5d22070fd984368908ff1288fd9f6bb,unknown,0,0,0
b5db413ec3424627809b7203603c54e8,ark/deepseek-v3,467,96,563
b5db413ec3424627809b7203603c54e8,unknown,0,0,0
b5dbc33c258048f98a668ccd2ecf84fe,ark/deepseek-v3-1,1405,803,2208
b5dbc33c258048f98a668ccd2ecf84fe,unknown,0,0,0
b5dbec800c93485ba531db2df0bef22f,deepseek-chat,1054,526,1580
b5dbec800c93485ba531db2df0bef22f,gpt-4.1,945,27,972
b5dbec800c93485ba531db2df0bef22f,unknown,0,0,0
b5de6ed89a80440d94dcf4600c2b8fe2,ark/deepseek-v3,6639,710,7349
b5de6ed89a80440d94dcf4600c2b8fe2,unknown,0,0,0
b5e7c8e0eaa44ee7b925e1563b12d6fe,ark/deepseek-v3,1089,328,1417
b5e7c8e0eaa44ee7b925e1563b12d6fe,unknown,0,0,0
b5eafe4ba4e94985a1dd50515f08f4a1,ark/deepseek-v3,465,95,560
b5eafe4ba4e94985a1dd50515f08f4a1,deepseek-chat,6134,71,6205
b5eafe4ba4e94985a1dd50515f08f4a1,unknown,0,0,0
b5ed90e9e498422c8f7880a90b4166f9,ark/deepseek-v3-1,1126,143,1269
b5ed90e9e498422c8f7880a90b4166f9,unknown,0,0,0
b5f65279602c41b1a0178621d8abf78f,ark/deepseek-v3,6639,688,7327
b5f65279602c41b1a0178621d8abf78f,unknown,0,0,0
b5f98e5806e64a44a4c9d3e2f3911a65,deepseek-chat,561,206,767
b5f98e5806e64a44a4c9d3e2f3911a65,unknown,0,0,0
b5fa48104924413981a8b103038218e2,ark/deepseek-v3,1795,998,2793
b5fa48104924413981a8b103038218e2,unknown,0,0,0
b5fc21ec6d884d4b93f9a47298a783ba,ark/deepseek-v3,682,315,997
b5fc21ec6d884d4b93f9a47298a783ba,unknown,0,0,0
b604f733c7b842d5ac5207eb78755661,deepseek-chat,1458,592,2050
b604f733c7b842d5ac5207eb78755661,unknown,0,0,0
b606a99f660c402a8e36f3114a5cf6c2,ark/deepseek-v3-1,1894,991,2885
b606a99f660c402a8e36f3114a5cf6c2,gpt-4.1,1063,29,1092
b606a99f660c402a8e36f3114a5cf6c2,unknown,0,0,0
b60dd94b661441d7b88026f8537021fd,ark/deepseek-v3-1,0,0,0
b60dd94b661441d7b88026f8537021fd,unknown,0,0,0
b610c3b0868c4d188f99f2a4e5775d28,ark/deepseek-v3,2091,449,2540
b610c3b0868c4d188f99f2a4e5775d28,unknown,0,0,0
b611542a33fb4c18ab281c73cf4a1ab9,ark/deepseek-v3,3929,1398,5327
b611542a33fb4c18ab281c73cf4a1ab9,unknown,0,0,0
b611607973c24d43a6321d17bc9c6393,ark/deepseek-v3,701,181,882
b611607973c24d43a6321d17bc9c6393,unknown,0,0,0
b6146290a5d34524a0e9b7385a743fa7,ark/deepseek-v3,2344,1162,3506
b6146290a5d34524a0e9b7385a743fa7,unknown,0,0,0
b6158a93bf7a4b1e9f3edc60dd2150ac,ark/deepseek-v3,0,0,0
b6158a93bf7a4b1e9f3edc60dd2150ac,unknown,0,0,0
b619afd2b0364d62845ba540bac2d17c,ark/deepseek-v3-1,1405,915,2320
b619afd2b0364d62845ba540bac2d17c,unknown,0,0,0
b61d20a6edd24d469f9788a8925f1392,deepseek-chat,681,269,950
b61d20a6edd24d469f9788a8925f1392,unknown,0,0,0
b63484259e87492d9212c7c31da7517e,ark/deepseek-v3,835,135,970
b63484259e87492d9212c7c31da7517e,unknown,0,0,0
b6407e4c17834c79b32148c1fcce7ff0,ark/deepseek-v3,3940,1537,5477
b6407e4c17834c79b32148c1fcce7ff0,unknown,0,0,0
b64199dcdb7e4e559d575ce8218d9613,ark/deepseek-v3,1509,889,2398
b64199dcdb7e4e559d575ce8218d9613,unknown,0,0,0
b647078f8ff2402487930f0ae3294deb,ark/kimi-k2,1702,110,1812
b647078f8ff2402487930f0ae3294deb,gpt-4.1,1253,27,1280
b647078f8ff2402487930f0ae3294deb,unknown,0,0,0
b6481fab435a4d2e9cffbbede2f0d499,ark/deepseek-v3,701,176,877
b6481fab435a4d2e9cffbbede2f0d499,unknown,0,0,0
b653a0e6c5904b6fb5d915d6617bfe41,deepseek-chat,3347,1288,4635
b653a0e6c5904b6fb5d915d6617bfe41,gpt-4.1,3366,860,4226
b653a0e6c5904b6fb5d915d6617bfe41,unknown,0,0,0
b65467980a3a42e090cbab901782cadb,ark/deepseek-v3,467,93,560
b65467980a3a42e090cbab901782cadb,unknown,0,0,0
b66de14bdb3a4962bd1cdb5f8dc95b1a,ark/deepseek-v3,6266,1724,7990
b66de14bdb3a4962bd1cdb5f8dc95b1a,gpt-4.1,682,60,742
b66de14bdb3a4962bd1cdb5f8dc95b1a,unknown,0,0,0
b66e2a744dd24f82bbbd696d51279d89,ark/deepseek-v3,6216,1670,7886
b66e2a744dd24f82bbbd696d51279d89,gpt-4.1,647,28,675
b66e2a744dd24f82bbbd696d51279d89,unknown,0,0,0
b67babfe5e5b45f6b9316bc735e52b57,ark/deepseek-v3,467,85,552
b67babfe5e5b45f6b9316bc735e52b57,unknown,0,0,0
b68e2fd806bd483f8546a35ebdd99396,ark/deepseek-v3-1,1405,823,2228
b68e2fd806bd483f8546a35ebdd99396,unknown,0,0,0
b6918d6a2f1045058b41a7cc175e594a,ark/deepseek-v3,4020,666,4686
b6918d6a2f1045058b41a7cc175e594a,unknown,0,0,0
b694ed4efea346a4b4753f1b475f1703,ark/deepseek-v3,3438,1430,4868
b694ed4efea346a4b4753f1b475f1703,unknown,0,0,0
b6984a7704a1404a859f1b861a2aa946,ark/deepseek-v3,1626,824,2450
b6984a7704a1404a859f1b861a2aa946,unknown,0,0,0
b69e808a5fe2495297780c1f55faeab0,ark/deepseek-v3,1455,201,1656
b69e808a5fe2495297780c1f55faeab0,deepseek-chat,210,662,872
b69e808a5fe2495297780c1f55faeab0,unknown,0,0,0
b6b4c12987394c3dae7bb2f5537a48b5,ark/deepseek-v3,6125,1740,7865
b6b4c12987394c3dae7bb2f5537a48b5,gpt-4.1,641,20,661
b6b4c12987394c3dae7bb2f5537a48b5,unknown,0,0,0
b6b4ff0711d24aa98f56865a05b48831,ark/deepseek-v3,1455,244,1699
b6b4ff0711d24aa98f56865a05b48831,unknown,0,0,0
b6c37538173b406886f8e57be190d0cc,ark/deepseek-v3-1,1405,857,2262
b6c37538173b406886f8e57be190d0cc,unknown,0,0,0
b6c65c31ca8f499294b21897da68d009,ark/deepseek-v3,2634,872,3506
b6c65c31ca8f499294b21897da68d009,gpt-4.1,5224,1249,6473
b6c65c31ca8f499294b21897da68d009,unknown,0,0,0
b6d2415f03204756bf1adbad58b4be75,ark/deepseek-v3,8676,1930,10606
b6d2415f03204756bf1adbad58b4be75,unknown,0,0,0
b6d4eb9186654ac2945c34319b2005fa,deepseek-chat,1367,401,1768
b6d4eb9186654ac2945c34319b2005fa,unknown,0,0,0
b6de38309f974599accac70b0321ce7d,deepseek-chat,1386,371,1757
b6de38309f974599accac70b0321ce7d,unknown,0,0,0
b6df9ba3b76e4cfda63a9f855a6562b5,ark/deepseek-v3-1,922,291,1213
b6df9ba3b76e4cfda63a9f855a6562b5,unknown,0,0,0
b6e4c56fbc31426c9dda0116038d168f,ark/deepseek-v3,3144,298,3442
b6e4c56fbc31426c9dda0116038d168f,unknown,0,0,0
b6e9743e3ca9491c85f9226723f77c5a,ark/deepseek-v3,1828,823,2651
b6e9743e3ca9491c85f9226723f77c5a,unknown,0,0,0
b6f41513361d400da9a8ed893db650e1,unknown,0,0,0
b6f9c56e79e14570b03cff8ba4d5a718,ark/deepseek-v3,1455,202,1657
b6f9c56e79e14570b03cff8ba4d5a718,unknown,0,0,0
b7029c225bab4106b7b564a1215c1a87,ark/deepseek-v3,9043,1078,10121
b7029c225bab4106b7b564a1215c1a87,deepseek-chat,4659,105,4764
b7029c225bab4106b7b564a1215c1a87,unknown,0,0,0
b7053692e62b45f9b9abe9e6a92628b1,ark/deepseek-v3,701,182,883
b7053692e62b45f9b9abe9e6a92628b1,unknown,0,0,0
b707f63357a047038e442a3bdba076b5,ark/deepseek-v3,3143,319,3462
b707f63357a047038e442a3bdba076b5,unknown,0,0,0
b70c06c79cf54f0ebf09719e5abaad1e,ark/deepseek-v3,1251,216,1467
b70c06c79cf54f0ebf09719e5abaad1e,unknown,0,0,0
b70fd53d6c144a8abc1d78f1c6214946,ark/deepseek-v3-1,1841,801,2642
b70fd53d6c144a8abc1d78f1c6214946,deepseek-chat,1711,1084,2795
b70fd53d6c144a8abc1d78f1c6214946,gpt-4.1,2436,380,2816
b70fd53d6c144a8abc1d78f1c6214946,unknown,0,0,0
b71a310344d5402abb84512f82533fa5,ark/deepseek-v3,5324,835,6159
b71a310344d5402abb84512f82533fa5,unknown,0,0,0
b71c081b35384be4ae499c4140d8e451,ark/deepseek-v3-1,1405,834,2239
b71c081b35384be4ae499c4140d8e451,unknown,0,0,0
b7230b000ada4417b89a6041545a1c0c,ark/kimi-k2,1069,730,1799
b7230b000ada4417b89a6041545a1c0c,unknown,0,0,0
b7275c3a92d54c608cd7bab5f252211a,ark/deepseek-v3,465,97,562
b7275c3a92d54c608cd7bab5f252211a,unknown,0,0,0
b728bc0f6dbb4b278ab9440d605ef640,deepseek-chat,1747,1058,2805
b728bc0f6dbb4b278ab9440d605ef640,unknown,0,0,0
b728f83bc0e8482cb7195ef730b36426,ark/deepseek-v3,1455,185,1640
b728f83bc0e8482cb7195ef730b36426,unknown,0,0,0
b72911660fd84d98b96a34089d16a986,ark/deepseek-v3,4201,719,4920
b72911660fd84d98b96a34089d16a986,unknown,0,0,0
b7311bcb6c4044769514ddcdfb496517,ark/deepseek-v3,1455,197,1652
b7311bcb6c4044769514ddcdfb496517,unknown,0,0,0
b73395ea4c6d4e6792aabd3cb3a52686,deepseek-chat,2632,688,3320
b73395ea4c6d4e6792aabd3cb3a52686,unknown,0,0,0
b73a2e1ac28b4208948e448b5467ab53,ark/deepseek-v3,3896,460,4356
b73a2e1ac28b4208948e448b5467ab53,unknown,0,0,0
b73fc620887b476b87117f367d0a9b5b,ark/deepseek-v3,8836,943,9779
b73fc620887b476b87117f367d0a9b5b,deepseek-chat,2697,187,2884
b73fc620887b476b87117f367d0a9b5b,unknown,0,0,0
b744f9c2f8ae46d9965f1991e07759b5,ark/deepseek-v3,701,177,878
b744f9c2f8ae46d9965f1991e07759b5,unknown,0,0,0
b74b4e7b84a541a0bf0ed4d990cb1c52,ark/deepseek-v3,11494,2094,13588
b74b4e7b84a541a0bf0ed4d990cb1c52,unknown,0,0,0
b74e612ab22141308831104c9b038fd2,ark/deepseek-v3,5675,1135,6810
b74e612ab22141308831104c9b038fd2,unknown,0,0,0
b74f09e7318d4588b573bb3ab55f0d22,ark/deepseek-v3,1455,246,1701
b74f09e7318d4588b573bb3ab55f0d22,unknown,0,0,0
b75b6446792b4b408cb7d02a0931b41f,ark/deepseek-v3-1,4676,2481,7157
b75b6446792b4b408cb7d02a0931b41f,gpt-4.1,4444,944,5388
b75b6446792b4b408cb7d02a0931b41f,unknown,0,0,0
b760a433ddae413f8b892c318bd6d2b4,ark/deepseek-v3,14007,2682,16689
b760a433ddae413f8b892c318bd6d2b4,unknown,0,0,0
b76255327ac64a2786dd1cf38455c53c,ark/deepseek-v3,2615,295,2910
b76255327ac64a2786dd1cf38455c53c,deepseek-chat,4124,103,4227
b76255327ac64a2786dd1cf38455c53c,unknown,0,0,0
b76ed3005c1547d18dafb994e3669246,ark/deepseek-v3,701,414,1115
b76ed3005c1547d18dafb994e3669246,unknown,0,0,0
b77658eb2f8f47d28af590aa5b605fa1,deepseek-chat,561,206,767
b77658eb2f8f47d28af590aa5b605fa1,unknown,0,0,0
b777ded97c8b4c53a4faa29947ca472c,ark/deepseek-v3,1251,217,1468
b777ded97c8b4c53a4faa29947ca472c,unknown,0,0,0
b77a6b77b885468b964377af9871a3bb,deepseek-chat,2596,1765,4361
b77a6b77b885468b964377af9871a3bb,unknown,0,0,0
b77c042edd074a7798c13c2c0e89e895,ark/deepseek-v3,701,179,880
b77c042edd074a7798c13c2c0e89e895,unknown,0,0,0
b7803abe6535445997e85c297d166a7e,unknown,0,0,0
b780aea40e394ac5b7451549d05c0a4a,deepseek-chat,50,2256,2306
b780aea40e394ac5b7451549d05c0a4a,unknown,0,0,0
b784c57918a74b10bdced182ef71aeac,ark/deepseek-v3,467,95,562
b784c57918a74b10bdced182ef71aeac,unknown,0,0,0
b7853c02529243cca0d1ffe84fe0b54c,ark/deepseek-v3,8304,1690,9994
b7853c02529243cca0d1ffe84fe0b54c,unknown,0,0,0
b78d17f8847c4c7d8bb7fbcaafc2b5f9,deepseek-chat,689,270,959
b78d17f8847c4c7d8bb7fbcaafc2b5f9,unknown,0,0,0
b7953000ecae4a26a5b9060a4e9dd3ef,ark/deepseek-v3,1837,364,2201
b7953000ecae4a26a5b9060a4e9dd3ef,unknown,0,0,0
b796810636f04e51be24464fa975909a,ark/deepseek-v3-1,1405,1000,2405
b796810636f04e51be24464fa975909a,unknown,0,0,0
b79f16f8cb4948a7bca9fb78bf3210a1,deepseek-chat,561,206,767
b79f16f8cb4948a7bca9fb78bf3210a1,unknown,0,0,0
b79fcc156ae444f88be2f5b11fce6cbf,deepseek-chat,1428,462,1890
b79fcc156ae444f88be2f5b11fce6cbf,unknown,0,0,0
b7a6d0a5400b4dd68db6d66421534c2d,deepseek-chat,0,0,0
b7a6d0a5400b4dd68db6d66421534c2d,unknown,0,0,0
b7ab536d708b4765b3e8763cce5c0ba6,ark/deepseek-v3-1,528,248,776
b7ab536d708b4765b3e8763cce5c0ba6,unknown,0,0,0
b7b7c5c2bc944c739716a0791c4a1e63,ark/deepseek-v3-1,1112,489,1601
b7b7c5c2bc944c739716a0791c4a1e63,unknown,0,0,0
b7bb745c9010491baed006c584653f72,deepseek-chat,885,377,1262
b7bb745c9010491baed006c584653f72,unknown,0,0,0
b7bec22e3c1d4871aaae78647ad25e00,ark/deepseek-v3,701,176,877
b7bec22e3c1d4871aaae78647ad25e00,unknown,0,0,0
b7bf681be2f942feb2a9a1d193937180,ark/deepseek-v3,467,91,558
b7bf681be2f942feb2a9a1d193937180,unknown,0,0,0
b7c4e6f52ceb4d4788605e18abc9b91a,ark/deepseek-v3,4398,1052,5450
b7c4e6f52ceb4d4788605e18abc9b91a,unknown,0,0,0
b7c8c3b7eb314ee4a188d07ec895dede,ark/deepseek-v3,701,175,876
b7c8c3b7eb314ee4a188d07ec895dede,unknown,0,0,0
b7cb1e481db643e084255d767c5b83c1,deepseek-chat,671,374,1045
b7cb1e481db643e084255d767c5b83c1,unknown,0,0,0
b7cd42efe7c64628bed0e3ba31153eee,ark/deepseek-v3-1,2823,1137,3960
b7cd42efe7c64628bed0e3ba31153eee,unknown,0,0,0
b7d65787bc1d4a168c47ebb78dba7de1,ark/deepseek-v3,1313,678,1991
b7d65787bc1d4a168c47ebb78dba7de1,ark/deepseek-v3-1,0,0,0
b7d65787bc1d4a168c47ebb78dba7de1,unknown,0,0,0
b7dcca202b35459e87005997eb379b43,ark/deepseek-v3,4062,786,4848
b7dcca202b35459e87005997eb379b43,unknown,0,0,0
b7e534a2b0114fa182560a97cde69b02,unknown,0,0,0
b7ec2be48e15484bb49d29b0c9695883,ark/deepseek-v3,2336,1330,3666
b7ec2be48e15484bb49d29b0c9695883,unknown,0,0,0
b7f0dd712a0e4d0e91a94dd1c45aa3e8,ark/deepseek-v3,467,96,563
b7f0dd712a0e4d0e91a94dd1c45aa3e8,unknown,0,0,0
b7fc3fe8410d410e8de38d5e63b6a831,ark/deepseek-v3,1262,579,1841
b7fc3fe8410d410e8de38d5e63b6a831,unknown,0,0,0
b803b5f1162f4918945ef7d3db619485,unknown,0,0,0
b80eaa007e704da7b40249e4d3993b66,deepseek-chat,1564,585,2149
b80eaa007e704da7b40249e4d3993b66,unknown,0,0,0
b8133ea60db74e98bed0df2dac909d05,ark/deepseek-v3,1089,257,1346
b8133ea60db74e98bed0df2dac909d05,unknown,0,0,0
b8205dc8919246468dab0dc7129baebb,deepseek-chat,1426,1100,2526
b8205dc8919246468dab0dc7129baebb,unknown,0,0,0
b8209e5831244dc1904e47313a1f839f,ark/deepseek-v3,467,94,561
b8209e5831244dc1904e47313a1f839f,unknown,0,0,0
b8270e1732d9445dbcdea82503f8f7b3,deepseek-chat,4662,1333,5995
b8270e1732d9445dbcdea82503f8f7b3,gpt-4.1,4099,802,4901
b8270e1732d9445dbcdea82503f8f7b3,unknown,0,0,0
b82b84ffdb58450dbaa7b121374b3023,deepseek-chat,745,211,956
b82b84ffdb58450dbaa7b121374b3023,unknown,0,0,0
b837fe4d778d4c7885582e5a07b061e7,ark/deepseek-v3,865,359,1224
b837fe4d778d4c7885582e5a07b061e7,unknown,0,0,0
b83acfe762ca400995fe7fe469077bba,deepseek-chat,2172,1312,3484
b83acfe762ca400995fe7fe469077bba,unknown,0,0,0
b84da371f77145aaa0de90ee40999761,ark/deepseek-v3,467,98,565
b84da371f77145aaa0de90ee40999761,unknown,0,0,0
b8548351641a4c97a9c9575e063c2e67,deepseek-chat,670,295,965
b8548351641a4c97a9c9575e063c2e67,unknown,0,0,0
b856feea219849109f1f86970ead132d,deepseek-chat,1501,849,2350
b856feea219849109f1f86970ead132d,gpt-4.1,1252,327,1579
b856feea219849109f1f86970ead132d,unknown,0,0,0
b85d5108c2de44d98b06b91f7f82b3c2,ark/deepseek-v3,15182,3524,18706
b85d5108c2de44d98b06b91f7f82b3c2,unknown,0,0,0
b865edb065a44e96ba8a4b3580ed255c,deepseek-chat,0,0,0
b865edb065a44e96ba8a4b3580ed255c,unknown,0,0,0
b86637b9216548cf907f5e4f5db0615f,deepseek-chat,1184,420,1604
b86637b9216548cf907f5e4f5db0615f,unknown,0,0,0
b86c784c16cc40b69f26e6df951d3b6d,ark/deepseek-v3,758,120,878
b86c784c16cc40b69f26e6df951d3b6d,unknown,0,0,0
b86e51e051f6470e88819b378aef862b,ark/deepseek-v3-1,1405,1002,2407
b86e51e051f6470e88819b378aef862b,unknown,0,0,0
b87fbbf753464cc3b743fcd4dfb0a4a4,deepseek-chat,1435,1165,2600
b87fbbf753464cc3b743fcd4dfb0a4a4,unknown,0,0,0
b88163d2142e46cc87d46c1df522fff3,deepseek-chat,1056,420,1476
b88163d2142e46cc87d46c1df522fff3,unknown,0,0,0
b88e0858a97a4411af9723da1d107d71,deepseek-chat,671,376,1047
b88e0858a97a4411af9723da1d107d71,unknown,0,0,0
b890f1fa796d4c2d915c73462daa02f3,deepseek-chat,2214,1388,3602
b890f1fa796d4c2d915c73462daa02f3,unknown,0,0,0
b892531d680c474abc9fa4ebad38bcb0,ark/deepseek-v3,5087,2682,7769
b892531d680c474abc9fa4ebad38bcb0,unknown,0,0,0
b89415a8d2cd40f0855e5f5be85e4dd3,ark/deepseek-v3,467,94,561
b89415a8d2cd40f0855e5f5be85e4dd3,unknown,0,0,0
b898d321ea8b45e4b1f54ec1af60aa7c,ark/kimi-k2,2393,636,3029
b898d321ea8b45e4b1f54ec1af60aa7c,gpt-4.1,3126,484,3610
b898d321ea8b45e4b1f54ec1af60aa7c,unknown,0,0,0
b89b80d314504ac68b9952e71ebd4a81,ark/deepseek-v3,14032,2668,16700
b89b80d314504ac68b9952e71ebd4a81,unknown,0,0,0
b89da6fe70c74c08b3222cb4ba921a2d,deepseek-chat,1053,372,1425
b89da6fe70c74c08b3222cb4ba921a2d,gpt-4.1,1884,130,2014
b89da6fe70c74c08b3222cb4ba921a2d,unknown,0,0,0
b89dcaf2c1764dc6a2b4b75951a1726f,deepseek-chat,0,0,0
b89dcaf2c1764dc6a2b4b75951a1726f,unknown,0,0,0
b8a48813fb7945819af2412f6b90757c,ark/deepseek-v3,1392,324,1716
b8a48813fb7945819af2412f6b90757c,unknown,0,0,0
b8a73f2f924a4cf182afd610327d99f2,ark/deepseek-v3-1,0,0,0
b8a73f2f924a4cf182afd610327d99f2,unknown,0,0,0
b8b08e71996e47a884debed6c5de32c9,deepseek-chat,1495,991,2486
b8b08e71996e47a884debed6c5de32c9,gpt-4.1,2190,349,2539
b8b08e71996e47a884debed6c5de32c9,unknown,0,0,0
b8b49a382987482abee0a891182265ed,ark/deepseek-v3,1089,293,1382
b8b49a382987482abee0a891182265ed,unknown,0,0,0
b8b8771489494e59abe04a0f580652d8,ark/deepseek-v3-1,2058,761,2819
b8b8771489494e59abe04a0f580652d8,unknown,0,0,0
b8c55976b2d84fde988f9e4d3bdd3764,deepseek-chat,0,0,0
b8c55976b2d84fde988f9e4d3bdd3764,unknown,0,0,0
b8c5a11b197e4109ac2bde552645c149,deepseek-chat,768,280,1048
b8c5a11b197e4109ac2bde552645c149,unknown,0,0,0
b8c9d30854ba409293e04773d4b8aa3c,deepseek-chat,872,456,1328
b8c9d30854ba409293e04773d4b8aa3c,unknown,0,0,0
b8ced346574c483ba00589b2bc66d035,deepseek-chat,677,286,963
b8ced346574c483ba00589b2bc66d035,unknown,0,0,0
b8d348ed5f184ce08b94de2a88d4909d,ark/deepseek-v3,1840,950,2790
b8d348ed5f184ce08b94de2a88d4909d,unknown,0,0,0
b8e0e236734c44a88468d2bd57aee901,ark/deepseek-v3,6019,1665,7684
b8e0e236734c44a88468d2bd57aee901,gpt-4.1,641,21,662
b8e0e236734c44a88468d2bd57aee901,unknown,0,0,0
b8e64f11472b420fa18636e7da3f279a,deepseek-chat,12487,2985,15472
b8e64f11472b420fa18636e7da3f279a,unknown,0,0,0
b8e942f53ed04b7f92fe5c2e3b46a922,ark/deepseek-v3,3145,298,3443
b8e942f53ed04b7f92fe5c2e3b46a922,unknown,0,0,0
b8ef91b7e5ed45cf9c5c1ffa79458852,deepseek-chat,658,293,951
b8ef91b7e5ed45cf9c5c1ffa79458852,unknown,0,0,0
b8f1222d0cbf4cbdb380815bc2fbfe74,ark/deepseek-v3,8689,1841,10530
b8f1222d0cbf4cbdb380815bc2fbfe74,unknown,0,0,0
b8fe863c51304d3b845b80709a9e649a,ark/deepseek-v3,1455,229,1684
b8fe863c51304d3b845b80709a9e649a,unknown,0,0,0
b9020d13e4e34bb4b876734f3af0692f,ark/deepseek-v3,467,96,563
b9020d13e4e34bb4b876734f3af0692f,unknown,0,0,0
b904fb80f9cf416eb61923d46f48b2b3,deepseek-chat,671,362,1033
b904fb80f9cf416eb61923d46f48b2b3,gpt-4.1,953,86,1039
b904fb80f9cf416eb61923d46f48b2b3,unknown,0,0,0
b90df5fa49654bdf8316b4d6e9236fb9,deepseek-chat,2170,669,2839
b90df5fa49654bdf8316b4d6e9236fb9,unknown,0,0,0
b91380e65d004dc6b576a723186b3fdc,ark/deepseek-v3,1148,245,1393
b91380e65d004dc6b576a723186b3fdc,ark/deepseek-v3-1,0,0,0
b91380e65d004dc6b576a723186b3fdc,deepseek-chat,5841,254,6095
b91380e65d004dc6b576a723186b3fdc,unknown,0,0,0
b918379aecdf4aabb480d03d2d9470b6,deepseek-chat,1458,1129,2587
b918379aecdf4aabb480d03d2d9470b6,unknown,0,0,0
b91a2816d18541c29a8831fabcf49e56,deepseek-chat,789,354,1143
b91a2816d18541c29a8831fabcf49e56,unknown,0,0,0
b91f93744eb04ca489d41ec44c78966d,ark/deepseek-v3,901,263,1164
b91f93744eb04ca489d41ec44c78966d,unknown,0,0,0
b92014d71f5f431aaff8b59c7f6b6103,deepseek-chat,0,0,0
b92014d71f5f431aaff8b59c7f6b6103,unknown,0,0,0
b924431eb3a247889a9610abee214b6a,ark/deepseek-v3,0,0,0
b924431eb3a247889a9610abee214b6a,unknown,0,0,0
b927c0e8ac66452c8f84b9a935384bf6,ark/deepseek-v3,6606,804,7410
b927c0e8ac66452c8f84b9a935384bf6,unknown,0,0,0
b938944e6dc3446b8e96d143b1a01678,ark/deepseek-v3,1424,843,2267
b938944e6dc3446b8e96d143b1a01678,unknown,0,0,0
b93a3aff8e03479a83435407e892d644,deepseek-chat,10,32,42
b93a3aff8e03479a83435407e892d644,unknown,0,0,0
b9420e48c51b47c3ac0c20d98cc67422,deepseek-chat,1509,243,1752
b9420e48c51b47c3ac0c20d98cc67422,unknown,0,0,0
b949e3f2f2634a8b81adc0af567e8be0,ark/deepseek-v3,715,305,1020
b949e3f2f2634a8b81adc0af567e8be0,unknown,0,0,0
b950075d976d4f8bb616ff1b12e697a1,unknown,0,0,0
b9503164cf534591b940e31cd88f3c84,ark/deepseek-v3-1,2361,957,3318
b9503164cf534591b940e31cd88f3c84,unknown,0,0,0
b9503fe214a74924986548028affe025,ark/deepseek-v3,1255,231,1486
b9503fe214a74924986548028affe025,unknown,0,0,0
b955458391ea4bdd9813c528805a21ce,deepseek-chat,0,0,0
b955458391ea4bdd9813c528805a21ce,unknown,0,0,0
b956a753e36d476e9c9da1e07258bfb5,ark/deepseek-v3,1252,646,1898
b956a753e36d476e9c9da1e07258bfb5,unknown,0,0,0
b9577bc19ed04637a136cd3ef816c2e8,ark/deepseek-v3,2294,628,2922
b9577bc19ed04637a136cd3ef816c2e8,unknown,0,0,0
b95daa77f8494c26981dfbf3e0e0b93b,ark/deepseek-v3,9723,1404,11127
b95daa77f8494c26981dfbf3e0e0b93b,unknown,0,0,0
b95f010cb51d48b2b1f49f7a40fa576f,ark/deepseek-v3,701,176,877
b95f010cb51d48b2b1f49f7a40fa576f,unknown,0,0,0
b95f442bcb294c3abdc2be4fd159df72,ark/deepseek-v3,1842,968,2810
b95f442bcb294c3abdc2be4fd159df72,unknown,0,0,0
b963b1b8a9b24cc5a8db63dcb3574abd,ark/deepseek-v3,4157,2109,6266
b963b1b8a9b24cc5a8db63dcb3574abd,unknown,0,0,0
b969e01d3b2a4e18a2e525f5340390a6,ark/deepseek-v3,2401,451,2852
b969e01d3b2a4e18a2e525f5340390a6,unknown,0,0,0
b96ba57d5ff24124ae3ab40cffae87e7,deepseek-chat,9140,1304,10444
b96ba57d5ff24124ae3ab40cffae87e7,gpt-4.1,3544,829,4373
b96ba57d5ff24124ae3ab40cffae87e7,unknown,0,0,0
b97c6cd6402f4f0bae010fb92ee61f5d,deepseek-chat,940,384,1324
b97c6cd6402f4f0bae010fb92ee61f5d,unknown,0,0,0
b97e6f452a4d457bb61ea4b253665480,deepseek-chat,1192,295,1487
b97e6f452a4d457bb61ea4b253665480,unknown,0,0,0
b981b0cf63e34bbdbd8453e38d96951e,deepseek-chat,658,379,1037
b981b0cf63e34bbdbd8453e38d96951e,unknown,0,0,0
b98717a5075846f78ae8d6c28c704a82,ark/deepseek-v3,1455,210,1665
b98717a5075846f78ae8d6c28c704a82,unknown,0,0,0
b98a4cc41e9a4763a428f42ac49a6f33,ark/deepseek-v3,1065,329,1394
b98a4cc41e9a4763a428f42ac49a6f33,unknown,0,0,0
b98e6afb379d4df7a499e972e9780bec,deepseek-chat,2181,846,3027
b98e6afb379d4df7a499e972e9780bec,unknown,0,0,0
b9957ec574c34cd38c2fc49a2c9bcab6,ark/deepseek-v3,467,97,564
b9957ec574c34cd38c2fc49a2c9bcab6,unknown,0,0,0
b99e0e859e734fe798f8e2fbc123d305,ark/deepseek-v3,467,93,560
b99e0e859e734fe798f8e2fbc123d305,unknown,0,0,0
b9a3149ec28e473dab86a6d9272cb644,ark/deepseek-v3,14032,2725,16757
b9a3149ec28e473dab86a6d9272cb644,unknown,0,0,0
b9a85f6efb9e4fa2919b9b5b3b265d94,deepseek-chat,1054,347,1401
b9a85f6efb9e4fa2919b9b5b3b265d94,gpt-4.1,941,28,969
b9a85f6efb9e4fa2919b9b5b3b265d94,unknown,0,0,0
b9a8f1e205b048ffa02bf2e0124cf62e,ark/deepseek-v3,729,317,1046
b9a8f1e205b048ffa02bf2e0124cf62e,unknown,0,0,0
b9aca5fddb31411daef62512d566a42e,ark/deepseek-v3,701,176,877
b9aca5fddb31411daef62512d566a42e,unknown,0,0,0
b9b7ac4fd65f42b09d2d875b859fa2d3,ark/deepseek-v3-1,1157,529,1686
b9b7ac4fd65f42b09d2d875b859fa2d3,unknown,0,0,0
b9bd0cd1252044d8a513747066a20d41,ark/deepseek-v3,1064,267,1331
b9bd0cd1252044d8a513747066a20d41,unknown,0,0,0
b9c047c07022402c8efb9d56abdc39e4,ark/deepseek-v3,6207,1666,7873
b9c047c07022402c8efb9d56abdc39e4,gpt-4.1,639,20,659
b9c047c07022402c8efb9d56abdc39e4,unknown,0,0,0
b9c31dacccf14cd389f127166cc1750d,ark/deepseek-v3-1,528,233,761
b9c31dacccf14cd389f127166cc1750d,unknown,0,0,0
b9c5ed6448bd44f6a1cdf4210eecff98,ark/deepseek-v3,467,95,562
b9c5ed6448bd44f6a1cdf4210eecff98,unknown,0,0,0
b9d5baf65c5a418e922a5bda4dda2f75,ark/deepseek-v3,3144,322,3466
b9d5baf65c5a418e922a5bda4dda2f75,unknown,0,0,0
b9d70021da4046c79f21a281c0b39361,ark/deepseek-v3,0,0,0
b9d70021da4046c79f21a281c0b39361,unknown,0,0,0
b9df09787e954adb8bd523e8016a1313,deepseek-chat,774,231,1005
b9df09787e954adb8bd523e8016a1313,unknown,0,0,0
b9dfd107aa144dea9da37ee82b09c62e,deepseek-chat,0,0,0
b9dfd107aa144dea9da37ee82b09c62e,unknown,0,0,0
b9e46a4d31b14983abb2b68699c5827d,deepseek-chat,2046,837,2883
b9e46a4d31b14983abb2b68699c5827d,unknown,0,0,0
b9e4c4897d60474ba8f3b53dde35decf,deepseek-chat,670,335,1005
b9e4c4897d60474ba8f3b53dde35decf,unknown,0,0,0
b9e5e70f280347c89eadab394a55317a,deepseek-chat,3353,1677,5030
b9e5e70f280347c89eadab394a55317a,gpt-4.1,3379,910,4289
b9e5e70f280347c89eadab394a55317a,unknown,0,0,0
b9e75c4250cb4bee91857fce6609671c,deepseek-chat,2104,483,2587
b9e75c4250cb4bee91857fce6609671c,unknown,0,0,0
b9eff47e6aa64812ad2a154faaffcbd9,deepseek-chat,671,432,1103
b9eff47e6aa64812ad2a154faaffcbd9,unknown,0,0,0
b9f043648ea34bbc9c72aa2d8fd59947,ark/deepseek-v3-1,1405,916,2321
b9f043648ea34bbc9c72aa2d8fd59947,unknown,0,0,0
b9f3a1893d5b4cc3b9081a9b6ee0b5c9,deepseek-chat,859,484,1343
b9f3a1893d5b4cc3b9081a9b6ee0b5c9,unknown,0,0,0
ba02dd1445e847b59132604c5287f550,ark/deepseek-v3,30159,5900,36059
ba02dd1445e847b59132604c5287f550,deepseek-chat,8789,596,9385
ba02dd1445e847b59132604c5287f550,unknown,0,0,0
ba05043049f743a3905cf4720f7064db,ark/deepseek-v3,1599,942,2541
ba05043049f743a3905cf4720f7064db,unknown,0,0,0
ba089299884a4aa097686e5cea8bb885,ark/deepseek-v3,1251,243,1494
ba089299884a4aa097686e5cea8bb885,unknown,0,0,0
ba0a33b9c6d74512b510d17c6a2ad813,ark/deepseek-v3,1131,504,1635
ba0a33b9c6d74512b510d17c6a2ad813,unknown,0,0,0
ba0ce036b66440609cc05ac40e6a0a35,deepseek-chat,670,357,1027
ba0ce036b66440609cc05ac40e6a0a35,gpt-4.1,943,63,1006
ba0ce036b66440609cc05ac40e6a0a35,unknown,0,0,0
ba1338309c0b4a65961ce3c1f57615d9,ark/deepseek-v3,0,0,0
ba1338309c0b4a65961ce3c1f57615d9,unknown,0,0,0
ba179cc85a234760a0bc57e49960a1d0,ark/deepseek-v3,465,95,560
ba179cc85a234760a0bc57e49960a1d0,unknown,0,0,0
ba1b1fe4276f4a73a42682859f3d05fd,deepseek-chat,3477,1520,4997
ba1b1fe4276f4a73a42682859f3d05fd,unknown,0,0,0
ba1f475ece694441be409d4c70b4e274,deepseek-chat,1404,428,1832
ba1f475ece694441be409d4c70b4e274,unknown,0,0,0
ba31db39b1604c21b0f4a833ff687180,ark/deepseek-v3,1799,733,2532
ba31db39b1604c21b0f4a833ff687180,unknown,0,0,0
ba34f98595e240199c193db7777e968c,ark/deepseek-v3,467,97,564
ba34f98595e240199c193db7777e968c,unknown,0,0,0
ba3633c07f274392851658bcc0459774,deepseek-chat,1188,356,1544
ba3633c07f274392851658bcc0459774,unknown,0,0,0
ba3873515d5f4cb094554adc1f0b94a1,ark/deepseek-v3,1601,181,1782
ba3873515d5f4cb094554adc1f0b94a1,unknown,0,0,0
ba38ba639b5f4a8d8f954dcd4d9964bd,deepseek-chat,1451,1183,2634
ba38ba639b5f4a8d8f954dcd4d9964bd,unknown,0,0,0
ba3c60daa8cb4586b1b4546553ace0b2,deepseek-chat,882,317,1199
ba3c60daa8cb4586b1b4546553ace0b2,unknown,0,0,0
ba43e05948d24658a0188a758535517c,ark/deepseek-v3,758,122,880
ba43e05948d24658a0188a758535517c,unknown,0,0,0
ba49a34d796542bbb1de2160e5b69866,ark/deepseek-v3,1264,1667,2931
ba49a34d796542bbb1de2160e5b69866,unknown,0,0,0
ba4b42f0a17141b4a7382a018313ed25,ark/deepseek-v3,5870,389,6259
ba4b42f0a17141b4a7382a018313ed25,unknown,0,0,0
ba4c2eb5d5e44cdf99a2532e5ddf106b,ark/deepseek-v3,701,176,877
ba4c2eb5d5e44cdf99a2532e5ddf106b,unknown,0,0,0
ba5b20c3e3ae4c4e96769bcbc185484e,ark/deepseek-v3,1455,218,1673
ba5b20c3e3ae4c4e96769bcbc185484e,unknown,0,0,0
ba5c496ad8da48cc839290ed732b1f69,ark/deepseek-v3,1499,723,2222
ba5c496ad8da48cc839290ed732b1f69,unknown,0,0,0
ba5c86b53b0748348e8a496c4b4f9d56,ark/deepseek-v3,4114,1782,5896
ba5c86b53b0748348e8a496c4b4f9d56,deepseek-chat,3764,2216,5980
ba5c86b53b0748348e8a496c4b4f9d56,unknown,0,0,0
ba5dbcec210f4da99b11edab6f7e8dcd,ark/deepseek-v3,7836,2037,9873
ba5dbcec210f4da99b11edab6f7e8dcd,gpt-4.1,644,19,663
ba5dbcec210f4da99b11edab6f7e8dcd,unknown,0,0,0
ba5f4ac4aaab4996b019dfcbc724501d,ark/deepseek-v3,467,85,552
ba5f4ac4aaab4996b019dfcbc724501d,unknown,0,0,0
ba601248dba94911823777e630af71aa,deepseek-chat,2189,887,3076
ba601248dba94911823777e630af71aa,unknown,0,0,0
ba67d572da9c4090a52fb18e57803acc,deepseek-chat,2022,811,2833
ba67d572da9c4090a52fb18e57803acc,unknown,0,0,0
ba6992ead5e249708588a473bf5bd972,ark/deepseek-v3,467,124,591
ba6992ead5e249708588a473bf5bd972,unknown,0,0,0
ba70d792f09b417eb272d91820091cf4,ark/deepseek-v3,701,197,898
ba70d792f09b417eb272d91820091cf4,unknown,0,0,0
ba7dabda4dee4b859ce53858bdc56125,deepseek-chat,719,196,915
ba7dabda4dee4b859ce53858bdc56125,unknown,0,0,0
ba821b7f018a4bfc844f90d03da7b514,deepseek-chat,1230,350,1580
ba821b7f018a4bfc844f90d03da7b514,unknown,0,0,0
ba826d8692ba4cb48106697a5e37b791,ark/deepseek-v3,467,82,549
ba826d8692ba4cb48106697a5e37b791,unknown,0,0,0
ba870f9de7044cf8943d70cec4b1ab54,deepseek-chat,561,206,767
ba870f9de7044cf8943d70cec4b1ab54,unknown,0,0,0
ba8ee678bd8a4814ba0e7af474a0fa4e,deepseek-chat,4984,384,5368
ba8ee678bd8a4814ba0e7af474a0fa4e,unknown,0,0,0
ba8ef57e6fe9460ea68732dba1d0e520,deepseek-chat,1210,463,1673
ba8ef57e6fe9460ea68732dba1d0e520,unknown,0,0,0
ba97502800f34d1a8cab922ad4e028e7,ark/deepseek-v3,1558,402,1960
ba97502800f34d1a8cab922ad4e028e7,unknown,0,0,0
baa9ff3ce6fc46b38bb6480e85ac2fd2,ark/deepseek-v3,1980,403,2383
baa9ff3ce6fc46b38bb6480e85ac2fd2,unknown,0,0,0
baae65eeae1c4aa1a5b8d8625a754b50,ark/deepseek-v3,0,0,0
baae65eeae1c4aa1a5b8d8625a754b50,unknown,0,0,0
bab5ef8e032248e1a09a093779b024e2,ark/deepseek-v3,9200,1735,10935
bab5ef8e032248e1a09a093779b024e2,unknown,0,0,0
bac38e86788240aa97c0832db196a175,ark/deepseek-v3,13449,2519,15968
bac38e86788240aa97c0832db196a175,unknown,0,0,0
bad135a4b3734749ac7c4bc2881ababa,deepseek-chat,561,233,794
bad135a4b3734749ac7c4bc2881ababa,unknown,0,0,0
bad5f9c2583c4324b64b946bec0ccf5f,deepseek-chat,733,309,1042
bad5f9c2583c4324b64b946bec0ccf5f,unknown,0,0,0
badc65b5775e4b4a953b52735b2dbb36,ark/deepseek-v3,680,308,988
badc65b5775e4b4a953b52735b2dbb36,unknown,0,0,0
baf2bb2c61ca4eb79927ce4b5bc18157,ark/deepseek-v3,2000,1179,3179
baf2bb2c61ca4eb79927ce4b5bc18157,unknown,0,0,0
baf486e58b004721b0fa05fc3346da58,deepseek-chat,6808,310,7118
baf486e58b004721b0fa05fc3346da58,unknown,0,0,0
baf891842fda4990bec1f036d5de2dd1,ark/deepseek-v3-1,912,339,1251
baf891842fda4990bec1f036d5de2dd1,unknown,0,0,0
bb005a3584804ed68c63c202cab68465,ark/deepseek-v3,1251,215,1466
bb005a3584804ed68c63c202cab68465,unknown,0,0,0
bb02d0f151db4151809696db9cc7b8eb,ark/deepseek-v3,1455,190,1645
bb02d0f151db4151809696db9cc7b8eb,unknown,0,0,0
bb03ca90879b47bdbdd14c8f2e3dc35c,ark/deepseek-v3,7172,1419,8591
bb03ca90879b47bdbdd14c8f2e3dc35c,unknown,0,0,0
bb05f9f82c924c2d8c9370cd6c4bd2c0,ark/deepseek-v3-1,0,0,0
bb05f9f82c924c2d8c9370cd6c4bd2c0,unknown,0,0,0
bb0e676c5e4448e5bb2304e8cdf820d2,ark/deepseek-v3-1,1405,924,2329
bb0e676c5e4448e5bb2304e8cdf820d2,unknown,0,0,0
bb0f24f85f0448b0ac4497632dc33d1c,deepseek-chat,561,207,768
bb0f24f85f0448b0ac4497632dc33d1c,unknown,0,0,0
bb116f7192794265b395213f54becfc6,deepseek-chat,793,379,1172
bb116f7192794265b395213f54becfc6,unknown,0,0,0
bb21ae47786649af89ecea8a8316cc7e,ark/deepseek-v3,467,92,559
bb21ae47786649af89ecea8a8316cc7e,unknown,0,0,0
bb21c7de29604c518d7517280c606d26,deepseek-chat,1336,546,1882
bb21c7de29604c518d7517280c606d26,unknown,0,0,0
bb2ceee900e64bc69669aa7007fdf7c9,ark/deepseek-v3,714,465,1179
bb2ceee900e64bc69669aa7007fdf7c9,ark/deepseek-v3-1,0,0,0
bb2ceee900e64bc69669aa7007fdf7c9,unknown,0,0,0
bb3ea5ddefb249578295dfe790e150a7,ark/kimi-k2,0,0,0
bb3ea5ddefb249578295dfe790e150a7,unknown,0,0,0
bb3f477e9a2544ab85b35c5edcad2c55,unknown,0,0,0
bb45da983d7246afa498903f3c60f381,ark/deepseek-v3,465,97,562
bb45da983d7246afa498903f3c60f381,unknown,0,0,0
bb479287b1164fdcaa549ba3637de0f5,deepseek-chat,3341,1355,4696
bb479287b1164fdcaa549ba3637de0f5,gpt-4.1,3407,977,4384
bb479287b1164fdcaa549ba3637de0f5,unknown,0,0,0
bb4e8c6cce884c888da96cf69f7bdcaa,ark/deepseek-v3,701,202,903
bb4e8c6cce884c888da96cf69f7bdcaa,unknown,0,0,0
bb50c5b6871a4f2ba0f5215b83389599,deepseek-chat,561,207,768
bb50c5b6871a4f2ba0f5215b83389599,unknown,0,0,0
bb5c5d245188438ab95ba31f7f8b1498,deepseek-chat,2938,1172,4110
bb5c5d245188438ab95ba31f7f8b1498,unknown,0,0,0
bb672aed559b46ee85fe77bb1f5aee22,ark/deepseek-v3,467,94,561
bb672aed559b46ee85fe77bb1f5aee22,unknown,0,0,0
bb7ce975b34343afb4dcdec4490dfc4b,ark/deepseek-v3,467,113,580
bb7ce975b34343afb4dcdec4490dfc4b,unknown,0,0,0
bb7dfda7abf54d7aa9a77790f71c24bb,deepseek-chat,9681,936,10617
bb7dfda7abf54d7aa9a77790f71c24bb,gpt-4-0613,3363,3386,6749
bb7dfda7abf54d7aa9a77790f71c24bb,unknown,0,0,0
bb810a0b51bb45ea94f7274a197d0f92,ark/deepseek-v3,987,208,1195
bb810a0b51bb45ea94f7274a197d0f92,unknown,0,0,0
bb82438ff783491eaa4ef3d4a3fe46e5,ark/deepseek-v3,3835,524,4359
bb82438ff783491eaa4ef3d4a3fe46e5,deepseek-chat,4710,198,4908
bb82438ff783491eaa4ef3d4a3fe46e5,unknown,0,0,0
bb83840f3d0d414286847672982a5ebd,ark/deepseek-v3,1064,317,1381
bb83840f3d0d414286847672982a5ebd,unknown,0,0,0
bb85704110034da282399ce43aff9ad1,ark/deepseek-v3,758,104,862
bb85704110034da282399ce43aff9ad1,unknown,0,0,0
bb876ad174d94d51bc946c02045c536d,deepseek-chat,2798,1095,3893
bb876ad174d94d51bc946c02045c536d,unknown,0,0,0
bb87aed7ceb040cb96e6960b75f682d0,ark/deepseek-v3,467,97,564
bb87aed7ceb040cb96e6960b75f682d0,unknown,0,0,0
bb8946be65cb4f9cbc64bc3bfbdda793,ark/deepseek-v3,2212,1230,3442
bb8946be65cb4f9cbc64bc3bfbdda793,unknown,0,0,0
bb8aff19e58a4f63b2eb1e6314840388,ark/deepseek-v3-1,1329,1150,2479
bb8aff19e58a4f63b2eb1e6314840388,unknown,0,0,0
bb8fe97a2cf5491ea5e739ed2a5f2232,ark/deepseek-v3,1463,724,2187
bb8fe97a2cf5491ea5e739ed2a5f2232,unknown,0,0,0
bb909f4d34b04446bcbffaf37f6d6b48,ark/kimi-k2,866,736,1602
bb909f4d34b04446bcbffaf37f6d6b48,unknown,0,0,0
bb90c66047444500b5d1712acbfb8d33,ark/deepseek-v3,467,91,558
bb90c66047444500b5d1712acbfb8d33,unknown,0,0,0
bb94a7c8fef8446d808da20c1251cd17,ark/deepseek-v3,2366,442,2808
bb94a7c8fef8446d808da20c1251cd17,unknown,0,0,0
bb9611c34b6245e195b818c71f172a3a,ark/deepseek-v3,467,92,559
bb9611c34b6245e195b818c71f172a3a,unknown,0,0,0
bb96250e3fbc4d91bf603525b26ee4fc,deepseek-chat,4405,765,5170
bb96250e3fbc4d91bf603525b26ee4fc,unknown,0,0,0
bb9829eb30a74a3a91f1e89a149c6fb9,ark/deepseek-v3,2133,295,2428
bb9829eb30a74a3a91f1e89a149c6fb9,unknown,0,0,0
bba0d03cc96a43bf8467672c3712edcc,ark/deepseek-v3,457,68,525
bba0d03cc96a43bf8467672c3712edcc,unknown,0,0,0
bbaad31693b04d0e820ffaf21833ad02,ark/deepseek-v3,1251,216,1467
bbaad31693b04d0e820ffaf21833ad02,unknown,0,0,0
bbab3422610146a5b6a25118d70c2fd7,ark/deepseek-v3,695,71,766
bbab3422610146a5b6a25118d70c2fd7,unknown,0,0,0
bbae1b298684412394da21e2543ab2fa,deepseek-chat,1199,378,1577
bbae1b298684412394da21e2543ab2fa,unknown,0,0,0
bbbf252feb324e61bdb918941cf238fd,ark/deepseek-v3-1,490,239,729
bbbf252feb324e61bdb918941cf238fd,unknown,0,0,0
bbbfce6a81f24cc788aa440204322029,deepseek-chat,671,377,1048
bbbfce6a81f24cc788aa440204322029,unknown,0,0,0
bbc800e2e642477f8b39dfbb5d5ddb31,ark/deepseek-v3-1,3790,2089,5879
bbc800e2e642477f8b39dfbb5d5ddb31,unknown,0,0,0
bbca6681a85648f18093e104bcbbcf9b,unknown,0,0,0
bbd4616f65c24f7096b0e359966d35ad,ark/deepseek-v3-1,5122,1192,6314
bbd4616f65c24f7096b0e359966d35ad,unknown,0,0,0
bbd53def30a643cc80e97932ca531a59,ark/deepseek-v3,4550,644,5194
bbd53def30a643cc80e97932ca531a59,unknown,0,0,0
bbd58c1454354bdd8991420f6009edf3,unknown,0,0,0
bbdb9de9a3d54dd6bc0cdc5342f87649,ark/deepseek-v3,1837,327,2164
bbdb9de9a3d54dd6bc0cdc5342f87649,unknown,0,0,0
bbe1a565b9bf4b0d9bf9b6a57363fcaf,ark/deepseek-v3-1,1980,939,2919
bbe1a565b9bf4b0d9bf9b6a57363fcaf,unknown,0,0,0
bbe1fb7a48c74329b5f4ed15c1b466e4,deepseek-chat,671,338,1009
bbe1fb7a48c74329b5f4ed15c1b466e4,unknown,0,0,0
bbe6faf3886c4c369c159692a7ae4699,ark/deepseek-v3,4401,2371,6772
bbe6faf3886c4c369c159692a7ae4699,unknown,0,0,0
bbf52f566df0478d9a3dabefa0cb6ffb,unknown,0,0,0
bbf8080e2dcd460d81b7819fe2b3db33,ark/deepseek-v3,467,90,557
bbf8080e2dcd460d81b7819fe2b3db33,unknown,0,0,0
bbfb03df21a040a9ad9cd5cab4f826b9,ark/deepseek-v3,1176,652,1828
bbfb03df21a040a9ad9cd5cab4f826b9,unknown,0,0,0
bc0279b63a10442fa7d217d088fa5894,ark/deepseek-v3,467,95,562
bc0279b63a10442fa7d217d088fa5894,unknown,0,0,0
bc064a7960744eb8bd5093280d03658a,deepseek-chat,0,0,0
bc064a7960744eb8bd5093280d03658a,unknown,0,0,0
bc0df3c625dc43dc8f21982eca676b49,ark/deepseek-v3,39142,6197,45339
bc0df3c625dc43dc8f21982eca676b49,unknown,0,0,0
bc14fb704eef4f88a36edb95e03a870b,ark/deepseek-v3,7863,1438,9301
bc14fb704eef4f88a36edb95e03a870b,unknown,0,0,0
bc15ed1c58e0443b8698d64826c03bbd,deepseek-chat,658,336,994
bc15ed1c58e0443b8698d64826c03bbd,unknown,0,0,0
bc1c6534a84649b6ad2d723b4a5be27f,deepseek-chat,670,308,978
bc1c6534a84649b6ad2d723b4a5be27f,unknown,0,0,0
bc2fd937742c4237ae4808b216b20630,deepseek-chat,2246,929,3175
bc2fd937742c4237ae4808b216b20630,unknown,0,0,0
bc351ac408a24e9b8b6d6e0269959ef7,unknown,0,0,0
bc396d9c43ac4310801ff9a3ec68f73a,ark/deepseek-v3,6142,1756,7898
bc396d9c43ac4310801ff9a3ec68f73a,gpt-4.1,639,20,659
bc396d9c43ac4310801ff9a3ec68f73a,unknown,0,0,0
bc39ea03253f462490a7673331524366,ark/deepseek-v3-1,1405,901,2306
bc39ea03253f462490a7673331524366,unknown,0,0,0
bc4ac4a767dc48ac958f4397a3d0d054,ark/deepseek-v3,2286,4322,6608
bc4ac4a767dc48ac958f4397a3d0d054,unknown,0,0,0
bc5c0f23a3de474080b174d51326007f,ark/deepseek-v3,1251,215,1466
bc5c0f23a3de474080b174d51326007f,unknown,0,0,0
bc5d05ba40994aa9a9ac5a62d0b267d9,deepseek-chat,2099,1465,3564
bc5d05ba40994aa9a9ac5a62d0b267d9,unknown,0,0,0
bc64bca072e1471cbc1f0920fdecf45b,deepseek-chat,3332,1268,4600
bc64bca072e1471cbc1f0920fdecf45b,gpt-4.1,3415,931,4346
bc64bca072e1471cbc1f0920fdecf45b,unknown,0,0,0
bc6f14bd842d430ba1352411ef10c830,deepseek-chat,1420,603,2023
bc6f14bd842d430ba1352411ef10c830,unknown,0,0,0
bc76607154ce48139f12ccc27c819a50,deepseek-chat,670,343,1013
bc76607154ce48139f12ccc27c819a50,unknown,0,0,0
bc77b5f37ffa4a7aa556b0b005c2e734,deepseek-chat,888,471,1359
bc77b5f37ffa4a7aa556b0b005c2e734,unknown,0,0,0
bc7badb2db5f4209b47629e5fb7bd9f0,ark/deepseek-v3,467,92,559
bc7badb2db5f4209b47629e5fb7bd9f0,unknown,0,0,0
bc8d4ff3e32c45499ce5890335c90a5b,deepseek-chat,5993,1590,7583
bc8d4ff3e32c45499ce5890335c90a5b,unknown,0,0,0
bc919356e0464ce69d1e77778b498d1b,deepseek-chat,671,372,1043
bc919356e0464ce69d1e77778b498d1b,unknown,0,0,0
bc98b48ae9c24e32a91efbf7f07f6471,ark/deepseek-v3,6659,743,7402
bc98b48ae9c24e32a91efbf7f07f6471,unknown,0,0,0
bc9cbd6c63614e9fbd77363cc01c68ea,ark/deepseek-v3,627,200,827
bc9cbd6c63614e9fbd77363cc01c68ea,unknown,0,0,0
bca01881881c499489034c24e53b4b51,deepseek-chat,3264,1304,4568
bca01881881c499489034c24e53b4b51,gpt-4.1,3340,841,4181
bca01881881c499489034c24e53b4b51,unknown,0,0,0
bca971966fc948aaaa81863c55447454,deepseek-chat,1305,290,1595
bca971966fc948aaaa81863c55447454,gpt-4.1,3134,525,3659
bca971966fc948aaaa81863c55447454,unknown,0,0,0
bcae9c04a7ff45c0ad66858dd653799e,deepseek-chat,0,0,0
bcae9c04a7ff45c0ad66858dd653799e,unknown,0,0,0
bcaf983815794ac4a49eb30da164deb9,ark/deepseek-v3,6632,629,7261
bcaf983815794ac4a49eb30da164deb9,unknown,0,0,0
bcb52a493a074f3ab82639cb6cf8d04b,ark/deepseek-v3,901,210,1111
bcb52a493a074f3ab82639cb6cf8d04b,unknown,0,0,0
bcb54aec81d54c15b3f75b0a1775701e,ark/deepseek-v3,467,93,560
bcb54aec81d54c15b3f75b0a1775701e,unknown,0,0,0
bcbb1d741ca34b5ebfbc40619de6ce3c,deepseek-chat,0,0,0
bcbb1d741ca34b5ebfbc40619de6ce3c,unknown,0,0,0
bcd2a13533aa44ea8a8bd5336d8f0f79,ark/deepseek-v3,2317,360,2677
bcd2a13533aa44ea8a8bd5336d8f0f79,unknown,0,0,0
bcd8025990c142509ae53b9b3cc9eba7,deepseek-chat,2452,218,2670
bcd8025990c142509ae53b9b3cc9eba7,unknown,0,0,0
bcd88f097f6b4d1da8d716ae81b501fa,deepseek-chat,799,542,1341
bcd88f097f6b4d1da8d716ae81b501fa,unknown,0,0,0
bcdbab98eb364bc0b7a88db2b31db899,ark/deepseek-v3,467,89,556
bcdbab98eb364bc0b7a88db2b31db899,unknown,0,0,0
bcdc632b3750442fb2a80bd2fb98f870,ark/deepseek-v3,2098,1164,3262
bcdc632b3750442fb2a80bd2fb98f870,unknown,0,0,0
bcdcd065eadc4854829b5b4fc83dfd25,deepseek-chat,2091,990,3081
bcdcd065eadc4854829b5b4fc83dfd25,unknown,0,0,0
bcdd7b11e85f485980142bea4650641f,ark/deepseek-v3,487,120,607
bcdd7b11e85f485980142bea4650641f,unknown,0,0,0
bce1ffbbc8604d39abe0ec3988fb8c36,ark/deepseek-v3,8378,1579,9957
bce1ffbbc8604d39abe0ec3988fb8c36,unknown,0,0,0
bce6a705210d42d89855a689b7ea8fea,ark/deepseek-v3,701,177,878
bce6a705210d42d89855a689b7ea8fea,unknown,0,0,0
bcf6a9c75ad34417a7ae8541d8d4602a,ark/deepseek-v3,701,193,894
bcf6a9c75ad34417a7ae8541d8d4602a,unknown,0,0,0
bcfe657a7835410b87f31b27ae2bd97b,ark/deepseek-v3,5672,1807,7479
bcfe657a7835410b87f31b27ae2bd97b,unknown,0,0,0
bd049be4fe184df0beb3bbd0fa79f127,deepseek-chat,0,0,0
bd049be4fe184df0beb3bbd0fa79f127,unknown,0,0,0
bd0598beb4fa4103bee64ed6b0eefcc0,ark/deepseek-v3,3715,800,4515
bd0598beb4fa4103bee64ed6b0eefcc0,deepseek-chat,5757,247,6004
bd0598beb4fa4103bee64ed6b0eefcc0,unknown,0,0,0
bd06a7d708d646888afe5f9539d6a82b,ark/deepseek-v3,986,34,1020
bd06a7d708d646888afe5f9539d6a82b,deepseek-chat,1451,1027,2478
bd06a7d708d646888afe5f9539d6a82b,unknown,0,0,0
bd09ab7af13346cbb2d0ae3dcb2a7e1b,deepseek-chat,670,340,1010
bd09ab7af13346cbb2d0ae3dcb2a7e1b,gpt-4.1,942,118,1060
bd09ab7af13346cbb2d0ae3dcb2a7e1b,unknown,0,0,0
bd0fd6fe7efe476bbe4452a72d1fa266,deepseek-chat,561,207,768
bd0fd6fe7efe476bbe4452a72d1fa266,unknown,0,0,0
bd141c9546014f4f9e2cf65ec2dbc445,deepseek-chat,731,217,948
bd141c9546014f4f9e2cf65ec2dbc445,unknown,0,0,0
bd1d85ada77440188b3b446f6eac1a4f,deepseek-chat,3498,1199,4697
bd1d85ada77440188b3b446f6eac1a4f,gpt-4.1,4947,939,5886
bd1d85ada77440188b3b446f6eac1a4f,unknown,0,0,0
bd2a02ab934e4bc4a4e03eaaaa23516f,ark/deepseek-v3,467,94,561
bd2a02ab934e4bc4a4e03eaaaa23516f,unknown,0,0,0
bd2f95e41b49451a8a3834ea5797a64a,ark/deepseek-v3,467,87,554
bd2f95e41b49451a8a3834ea5797a64a,unknown,0,0,0
bd33ad91e97f44f9bdabe71b08b38eb2,ark/deepseek-v3,695,84,779
bd33ad91e97f44f9bdabe71b08b38eb2,unknown,0,0,0
bd3e77c1a00644dfa0cf03fd8cbd9835,ark/deepseek-v3-1,922,291,1213
bd3e77c1a00644dfa0cf03fd8cbd9835,unknown,0,0,0
bd4c4da1172949aba0204a14916fa6b1,deepseek-chat,561,207,768
bd4c4da1172949aba0204a14916fa6b1,unknown,0,0,0
bd4c70d5c0714d849a3c09bcfc0da71f,ark/deepseek-v3-1,625,97,722
bd4c70d5c0714d849a3c09bcfc0da71f,deepseek-chat,2778,1490,4268
bd4c70d5c0714d849a3c09bcfc0da71f,unknown,0,0,0
bd5b0d14ab52405f91d01fea316fa88b,ark/deepseek-v3,1609,374,1983
bd5b0d14ab52405f91d01fea316fa88b,unknown,0,0,0
bd618204427543728b6fcce8f3e20976,ark/deepseek-v3,467,94,561
bd618204427543728b6fcce8f3e20976,unknown,0,0,0
bd6696b5b863443aa43e733c3bb410f1,ark/deepseek-v3-1,766,292,1058
bd6696b5b863443aa43e733c3bb410f1,deepseek-chat,3300,1175,4475
bd6696b5b863443aa43e733c3bb410f1,gpt-4.1,3357,895,4252
bd6696b5b863443aa43e733c3bb410f1,unknown,0,0,0
bd71846b4ec444359097e3ece2d3432e,ark/deepseek-v3,467,93,560
bd71846b4ec444359097e3ece2d3432e,unknown,0,0,0
bd73813041b64972ac88a221de1d60a1,ark/deepseek-v3,1290,815,2105
bd73813041b64972ac88a221de1d60a1,unknown,0,0,0
bd76be6ef675461c82e01ec854c24bfb,ark/deepseek-v3,1089,279,1368
bd76be6ef675461c82e01ec854c24bfb,unknown,0,0,0
bd78b948e33a4052888dde1f7b5847b1,deepseek-chat,1928,751,2679
bd78b948e33a4052888dde1f7b5847b1,unknown,0,0,0
bd7b93f539ad4dbbbfa15a7cd5f02832,ark/deepseek-v3,944,100,1044
bd7b93f539ad4dbbbfa15a7cd5f02832,gpt-4-0613,1693,243,1936
bd7b93f539ad4dbbbfa15a7cd5f02832,unknown,0,0,0
bd7c36d79c6d43fc8ee19d9b20e6321b,deepseek-chat,0,0,0
bd7c36d79c6d43fc8ee19d9b20e6321b,unknown,0,0,0
bd846d477f3d47d68481027a3a81865e,deepseek-chat,914,444,1358
bd846d477f3d47d68481027a3a81865e,unknown,0,0,0
bd869667c8654efab1befd23b1826b56,ark/deepseek-v3,467,97,564
bd869667c8654efab1befd23b1826b56,unknown,0,0,0
bd88e59789c646e286a8d8c5bbd71a99,ark/deepseek-v3,0,0,0
bd88e59789c646e286a8d8c5bbd71a99,unknown,0,0,0
bd89103f10df442bacf1a19dde73ddb5,ark/deepseek-v3,1837,345,2182
bd89103f10df442bacf1a19dde73ddb5,unknown,0,0,0
bd965f59f5384bdc886f860b21e5a23c,ark/deepseek-v3-1,3332,826,4158
bd965f59f5384bdc886f860b21e5a23c,unknown,0,0,0
bd972cf2d9b24b9fa77255ac333cb1bd,ark/deepseek-v3,1065,317,1382
bd972cf2d9b24b9fa77255ac333cb1bd,unknown,0,0,0
bda0673406ad4903813136f4127b9edf,ark/deepseek-v3,1828,913,2741
bda0673406ad4903813136f4127b9edf,unknown,0,0,0
bda3d1b627844853889da3d146bf0da1,deepseek-chat,2031,915,2946
bda3d1b627844853889da3d146bf0da1,unknown,0,0,0
bda4ec3a8b7741cca612aa00ddae96a2,ark/deepseek-v3,2730,1426,4156
bda4ec3a8b7741cca612aa00ddae96a2,unknown,0,0,0
bda62c0c94cb431aa88050e0a9c2ba59,ark/deepseek-v3,71,673,744
bda62c0c94cb431aa88050e0a9c2ba59,unknown,0,0,0
bdaa99823dde42f5b38688f569dc7bd2,deepseek-chat,671,364,1035
bdaa99823dde42f5b38688f569dc7bd2,unknown,0,0,0
bdabc1e060a442128755c046c8920631,ark/deepseek-v3,1455,198,1653
bdabc1e060a442128755c046c8920631,unknown,0,0,0
bdb39e04b25040f49520ffb8e5adb199,ark/deepseek-v3,2615,286,2901
bdb39e04b25040f49520ffb8e5adb199,unknown,0,0,0
bdb7566d3cc64ec1917ce1d16e3b899d,deepseek-chat,561,207,768
bdb7566d3cc64ec1917ce1d16e3b899d,unknown,0,0,0
bdc188f532ec42e795a495264f0f2113,ark/deepseek-v3,1859,719,2578
bdc188f532ec42e795a495264f0f2113,unknown,0,0,0
bdcd8e42dc9a485f9e83af77760fcab8,ark/deepseek-v3,4105,1671,5776
bdcd8e42dc9a485f9e83af77760fcab8,unknown,0,0,0
bdcfba32cc154c118a955e86b95d850e,ark/deepseek-v3,5300,911,6211
bdcfba32cc154c118a955e86b95d850e,unknown,0,0,0
bdcfe5c30df143abb84557fe11bc1b70,ark/deepseek-v3,5165,1627,6792
bdcfe5c30df143abb84557fe11bc1b70,unknown,0,0,0
bdd315aa1bc44fe1833e94574ee36f25,ark/deepseek-v3,1251,238,1489
bdd315aa1bc44fe1833e94574ee36f25,unknown,0,0,0
bdd34fc13e7d421a821baac843c6a765,deepseek-chat,1165,742,1907
bdd34fc13e7d421a821baac843c6a765,unknown,0,0,0
bdd66ce15d81451493ec61193f85e351,ark/deepseek-v3,0,0,0
bdd66ce15d81451493ec61193f85e351,unknown,0,0,0
bdd9d5668f87451f82da5629bc809f84,ark/deepseek-v3,2304,348,2652
bdd9d5668f87451f82da5629bc809f84,unknown,0,0,0
bddd766768234fbeabd51806fa7297a7,ark/deepseek-v3-1,1405,749,2154
bddd766768234fbeabd51806fa7297a7,unknown,0,0,0
bde3f7e8be5d45188fdf0e3742dab770,ark/deepseek-v3,6675,1695,8370
bde3f7e8be5d45188fdf0e3742dab770,gpt-4.1,640,21,661
bde3f7e8be5d45188fdf0e3742dab770,unknown,0,0,0
bde70426a1104746bd62c2a979906e9e,deepseek-chat,1448,541,1989
bde70426a1104746bd62c2a979906e9e,unknown,0,0,0
bdeca900d6654b82bf588379c3009ff4,ark/deepseek-v3,3319,544,3863
bdeca900d6654b82bf588379c3009ff4,deepseek-chat,617,448,1065
bdeca900d6654b82bf588379c3009ff4,unknown,0,0,0
bdee87da50b14ab5848aae8d0354ed0e,unknown,0,0,0
bdef6656091b40d7a3faac808900cee1,ark/deepseek-v3,4733,947,5680
bdef6656091b40d7a3faac808900cee1,unknown,0,0,0
bdf15f81a06c4b27b39333e90b047beb,ark/deepseek-v3,2220,920,3140
bdf15f81a06c4b27b39333e90b047beb,unknown,0,0,0
bdfbb384ef5f44a3a1dbbe1f26284fdf,ark/deepseek-v3,701,176,877
bdfbb384ef5f44a3a1dbbe1f26284fdf,unknown,0,0,0
bdfd53d908ed4b409c4a7b1e67edbfba,deepseek-chat,922,339,1261
bdfd53d908ed4b409c4a7b1e67edbfba,unknown,0,0,0
be0154eac5a241bc84f6a4d85c40bc8f,ark/deepseek-v3-1,1405,883,2288
be0154eac5a241bc84f6a4d85c40bc8f,unknown,0,0,0
be04b0d5cbca4f9ca4a6465e08bed320,ark/deepseek-v3-1,1162,478,1640
be04b0d5cbca4f9ca4a6465e08bed320,unknown,0,0,0
be071d14cbee45dc95f65a80567f3568,deepseek-chat,943,357,1300
be071d14cbee45dc95f65a80567f3568,unknown,0,0,0
be0fd967307648e99e05139168be06da,ark/deepseek-v3,2146,1149,3295
be0fd967307648e99e05139168be06da,deepseek-chat,6324,241,6565
be0fd967307648e99e05139168be06da,unknown,0,0,0
be15900fb26c4fab93611923c8102f05,deepseek-chat,1430,564,1994
be15900fb26c4fab93611923c8102f05,unknown,0,0,0
be180a0a1b1349f1b668c5df36c04556,ark/deepseek-v3,467,94,561
be180a0a1b1349f1b668c5df36c04556,unknown,0,0,0
be1cc8502d5943b8b303b0939937383c,ark/deepseek-v3,2306,324,2630
be1cc8502d5943b8b303b0939937383c,unknown,0,0,0
be2d058a9f9f43e9a76f23a4d22b8624,deepseek-chat,658,260,918
be2d058a9f9f43e9a76f23a4d22b8624,unknown,0,0,0
be30d793d72d4215a1dd9f0aa0ff9edf,deepseek-chat,2798,1122,3920
be30d793d72d4215a1dd9f0aa0ff9edf,unknown,0,0,0
be3a4e03491f44c8bd33d4d08c4fe0e7,unknown,0,0,0
be3b52a47249431f9eb8b00748d9181c,ark/deepseek-v3,3970,1567,5537
be3b52a47249431f9eb8b00748d9181c,unknown,0,0,0
be3d50b9792e4f9ebd5721e9af9c5155,deepseek-chat,878,442,1320
be3d50b9792e4f9ebd5721e9af9c5155,unknown,0,0,0
be42cc1d39424ced9d78264353f6c87c,deepseek-chat,671,353,1024
be42cc1d39424ced9d78264353f6c87c,unknown,0,0,0
be4404c311d54ff28d87a8432b8e7068,deepseek-chat,561,207,768
be4404c311d54ff28d87a8432b8e7068,unknown,0,0,0
be4fe14d0e6b4507929fc36f56905a35,deepseek-chat,670,320,990
be4fe14d0e6b4507929fc36f56905a35,unknown,0,0,0
be51044ab1f447a1b90568be70fff6ce,ark/deepseek-v3,1079,341,1420
be51044ab1f447a1b90568be70fff6ce,unknown,0,0,0
be53237803934a70a4c6ef5ba191a900,ark/deepseek-v3,6057,1915,7972
be53237803934a70a4c6ef5ba191a900,gpt-4.1,651,28,679
be53237803934a70a4c6ef5ba191a900,unknown,0,0,0
be559287504e4b7c8bf7c963ec2003ca,ark/deepseek-v3,6160,1721,7881
be559287504e4b7c8bf7c963ec2003ca,gpt-4.1,641,25,666
be559287504e4b7c8bf7c963ec2003ca,unknown,0,0,0
be57654a2e6543fdb6e0793236cd5b80,ark/deepseek-v3,2306,362,2668
be57654a2e6543fdb6e0793236cd5b80,unknown,0,0,0
be58fd9c03cd4d658ff6a9c9e17aedba,deepseek-chat,1379,367,1746
be58fd9c03cd4d658ff6a9c9e17aedba,unknown,0,0,0
be5e4721b3474928a2ec9b7a055dcd6a,ark/deepseek-v3,5059,645,5704
be5e4721b3474928a2ec9b7a055dcd6a,unknown,0,0,0
be62da17b81a4452a38849814d179de3,ark/deepseek-v3,758,89,847
be62da17b81a4452a38849814d179de3,unknown,0,0,0
be69f1d81d2f4fe2bbf1dc78356b7db9,deepseek-chat,3419,1277,4696
be69f1d81d2f4fe2bbf1dc78356b7db9,gpt-4.1,3410,849,4259
be69f1d81d2f4fe2bbf1dc78356b7db9,unknown,0,0,0
be6f5e2cf3804868adb566abb898b9f4,deepseek-chat,2315,985,3300
be6f5e2cf3804868adb566abb898b9f4,unknown,0,0,0
be74aed94af744df883e21a2666362c6,deepseek-chat,891,467,1358
be74aed94af744df883e21a2666362c6,unknown,0,0,0
be760c1c777d4a399f1811bbc68118f2,deepseek-chat,671,483,1154
be760c1c777d4a399f1811bbc68118f2,unknown,0,0,0
be7793ea5b8c4778bb4ef6bb15a49f77,deepseek-chat,0,0,0
be7793ea5b8c4778bb4ef6bb15a49f77,unknown,0,0,0
be81abbaebd344989072e5158a94b817,ark/deepseek-v3-1,3133,450,3583
be81abbaebd344989072e5158a94b817,unknown,0,0,0
be840cab98544cdb9e82d5b6b6700f49,deepseek-chat,671,360,1031
be840cab98544cdb9e82d5b6b6700f49,unknown,0,0,0
be871e65b47a4e9fb7a30df7d896d3fd,deepseek-chat,670,336,1006
be871e65b47a4e9fb7a30df7d896d3fd,unknown,0,0,0
be88ba0923f3482a89f5c56305a12d2d,ark/deepseek-v3,1089,322,1411
be88ba0923f3482a89f5c56305a12d2d,unknown,0,0,0
be8c58b7dfa145bea92da93209d58208,ark/deepseek-v3,6922,1414,8336
be8c58b7dfa145bea92da93209d58208,unknown,0,0,0
be9b9e048852442587e2d4f4bf489903,ark/deepseek-v3,467,98,565
be9b9e048852442587e2d4f4bf489903,unknown,0,0,0
bea4bb365fd54b4e83cbd2b8ec802585,unknown,0,0,0
beab222314654c2785536b1a3980514c,deepseek-chat,561,207,768
beab222314654c2785536b1a3980514c,unknown,0,0,0
beabeca871874290803cf95a2dc79a95,ark/deepseek-v3,617,290,907
beabeca871874290803cf95a2dc79a95,unknown,0,0,0
beb0a8a3046b4427afb5329b99149338,ark/deepseek-v3,5993,715,6708
beb0a8a3046b4427afb5329b99149338,unknown,0,0,0
bebb7c512d6e4c20b498a73243a8cc34,deepseek-chat,2073,806,2879
bebb7c512d6e4c20b498a73243a8cc34,unknown,0,0,0
becdba495d6746fa99282b0e0f253f6b,ark/deepseek-v3,8641,1720,10361
becdba495d6746fa99282b0e0f253f6b,unknown,0,0,0
bed279d841194e738985df62cb350f1f,unknown,0,0,0
bedca6db9d37482687ec6976e46c27fb,ark/deepseek-v3,2303,1013,3316
bedca6db9d37482687ec6976e46c27fb,unknown,0,0,0
bedccfa7a7284dc38f4a73381798f534,ark/deepseek-v3,1455,236,1691
bedccfa7a7284dc38f4a73381798f534,unknown,0,0,0
bee714cd9c10477e907d8be7590b52ef,deepseek-chat,658,378,1036
bee714cd9c10477e907d8be7590b52ef,unknown,0,0,0
bef53df3a97e4afea15760e1096832e8,ark/deepseek-v3-1,1405,834,2239
bef53df3a97e4afea15760e1096832e8,unknown,0,0,0
befc0b1c84654d69b182cb88dd5f5596,deepseek-chat,561,207,768
befc0b1c84654d69b182cb88dd5f5596,unknown,0,0,0
befc940020784294a395992ff9a83088,ark/deepseek-v3,1455,206,1661
befc940020784294a395992ff9a83088,unknown,0,0,0
bf05da31c79b431ea48e15af54257ee8,deepseek-chat,2657,1274,3931
bf05da31c79b431ea48e15af54257ee8,unknown,0,0,0
bf08824a4c8341988ca2b6756ccdabaa,ark/deepseek-v3-1,0,0,0
bf08824a4c8341988ca2b6756ccdabaa,unknown,0,0,0
bf08f1d9e56544d793a3a96d469a85de,deepseek-chat,1122,392,1514
bf08f1d9e56544d793a3a96d469a85de,unknown,0,0,0
bf117cccf9544981bfb6f402db25189f,deepseek-chat,932,231,1163
bf117cccf9544981bfb6f402db25189f,gpt-4.1,672,283,955
bf117cccf9544981bfb6f402db25189f,unknown,0,0,0
bf18fe6f6ae84c2ead78ae22590a538d,deepseek-chat,1718,887,2605
bf18fe6f6ae84c2ead78ae22590a538d,unknown,0,0,0
bf195ac4fd1e450a8bafa5ed97a53226,ark/deepseek-v3,1937,389,2326
bf195ac4fd1e450a8bafa5ed97a53226,unknown,0,0,0
bf1a11344dfc4bb8bdb80fd2dfc3750c,ark/deepseek-v3,0,0,0
bf1a11344dfc4bb8bdb80fd2dfc3750c,unknown,0,0,0
bf1d4a576711413199036bac202f354f,ark/deepseek-v3,465,90,555
bf1d4a576711413199036bac202f354f,unknown,0,0,0
bf1dc3bbbf1f40c4ac18ea81e3cafb7b,deepseek-chat,4737,1906,6643
bf1dc3bbbf1f40c4ac18ea81e3cafb7b,gpt-4.1,4291,917,5208
bf1dc3bbbf1f40c4ac18ea81e3cafb7b,unknown,0,0,0
bf214ec88728492c935ca58026faee0d,unknown,0,0,0
bf241da481554b4c961e57b97af95ce0,ark/deepseek-v3,1245,314,1559
bf241da481554b4c961e57b97af95ce0,unknown,0,0,0
bf287aafe641449db872153242c69e11,deepseek-chat,2707,974,3681
bf287aafe641449db872153242c69e11,unknown,0,0,0
bf29ac367d9046829387b65000831bde,ark/deepseek-v3,6962,1486,8448
bf29ac367d9046829387b65000831bde,unknown,0,0,0
bf2ded335b7f4a9a8d01467b8aa96c77,ark/deepseek-v3,2128,993,3121
bf2ded335b7f4a9a8d01467b8aa96c77,unknown,0,0,0
bf3231239b6842a785e3c50596d62e3d,deepseek-chat,561,207,768
bf3231239b6842a785e3c50596d62e3d,unknown,0,0,0
bf360d2a9a6547e195e10174bbbec81d,ark/deepseek-v3-1,1560,1107,2667
bf360d2a9a6547e195e10174bbbec81d,gpt-4.1,1585,474,2059
bf360d2a9a6547e195e10174bbbec81d,unknown,0,0,0
bf3c289be8924f2aab3cc98b231678d5,ark/deepseek-v3,467,95,562
bf3c289be8924f2aab3cc98b231678d5,unknown,0,0,0
bf3dbcd67031449686555113abd596e3,ark/deepseek-v3,8629,1810,10439
bf3dbcd67031449686555113abd596e3,unknown,0,0,0
bf4605fb08684074b72136221e240bda,deepseek-chat,785,376,1161
bf4605fb08684074b72136221e240bda,unknown,0,0,0
bf47acd23aff47d38927eb2e4bf84f74,ark/deepseek-v3,2156,886,3042
bf47acd23aff47d38927eb2e4bf84f74,unknown,0,0,0
bf4f7e5be89d4dcfab4ab0e0c6156385,deepseek-chat,671,361,1032
bf4f7e5be89d4dcfab4ab0e0c6156385,unknown,0,0,0
bf51db2d542a4973a0292ffb7efd625c,ark/deepseek-v3-1,986,455,1441
bf51db2d542a4973a0292ffb7efd625c,unknown,0,0,0
bf5c59f0341f461a89c72fede39f9c99,ark/deepseek-v3,4238,1983,6221
bf5c59f0341f461a89c72fede39f9c99,unknown,0,0,0
bf5dc873b8b44677b3df4f41a384b2a2,deepseek-chat,0,0,0
bf5dc873b8b44677b3df4f41a384b2a2,unknown,0,0,0
bf609aa8b69e4e0081500a39e8fd8451,deepseek-chat,671,419,1090
bf609aa8b69e4e0081500a39e8fd8451,unknown,0,0,0
bf6be8968bdf4ef9bd35a74babf721b3,deepseek-chat,561,207,768
bf6be8968bdf4ef9bd35a74babf721b3,unknown,0,0,0
bf6c99c6495046db937779a393426d51,ark/deepseek-v3,1284,675,1959
bf6c99c6495046db937779a393426d51,unknown,0,0,0
bf7000f93430494e8b80e388acaabf58,ark/deepseek-v3,1089,347,1436
bf7000f93430494e8b80e388acaabf58,unknown,0,0,0
bf717468391d4657909e4c6e2510a87d,ark/deepseek-v3,40270,6138,46408
bf717468391d4657909e4c6e2510a87d,deepseek-chat,4646,324,4970
bf717468391d4657909e4c6e2510a87d,unknown,0,0,0
bf7281382abc4f55a06c1c037924584d,deepseek-chat,740,250,990
bf7281382abc4f55a06c1c037924584d,unknown,0,0,0
bf75e79b5de54768bcdb544431c21a61,ark/deepseek-v3,559,177,736
bf75e79b5de54768bcdb544431c21a61,unknown,0,0,0
bf8965a203b34307ab855951695fe797,ark/deepseek-v3-1,877,542,1419
bf8965a203b34307ab855951695fe797,unknown,0,0,0
bf8a7deb303a411cb05ccaab5c1880c8,deepseek-chat,473,119,592
bf8a7deb303a411cb05ccaab5c1880c8,unknown,0,0,0
bf8df6a31eaa43bbbaf836770b460961,ark/deepseek-v3,0,0,0
bf8df6a31eaa43bbbaf836770b460961,unknown,0,0,0
bf9563bddd2845d489bd5820bbcea689,ark/deepseek-v3,5098,795,5893
bf9563bddd2845d489bd5820bbcea689,unknown,0,0,0
bf9d1b9a99384cf68565f712b187c144,ark/deepseek-v3,3953,1422,5375
bf9d1b9a99384cf68565f712b187c144,unknown,0,0,0
bfa4284a9ac44ed5aa3e1b3d01ee4ef9,ark/deepseek-v3-1,2661,959,3620
bfa4284a9ac44ed5aa3e1b3d01ee4ef9,unknown,0,0,0
bfa80632b1294e24a558c430863fa0f5,ark/deepseek-v3,701,176,877
bfa80632b1294e24a558c430863fa0f5,unknown,0,0,0
bfb020c8bfcd4b16a2794bd07c233ce8,deepseek-chat,1426,658,2084
bfb020c8bfcd4b16a2794bd07c233ce8,unknown,0,0,0
bfb4b6ee91c543dca07f2c40b555203a,ark/deepseek-v3,3618,610,4228
bfb4b6ee91c543dca07f2c40b555203a,unknown,0,0,0
bfc2a962400b4adf8d732d6135cde5f7,deepseek-chat,0,0,0
bfc2a962400b4adf8d732d6135cde5f7,unknown,0,0,0
bfc42e4fe7c045abb1c5b7a375e670bb,deepseek-chat,1189,187,1376
bfc42e4fe7c045abb1c5b7a375e670bb,unknown,0,0,0
bfcb193cda8140a2bddd5ed22791e501,deepseek-chat,724,315,1039
bfcb193cda8140a2bddd5ed22791e501,unknown,0,0,0
bfcdaeb67ddb4c71b43c62528aeccc58,ark/deepseek-v3,1251,216,1467
bfcdaeb67ddb4c71b43c62528aeccc58,unknown,0,0,0
bfcdebc4aceb40c28c6dba2a8a02aae9,ark/deepseek-v3,3143,304,3447
bfcdebc4aceb40c28c6dba2a8a02aae9,unknown,0,0,0
bfce04a0f0644ee280cb2d9ea9d543e5,ark/kimi-k2,810,265,1075
bfce04a0f0644ee280cb2d9ea9d543e5,deepseek-chat,782,213,995
bfce04a0f0644ee280cb2d9ea9d543e5,unknown,0,0,0
bfde6234a27d49f5a1b3b4de16846524,ark/deepseek-v3,14032,2751,16783
bfde6234a27d49f5a1b3b4de16846524,unknown,0,0,0
bfe45a5220a54679a4547a8ef3cdf25c,ark/deepseek-v3,467,101,568
bfe45a5220a54679a4547a8ef3cdf25c,unknown,0,0,0
bfe5cbe62fb54eeab0761b1b026331d8,ark/deepseek-v3,2347,1030,3377
bfe5cbe62fb54eeab0761b1b026331d8,unknown,0,0,0
bff9f684ef0c47219213f563de0540ab,ark/deepseek-v3,5532,494,6026
bff9f684ef0c47219213f563de0540ab,unknown,0,0,0
c00acb359ae74e4d8aea946ff859d55b,ark/deepseek-v3,467,89,556
c00acb359ae74e4d8aea946ff859d55b,unknown,0,0,0
c011040914bf49b69dc4f64f5fb52022,ark/deepseek-v3,701,171,872
c011040914bf49b69dc4f64f5fb52022,unknown,0,0,0
c0148b79bd514b31a8b9601d4faea72d,ark/deepseek-v3,7624,1551,9175
c0148b79bd514b31a8b9601d4faea72d,unknown,0,0,0
c0288b342fe04b6ca2942ecb96900695,ark/deepseek-v3,0,0,0
c0288b342fe04b6ca2942ecb96900695,unknown,0,0,0
c0323fa379a54244b178b275ac288928,ark/deepseek-v3-1,5540,675,6215
c0323fa379a54244b178b275ac288928,unknown,0,0,0
c0339a0e081243e0bf05a788255100b5,ark/deepseek-v3,0,0,0
c0339a0e081243e0bf05a788255100b5,unknown,0,0,0
c0419bd1883a44bdab8918dad505f474,deepseek-chat,670,360,1030
c0419bd1883a44bdab8918dad505f474,unknown,0,0,0
c041aeda0d174bb4a9eb1f347b4e0480,deepseek-chat,93,833,926
c041aeda0d174bb4a9eb1f347b4e0480,unknown,0,0,0
c041af5b645b4aa3bea244d22b623d3b,ark/deepseek-v3,2984,659,3643
c041af5b645b4aa3bea244d22b623d3b,unknown,0,0,0
c04586b497934df2a5685b32ea90bb94,deepseek-chat,1563,510,2073
c04586b497934df2a5685b32ea90bb94,unknown,0,0,0
c047ecb0050a426da64e5ef1b4d9c55c,ark/deepseek-v3,32605,6690,39295
c047ecb0050a426da64e5ef1b4d9c55c,unknown,0,0,0
c04f9cc8cabf4751aa5737c0c5313c4e,ark/deepseek-v3,704,551,1255
c04f9cc8cabf4751aa5737c0c5313c4e,unknown,0,0,0
c054b3a4aed2440eb74f94a0d3a43f92,ark/deepseek-v3,6301,1320,7621
c054b3a4aed2440eb74f94a0d3a43f92,unknown,0,0,0
c05646a5faeb44e79b96dec9d6a61526,deepseek-chat,5,264,269
c05646a5faeb44e79b96dec9d6a61526,unknown,0,0,0
c0586a41757c4e54b7dfbb7ab721c4ef,ark/deepseek-v3,1065,339,1404
c0586a41757c4e54b7dfbb7ab721c4ef,unknown,0,0,0
c05a6a158195478db5dadc24b1c96cd5,deepseek-chat,0,0,0
c05a6a158195478db5dadc24b1c96cd5,unknown,0,0,0
c0604e9665684c1f94f4264661619067,ark/deepseek-v3,0,0,0
c0604e9665684c1f94f4264661619067,unknown,0,0,0
c061d0fbc0b4417c80e0eaa8795a5c69,ark/deepseek-v3,0,0,0
c061d0fbc0b4417c80e0eaa8795a5c69,unknown,0,0,0
c06bce879ebf4d2fa49edac35e9f104a,unknown,0,0,0
c06cc46da0cc40c0930327f6be86f89c,ark/deepseek-v3,2041,1025,3066
c06cc46da0cc40c0930327f6be86f89c,unknown,0,0,0
c06ce9b20c994a51a7512f0c6e36936c,ark/deepseek-v3,0,0,0
c06ce9b20c994a51a7512f0c6e36936c,unknown,0,0,0
c06d6c7b0e0b4fd997200417e44c0b22,ark/deepseek-v3,1251,231,1482
c06d6c7b0e0b4fd997200417e44c0b22,unknown,0,0,0
c07cb17c34f1454598be891de2981ea3,deepseek-chat,824,459,1283
c07cb17c34f1454598be891de2981ea3,unknown,0,0,0
c07f3f8354334637b03f5f62dda82f61,deepseek-chat,671,431,1102
c07f3f8354334637b03f5f62dda82f61,unknown,0,0,0
c083e5b4474e4db7ac6e16e416c4915f,ark/deepseek-v3,6616,766,7382
c083e5b4474e4db7ac6e16e416c4915f,unknown,0,0,0
c0856992dc384807810ae95e13500d43,ark/deepseek-v3,1455,214,1669
c0856992dc384807810ae95e13500d43,unknown,0,0,0
c085fe8514f6409eb8383543973b8c2d,deepseek-chat,3092,900,3992
c085fe8514f6409eb8383543973b8c2d,gpt-4.1,2973,583,3556
c085fe8514f6409eb8383543973b8c2d,unknown,0,0,0
c0891e4b491d4acbba88ee925998b696,ark/deepseek-v3,718,359,1077
c0891e4b491d4acbba88ee925998b696,unknown,0,0,0
c0910b2a386f4dbaaf33278eea13f80d,ark/deepseek-v3,0,0,0
c0910b2a386f4dbaaf33278eea13f80d,unknown,0,0,0
c091fe3125fc4976a4c55f413a43b7c3,ark/deepseek-v3,8379,2239,10618
c091fe3125fc4976a4c55f413a43b7c3,unknown,0,0,0
c09269ee42914a15add42119cdb6fb2e,ark/deepseek-v3,6188,1702,7890
c09269ee42914a15add42119cdb6fb2e,gpt-4.1,640,21,661
c09269ee42914a15add42119cdb6fb2e,unknown,0,0,0
c095570ef14e4f59947e2f68dc057d76,deepseek-chat,2102,937,3039
c095570ef14e4f59947e2f68dc057d76,unknown,0,0,0
c098684151e14913ac59d1a8111a5b43,ark/deepseek-v3,701,198,899
c098684151e14913ac59d1a8111a5b43,unknown,0,0,0
c09c213fd8944048a623e0a7a5a51b23,ark/deepseek-v3,1229,628,1857
c09c213fd8944048a623e0a7a5a51b23,unknown,0,0,0
c09ccf761e5a42dda96bee7bee0ff7b6,ark/deepseek-v3,467,107,574
c09ccf761e5a42dda96bee7bee0ff7b6,unknown,0,0,0
c09d0b3b86ee4cdb83ecc6c05629ef9d,ark/deepseek-v3,465,98,563
c09d0b3b86ee4cdb83ecc6c05629ef9d,unknown,0,0,0
c09d1c55ac064696bd2f966ac74ab7c9,deepseek-chat,1056,472,1528
c09d1c55ac064696bd2f966ac74ab7c9,gpt-4.1,942,29,971
c09d1c55ac064696bd2f966ac74ab7c9,unknown,0,0,0
c0a242e58cbe4f3b89a3ed01505830fa,ark/deepseek-v3-1,528,218,746
c0a242e58cbe4f3b89a3ed01505830fa,unknown,0,0,0
c0a55cfda32b40af8ee2a77b9786e5e1,ark/deepseek-v3,1455,180,1635
c0a55cfda32b40af8ee2a77b9786e5e1,unknown,0,0,0
c0a9674bc1ea4ddcaf4ad1e2792881ee,deepseek-chat,1492,722,2214
c0a9674bc1ea4ddcaf4ad1e2792881ee,unknown,0,0,0
c0ab664637a643ac90ae139b7f5f4ec6,ark/deepseek-v3,467,101,568
c0ab664637a643ac90ae139b7f5f4ec6,unknown,0,0,0
c0ae88178a5845aab3aae72fe1661a47,deepseek-chat,0,0,0
c0ae88178a5845aab3aae72fe1661a47,unknown,0,0,0
c0b5585d342f4b5885aa5258891fce68,deepseek-chat,561,207,768
c0b5585d342f4b5885aa5258891fce68,unknown,0,0,0
c0b7cb28d07e45b586b0f69cc5e3f95c,ark/deepseek-v3,467,96,563
c0b7cb28d07e45b586b0f69cc5e3f95c,unknown,0,0,0
c0b9b73166ff4c63b16b513d4de0fa4e,deepseek-chat,3305,1303,4608
c0b9b73166ff4c63b16b513d4de0fa4e,gpt-4.1,3359,1053,4412
c0b9b73166ff4c63b16b513d4de0fa4e,unknown,0,0,0
c0bc350383c74466987303e633f9d7fa,ark/deepseek-v3,467,92,559
c0bc350383c74466987303e633f9d7fa,unknown,0,0,0
c0c8a86716014e5d8faedf6e23daa92b,deepseek-chat,2572,1599,4171
c0c8a86716014e5d8faedf6e23daa92b,unknown,0,0,0
c0c9e6c7f51c49f7b77c72219aa7e1f9,deepseek-chat,0,0,0
c0c9e6c7f51c49f7b77c72219aa7e1f9,unknown,0,0,0
c0cb2801a0af46d8ae0a95c456edaf06,deepseek-chat,1518,277,1795
c0cb2801a0af46d8ae0a95c456edaf06,unknown,0,0,0
c0d37801af0649adb814ede5579569f3,deepseek-chat,3272,1440,4712
c0d37801af0649adb814ede5579569f3,gpt-4.1,3391,979,4370
c0d37801af0649adb814ede5579569f3,unknown,0,0,0
c0d8fff8991d41079f1fc203362d7d7a,ark/deepseek-v3-1,5556,887,6443
c0d8fff8991d41079f1fc203362d7d7a,unknown,0,0,0
c0eca5d37bb54ce8a95b85a7c0f2b183,deepseek-chat,3261,1470,4731
c0eca5d37bb54ce8a95b85a7c0f2b183,gpt-4.1,3324,903,4227
c0eca5d37bb54ce8a95b85a7c0f2b183,unknown,0,0,0
c0ee4ce6ba984592b75f95ed15cec589,deepseek-chat,8123,934,9057
c0ee4ce6ba984592b75f95ed15cec589,unknown,0,0,0
c0f24b710ab346548b3f16e0d6ba7c9e,deepseek-chat,1388,281,1669
c0f24b710ab346548b3f16e0d6ba7c9e,unknown,0,0,0
c0f5bee77aab450fa91ea8c2302f2a9b,deepseek-chat,1056,460,1516
c0f5bee77aab450fa91ea8c2302f2a9b,gpt-4.1,565,21,586
c0f5bee77aab450fa91ea8c2302f2a9b,unknown,0,0,0
c0f6f98ce37a463abe7812d887db58ee,ark/deepseek-v3,467,92,559
c0f6f98ce37a463abe7812d887db58ee,unknown,0,0,0
c0f9a5809f014f7bbc06bf0b15010908,ark/deepseek-v3,10990,1999,12989
c0f9a5809f014f7bbc06bf0b15010908,unknown,0,0,0
c0fb9b092f1e4bb8b09df7e1981ced9e,deepseek-chat,813,490,1303
c0fb9b092f1e4bb8b09df7e1981ced9e,unknown,0,0,0
c0fc95f0670c42619b3013a1c9bd231f,ark/deepseek-v3,0,0,0
c0fc95f0670c42619b3013a1c9bd231f,unknown,0,0,0
c0ff60e7f64a4cb5bf02295e632d9532,ark/deepseek-v3,1191,652,1843
c0ff60e7f64a4cb5bf02295e632d9532,unknown,0,0,0
c0ffa94a39224e199bbbe86754baf78a,deepseek-chat,670,315,985
c0ffa94a39224e199bbbe86754baf78a,unknown,0,0,0
c109fc3c5c7e44de9a9decae5fc42a40,deepseek-chat,1444,687,2131
c109fc3c5c7e44de9a9decae5fc42a40,unknown,0,0,0
c10f2c2538bf48e58c2cd30b322ad546,ark/deepseek-v3,467,96,563
c10f2c2538bf48e58c2cd30b322ad546,unknown,0,0,0
c11576c431a14b9b8ee16e95b5a3b2a8,deepseek-chat,1450,426,1876
c11576c431a14b9b8ee16e95b5a3b2a8,unknown,0,0,0
c11fc6cf040c41d794ac23f667945edb,deepseek-chat,874,477,1351
c11fc6cf040c41d794ac23f667945edb,unknown,0,0,0
c1205e9cc94a4e5d9b175f51a94e2a07,ark/deepseek-v3-1,2173,329,2502
c1205e9cc94a4e5d9b175f51a94e2a07,unknown,0,0,0
c126c004b115455f9bdff9a5c3eca6e7,ark/deepseek-v3,1392,261,1653
c126c004b115455f9bdff9a5c3eca6e7,unknown,0,0,0
c12e5b11327d46ad96d0cbc9afd313f2,deepseek-chat,869,421,1290
c12e5b11327d46ad96d0cbc9afd313f2,unknown,0,0,0
c1326eb9566a4428b11f480a6fbeec48,deepseek-chat,1369,465,1834
c1326eb9566a4428b11f480a6fbeec48,unknown,0,0,0
c1336dd95dab40869b851e1ba195cdbf,deepseek-chat,0,0,0
c1336dd95dab40869b851e1ba195cdbf,unknown,0,0,0
c134159ebb6f4e3180703d3b6231e863,ark/deepseek-v3,1257,635,1892
c134159ebb6f4e3180703d3b6231e863,unknown,0,0,0
c1354d77af18477d8b92edd9be36fa4c,ark/deepseek-v3,901,221,1122
c1354d77af18477d8b92edd9be36fa4c,unknown,0,0,0
c1358945a6904b85ab1b16978db7c2b5,ark/deepseek-v3,0,0,0
c1358945a6904b85ab1b16978db7c2b5,unknown,0,0,0
c13e127b9ebf4dde979ec1bc8e4bfbfb,deepseek-chat,2620,1265,3885
c13e127b9ebf4dde979ec1bc8e4bfbfb,unknown,0,0,0
c14257c772b044f9b16b6465f96c40e4,deepseek-chat,1388,578,1966
c14257c772b044f9b16b6465f96c40e4,unknown,0,0,0
c143607c7388439da20ac41b076009ff,ark/deepseek-v3,758,97,855
c143607c7388439da20ac41b076009ff,unknown,0,0,0
c14c8138118f43f380a19f9b53c72f25,ark/deepseek-v3-1,1405,763,2168
c14c8138118f43f380a19f9b53c72f25,unknown,0,0,0
c14d1cba94aa4afc9293689b15e809d0,ark/deepseek-v3-1,0,0,0
c14d1cba94aa4afc9293689b15e809d0,unknown,0,0,0
c14d859397e54dbe8bb4c0246eb1cec8,ark/deepseek-v3,465,92,557
c14d859397e54dbe8bb4c0246eb1cec8,unknown,0,0,0
c14faf56919f4807a0dc2a4818e983a0,ark/deepseek-v3,701,181,882
c14faf56919f4807a0dc2a4818e983a0,unknown,0,0,0
c1582b430c314a1d883440f944ff2059,deepseek-chat,7848,896,8744
c1582b430c314a1d883440f944ff2059,gpt-4.1,2209,439,2648
c1582b430c314a1d883440f944ff2059,unknown,0,0,0
c158dfc68e04493798db9cf112e6b578,deepseek-chat,985,522,1507
c158dfc68e04493798db9cf112e6b578,unknown,0,0,0
c160a0cd25754380b0a469402e2fadb1,ark/deepseek-v3-1,1821,650,2471
c160a0cd25754380b0a469402e2fadb1,unknown,0,0,0
c160acf210874bb3b3280a90a5ca3940,unknown,0,0,0
c16ac8f3c97847988bd20933ca900fbf,deepseek-chat,561,207,768
c16ac8f3c97847988bd20933ca900fbf,unknown,0,0,0
c179c5258452459c80d5da0914144456,ark/deepseek-v3,1251,215,1466
c179c5258452459c80d5da0914144456,unknown,0,0,0
c17a6f1600b84c07a2ab2cdba1489ccf,ark/deepseek-v3,1455,215,1670
c17a6f1600b84c07a2ab2cdba1489ccf,unknown,0,0,0
c17e725d2a2c41f3b64dc1f8dfa4ce43,ark/deepseek-v3,467,93,560
c17e725d2a2c41f3b64dc1f8dfa4ce43,unknown,0,0,0
c185db4384414cddbf24a57309528547,ark/deepseek-v3,467,121,588
c185db4384414cddbf24a57309528547,unknown,0,0,0
c18bd1222f53401eb567387e21132351,ark/deepseek-v3,1455,201,1656
c18bd1222f53401eb567387e21132351,unknown,0,0,0
c192168b1ade49ab87e8a1ce70d7e4b1,deepseek-chat,2221,929,3150
c192168b1ade49ab87e8a1ce70d7e4b1,unknown,0,0,0
c198c75658f54df5883cc2d0e260f060,ark/deepseek-v3,1251,234,1485
c198c75658f54df5883cc2d0e260f060,unknown,0,0,0
c19f682f4c3e4f9796d30d24d2d077bc,ark/deepseek-v3,1462,884,2346
c19f682f4c3e4f9796d30d24d2d077bc,unknown,0,0,0
c1a029fe58f34623ac320be10be81b86,deepseek-chat,2592,1282,3874
c1a029fe58f34623ac320be10be81b86,unknown,0,0,0
c1a0a3bb99444d618985d3b7a9542a7a,deepseek-chat,2061,703,2764
c1a0a3bb99444d618985d3b7a9542a7a,unknown,0,0,0
c1a272d203b4429c927ccd0a193964f7,deepseek-chat,2270,645,2915
c1a272d203b4429c927ccd0a193964f7,unknown,0,0,0
c1a568008a304b22ad05e06285f09c6e,ark/deepseek-v3,701,175,876
c1a568008a304b22ad05e06285f09c6e,unknown,0,0,0
c1a6f5d80600477780c85f896626e532,deepseek-chat,3453,1058,4511
c1a6f5d80600477780c85f896626e532,gpt-4.1,4116,807,4923
c1a6f5d80600477780c85f896626e532,unknown,0,0,0
c1a82f3471ae4e7d88068819d10fee9d,ark/deepseek-v3,1455,202,1657
c1a82f3471ae4e7d88068819d10fee9d,unknown,0,0,0
c1ad14672fc14681bc1820661c1049ee,ark/deepseek-v3,467,92,559
c1ad14672fc14681bc1820661c1049ee,unknown,0,0,0
c1bc1e2e7e8740dfb7212bb7d3243536,ark/deepseek-v3,1088,347,1435
c1bc1e2e7e8740dfb7212bb7d3243536,unknown,0,0,0
c1dcf900cbd341619e7371502762f78e,ark/deepseek-v3,15403,2703,18106
c1dcf900cbd341619e7371502762f78e,deepseek-chat,4965,96,5061
c1dcf900cbd341619e7371502762f78e,unknown,0,0,0
c1df907a5acf4a11b280e0967542b092,ark/deepseek-v3,0,0,0
c1df907a5acf4a11b280e0967542b092,unknown,0,0,0
c1e0b71f0546428b9221ed0378f9cb57,ark/deepseek-v3,1455,156,1611
c1e0b71f0546428b9221ed0378f9cb57,unknown,0,0,0
c1e7a1db2c574a1dbf27b2d2c28515c4,deepseek-chat,3430,1213,4643
c1e7a1db2c574a1dbf27b2d2c28515c4,gpt-4.1,4095,884,4979
c1e7a1db2c574a1dbf27b2d2c28515c4,unknown,0,0,0
c1ef3e3d78ee4036907905186d1da001,deepseek-chat,41034,1958,42992
c1ef3e3d78ee4036907905186d1da001,unknown,0,0,0
c1f051c87a9d4bd38a7600113068c073,ark/deepseek-v3,1455,204,1659
c1f051c87a9d4bd38a7600113068c073,unknown,0,0,0
c1f4d259eca94ebb9fc2878f730b26e5,unknown,0,0,0
c1f51f99cb4b476b98fbde31dcca7abe,ark/deepseek-v3,467,93,560
c1f51f99cb4b476b98fbde31dcca7abe,unknown,0,0,0
c1fdd74ba0c648ddac15c5c7a3fe7074,unknown,0,0,0
c208041dc0e3495b8e5d806a2c8346cc,deepseek-chat,7550,2038,9588
c208041dc0e3495b8e5d806a2c8346cc,unknown,0,0,0
c20dfebc01d14805a2424878497ea8c4,deepseek-chat,671,361,1032
c20dfebc01d14805a2424878497ea8c4,unknown,0,0,0
c20f7806bc2a48a59f8659ef8ff2ae12,ark/deepseek-v3-1,3858,1904,5762
c20f7806bc2a48a59f8659ef8ff2ae12,unknown,0,0,0
c20fd94eef9a42da9983026de4ed66e1,ark/deepseek-v3,2121,1073,3194
c20fd94eef9a42da9983026de4ed66e1,unknown,0,0,0
c21248219fc648edab669977b62720c0,ark/deepseek-v3,6952,1456,8408
c21248219fc648edab669977b62720c0,unknown,0,0,0
c21388a6f5c14a33bb915400c9be30d5,deepseek-chat,671,497,1168
c21388a6f5c14a33bb915400c9be30d5,unknown,0,0,0
c2142e90ae99475b8412971f07460c8e,deepseek-chat,670,334,1004
c2142e90ae99475b8412971f07460c8e,unknown,0,0,0
c21d86dbad5d4d5184ce62dd133d6e73,deepseek-chat,714,313,1027
c21d86dbad5d4d5184ce62dd133d6e73,unknown,0,0,0
c22a5026932a48349e8201ee1123fca6,ark/deepseek-v3,705,353,1058
c22a5026932a48349e8201ee1123fca6,unknown,0,0,0
c22ae86660ce4242ae26a7409375b411,deepseek-chat,6218,1851,8069
c22ae86660ce4242ae26a7409375b411,unknown,0,0,0
c22c5887d6b44b3a83c4bf6103c2a75a,deepseek-chat,2193,835,3028
c22c5887d6b44b3a83c4bf6103c2a75a,unknown,0,0,0
c2343f70445f437ebc382ff7622d264d,deepseek-chat,1055,397,1452
c2343f70445f437ebc382ff7622d264d,gpt-4.1,941,28,969
c2343f70445f437ebc382ff7622d264d,unknown,0,0,0
c2346d7535b6429bbfb3a2342c0f4303,ark/deepseek-v3,1455,219,1674
c2346d7535b6429bbfb3a2342c0f4303,unknown,0,0,0
c236f672e948415e8aaa7768aab4fd01,deepseek-chat,3390,1227,4617
c236f672e948415e8aaa7768aab4fd01,gpt-4.1,3493,997,4490
c236f672e948415e8aaa7768aab4fd01,unknown,0,0,0
c23802d091094e95a82537469993975a,ark/deepseek-v3,1159,312,1471
c23802d091094e95a82537469993975a,unknown,0,0,0
c23cc108703f442f9f1c548028983c4d,ark/deepseek-v3-1,20212,2936,23148
c23cc108703f442f9f1c548028983c4d,unknown,0,0,0
c24119c2392a4630b699c201447d2393,deepseek-chat,561,207,768
c24119c2392a4630b699c201447d2393,unknown,0,0,0
c246cecf2cb345bb9c00afd04d5f0bb2,ark/deepseek-v3,2086,844,2930
c246cecf2cb345bb9c00afd04d5f0bb2,unknown,0,0,0
c24a483c754b4b52aa467b8782ec18bb,ark/deepseek-v3,1088,252,1340
c24a483c754b4b52aa467b8782ec18bb,unknown,0,0,0
c24ddfa0d2944f53b99e829d07464e55,ark/deepseek-v3,4867,1202,6069
c24ddfa0d2944f53b99e829d07464e55,unknown,0,0,0
c250b0b4632546149474b225a98e1c10,deepseek-chat,561,209,770
c250b0b4632546149474b225a98e1c10,unknown,0,0,0
c2599d4d93ec4ee09aebc52a35086afa,ark/deepseek-v3,1251,216,1467
c2599d4d93ec4ee09aebc52a35086afa,unknown,0,0,0
c2622eb75a2b4b5cb30c70bcfc355429,unknown,0,0,0
c263871004bb4fd698f95e87f658d333,deepseek-chat,561,206,767
c263871004bb4fd698f95e87f658d333,unknown,0,0,0
c26a1a21166d4ca89e2ca64857ea1bed,deepseek-chat,1318,301,1619
c26a1a21166d4ca89e2ca64857ea1bed,gpt-4.1,2201,464,2665
c26a1a21166d4ca89e2ca64857ea1bed,unknown,0,0,0
c26ab12b6ee14c91ba00f0d59fc8ff87,ark/deepseek-v3,5504,1293,6797
c26ab12b6ee14c91ba00f0d59fc8ff87,unknown,0,0,0
c26bd644f3c449d393a381e7ae97be5f,deepseek-chat,1166,310,1476
c26bd644f3c449d393a381e7ae97be5f,unknown,0,0,0
c26d362b014a49d08baacb4cd5fe0e53,deepseek-chat,658,321,979
c26d362b014a49d08baacb4cd5fe0e53,unknown,0,0,0
c27170c1beed4d8984a42e5c92733a87,ark/deepseek-v3,3623,708,4331
c27170c1beed4d8984a42e5c92733a87,unknown,0,0,0
c278f47398ef4785a9e877ceee05e8b5,deepseek-chat,6016,2052,8068
c278f47398ef4785a9e877ceee05e8b5,unknown,0,0,0
c281713cf6594470b8b3a4cf2d47b7cd,ark/deepseek-v3,6664,2019,8683
c281713cf6594470b8b3a4cf2d47b7cd,deepseek-chat,6901,352,7253
c281713cf6594470b8b3a4cf2d47b7cd,gpt-4.1,1280,74,1354
c281713cf6594470b8b3a4cf2d47b7cd,unknown,0,0,0
c285cd2b88fe4ba98f908ff01e9aecc7,deepseek-chat,671,400,1071
c285cd2b88fe4ba98f908ff01e9aecc7,unknown,0,0,0
c287c6fb5d6f4353997dd4057daffb4f,ark/deepseek-v3-1,4760,1682,6442
c287c6fb5d6f4353997dd4057daffb4f,unknown,0,0,0
c29a5484ff97442f84d31584655107e5,deepseek-chat,658,357,1015
c29a5484ff97442f84d31584655107e5,unknown,0,0,0
c29bbb24363e492faedb2ac77c133c8b,deepseek-chat,2528,838,3366
c29bbb24363e492faedb2ac77c133c8b,unknown,0,0,0
c29d3a9634c347a790cfba076cdf39d0,ark/deepseek-v3,695,77,772
c29d3a9634c347a790cfba076cdf39d0,deepseek-chat,22327,508,22835
c29d3a9634c347a790cfba076cdf39d0,unknown,0,0,0
c2a57dd83cf946a1b022800e2ac83396,ark/deepseek-v3,1119,343,1462
c2a57dd83cf946a1b022800e2ac83396,unknown,0,0,0
c2a886f644454a51aa59018fc564f831,deepseek-chat,2652,724,3376
c2a886f644454a51aa59018fc564f831,unknown,0,0,0
c2b7aecc122347daa7bd64a9150d6673,deepseek-chat,2231,781,3012
c2b7aecc122347daa7bd64a9150d6673,unknown,0,0,0
c2b969197eef44eeabee8a26177792a8,deepseek-chat,0,0,0
c2b969197eef44eeabee8a26177792a8,unknown,0,0,0
c2be0ec363184c809b5e57586c2c8094,deepseek-chat,732,249,981
c2be0ec363184c809b5e57586c2c8094,unknown,0,0,0
c2c1f0ded8164179a4820f9cc33163fb,ark/deepseek-v3-1,1405,843,2248
c2c1f0ded8164179a4820f9cc33163fb,unknown,0,0,0
c2c300f74d9d4217bbbe8bd88d59c7a7,ark/deepseek-v3,467,98,565
c2c300f74d9d4217bbbe8bd88d59c7a7,unknown,0,0,0
c2c5025629d44880b3c7f4d80150b37c,ark/deepseek-v3,9211,1725,10936
c2c5025629d44880b3c7f4d80150b37c,unknown,0,0,0
c2cd28192ab74fd7905040b7051e4258,ark/deepseek-v3,1466,782,2248
c2cd28192ab74fd7905040b7051e4258,unknown,0,0,0
c2cef8cea9cf40308394711ae7b84d9f,ark/deepseek-v3,1102,259,1361
c2cef8cea9cf40308394711ae7b84d9f,unknown,0,0,0
c2cf31727a134b289cd6fee7f850f63c,ark/deepseek-v3,15397,2773,18170
c2cf31727a134b289cd6fee7f850f63c,deepseek-chat,10147,248,10395
c2cf31727a134b289cd6fee7f850f63c,unknown,0,0,0
c2d13443e33f45e3b648908d244dcb15,deepseek-chat,3409,1233,4642
c2d13443e33f45e3b648908d244dcb15,gpt-4.1,3431,819,4250
c2d13443e33f45e3b648908d244dcb15,unknown,0,0,0
c2d75375e53347cd9758930906a86142,deepseek-chat,679,255,934
c2d75375e53347cd9758930906a86142,unknown,0,0,0
c2d76461fc46404b8a6002b8bcc47751,deepseek-chat,670,320,990
c2d76461fc46404b8a6002b8bcc47751,unknown,0,0,0
c2e1a8d092e344b8b87b8baad9cbf5b0,ark/deepseek-v3,1455,203,1658
c2e1a8d092e344b8b87b8baad9cbf5b0,unknown,0,0,0
c2e62580a443498a916f69271d5acb01,deepseek-chat,2667,751,3418
c2e62580a443498a916f69271d5acb01,unknown,0,0,0
c2e9fb268b874c9ca7246ce2621ab2ae,ark/deepseek-v3,3405,347,3752
c2e9fb268b874c9ca7246ce2621ab2ae,unknown,0,0,0
c2ebfb1793a140fcb6a67da31e1368d7,ark/deepseek-v3,1455,200,1655
c2ebfb1793a140fcb6a67da31e1368d7,unknown,0,0,0
c2ef68190a2947e994df87806b5e04e5,ark/deepseek-v3,467,92,559
c2ef68190a2947e994df87806b5e04e5,unknown,0,0,0
c2f4d85a3e3443a39f4a63ee203bfa50,ark/deepseek-v3-1,1146,448,1594
c2f4d85a3e3443a39f4a63ee203bfa50,unknown,0,0,0
c2fa25934d5247f19af6b7b01b1939e4,ark/deepseek-v3,1855,950,2805
c2fa25934d5247f19af6b7b01b1939e4,unknown,0,0,0
c2faab2abef64323b814a6254ad8e444,deepseek-chat,744,313,1057
c2faab2abef64323b814a6254ad8e444,unknown,0,0,0
c2ff95d47e684589b73403f5c7fcbb60,deepseek-chat,561,207,768
c2ff95d47e684589b73403f5c7fcbb60,unknown,0,0,0
c31148369f1a46cc8d347533b6996047,deepseek-chat,3173,1185,4358
c31148369f1a46cc8d347533b6996047,gpt-4.1,3323,927,4250
c31148369f1a46cc8d347533b6996047,unknown,0,0,0
c3122e8c19e24c818afc605449528f94,deepseek-chat,658,360,1018
c3122e8c19e24c818afc605449528f94,unknown,0,0,0
c3178c4e0f944db98814857feaa73560,deepseek-chat,4286,1913,6199
c3178c4e0f944db98814857feaa73560,unknown,0,0,0
c31dd60a79ec46889e21f929a8dc2b8a,ark/deepseek-v3,7202,1283,8485
c31dd60a79ec46889e21f929a8dc2b8a,unknown,0,0,0
c31ec6600baf4c22ad085d4f041bc861,ark/deepseek-v3-1,9851,841,10692
c31ec6600baf4c22ad085d4f041bc861,unknown,0,0,0
c3282306e19c4f5a875588a6171d556b,deepseek-chat,561,207,768
c3282306e19c4f5a875588a6171d556b,unknown,0,0,0
c32c78425aa7417e928c4032a5289fed,ark/deepseek-v3,701,200,901
c32c78425aa7417e928c4032a5289fed,unknown,0,0,0
c3379246ce3b4460a560c0533f7a6968,ark/deepseek-v3-1,1405,896,2301
c3379246ce3b4460a560c0533f7a6968,unknown,0,0,0
c33ab85589634678bb88e01ee816a5a4,deepseek-chat,671,375,1046
c33ab85589634678bb88e01ee816a5a4,unknown,0,0,0
c33ba77b52fa42d1941f660f3e925d85,ark/deepseek-v3,652,266,918
c33ba77b52fa42d1941f660f3e925d85,unknown,0,0,0
c3412ddf0e1f45b7951934468883acd9,ark/deepseek-v3,13444,2477,15921
c3412ddf0e1f45b7951934468883acd9,unknown,0,0,0
c34753c3aa954d10b658ded9d1b06ad9,ark/deepseek-v3,467,94,561
c34753c3aa954d10b658ded9d1b06ad9,unknown,0,0,0
c34772b320c147f5805b6d9061450227,ark/deepseek-v3-1,3834,1459,5293
c34772b320c147f5805b6d9061450227,unknown,0,0,0
c34a3292012e4bcba8b631d83be3f55e,deepseek-chat,882,281,1163
c34a3292012e4bcba8b631d83be3f55e,unknown,0,0,0
c34b8e6aa51b44ef89531263eee0e4d4,ark/deepseek-v3,2558,1386,3944
c34b8e6aa51b44ef89531263eee0e4d4,unknown,0,0,0
c34d96e6321c450d9a6944fcc5f85892,ark/deepseek-v3,467,130,597
c34d96e6321c450d9a6944fcc5f85892,unknown,0,0,0
c35aeac2f2d04117a19c7006322399af,ark/deepseek-v3,465,92,557
c35aeac2f2d04117a19c7006322399af,unknown,0,0,0
c3604a6ffa4c449ab855fa0a980c13c2,deepseek-chat,0,0,0
c3604a6ffa4c449ab855fa0a980c13c2,unknown,0,0,0
c3651c5f38824f0baf0417141467a2b1,ark/deepseek-v3,701,182,883
c3651c5f38824f0baf0417141467a2b1,unknown,0,0,0
c37a183569ca4013bf79ba00d15eb11a,ark/deepseek-v3,5628,1240,6868
c37a183569ca4013bf79ba00d15eb11a,unknown,0,0,0
c37b4497b3fc442b9369ce9ba5192ce7,ark/deepseek-v3,467,108,575
c37b4497b3fc442b9369ce9ba5192ce7,unknown,0,0,0
c37da9ef21cc4e29ad198ce3d0113a69,ark/deepseek-v3-1,0,0,0
c37da9ef21cc4e29ad198ce3d0113a69,unknown,0,0,0
c382ec2fec3f46899714d34c51ef1498,deepseek-chat,671,371,1042
c382ec2fec3f46899714d34c51ef1498,unknown,0,0,0
c3850cf271da4b7bb16e511afec92ea3,deepseek-chat,2396,765,3161
c3850cf271da4b7bb16e511afec92ea3,unknown,0,0,0
c388e179f26643d5a899e07714cd79f1,ark/deepseek-v3,1926,1056,2982
c388e179f26643d5a899e07714cd79f1,ark/deepseek-v3-1,0,0,0
c388e179f26643d5a899e07714cd79f1,unknown,0,0,0
c38923cd917941fba4dc0db7ac6b1919,deepseek-chat,671,356,1027
c38923cd917941fba4dc0db7ac6b1919,unknown,0,0,0
c38c306696474dae9f058e4995ca262d,ark/deepseek-v3,4426,1663,6089
c38c306696474dae9f058e4995ca262d,unknown,0,0,0
c3912587edbe4dae884df5c1088f82b9,ark/deepseek-v3,467,96,563
c3912587edbe4dae884df5c1088f82b9,unknown,0,0,0
c39333ad11104c1b84143ace0a3d7f90,deepseek-chat,671,404,1075
c39333ad11104c1b84143ace0a3d7f90,unknown,0,0,0
c39dd367482c4955b42930e6ed7af02c,ark/deepseek-v3-1,1405,815,2220
c39dd367482c4955b42930e6ed7af02c,unknown,0,0,0
c39e158ca7ba4de6a4bd2edefa8ae589,ark/deepseek-v3,4155,1314,5469
c39e158ca7ba4de6a4bd2edefa8ae589,unknown,0,0,0
c3a01b08e7a14192b6df1c00e086fbbb,ark/deepseek-v3,3143,319,3462
c3a01b08e7a14192b6df1c00e086fbbb,unknown,0,0,0
c3a6ee96a8454d7cb6a1589196b72ce2,deepseek-chat,670,340,1010
c3a6ee96a8454d7cb6a1589196b72ce2,unknown,0,0,0
c3a857aad75b4ade8b4cffac51373cd4,ark/deepseek-v3,465,86,551
c3a857aad75b4ade8b4cffac51373cd4,unknown,0,0,0
c3b3424f66c5426dab2922520ccb185a,ark/deepseek-v3-1,3295,1241,4536
c3b3424f66c5426dab2922520ccb185a,unknown,0,0,0
c3b5bc1ef9f54a1e9f1b629e1b31d5a2,unknown,0,0,0
c3ba435759f94cad9c93c21ef159f6a6,deepseek-chat,0,0,0
c3ba435759f94cad9c93c21ef159f6a6,unknown,0,0,0
c3bb9e1e8ae8488f8d5332478e5a3e8d,unknown,0,0,0
c3bc5ed9652146979ba7fec9765ef56d,ark/deepseek-v3,4544,762,5306
c3bc5ed9652146979ba7fec9765ef56d,unknown,0,0,0
c3cbcb357af94b15802eba50c82e0ce6,ark/deepseek-v3,1089,293,1382
c3cbcb357af94b15802eba50c82e0ce6,unknown,0,0,0
c3d789ea24b84111a4d6cd9f83998dc3,ark/deepseek-v3,2397,1283,3680
c3d789ea24b84111a4d6cd9f83998dc3,unknown,0,0,0
c3e5f12731064636ab436d8b1a70e6c2,ark/deepseek-v3,1455,237,1692
c3e5f12731064636ab436d8b1a70e6c2,unknown,0,0,0
c3e68315ba654f778676676a9c6650bd,deepseek-chat,2757,1469,4226
c3e68315ba654f778676676a9c6650bd,unknown,0,0,0
c3ea6eee3ab84100bf8810b1d425e1b0,ark/deepseek-v3,1065,414,1479
c3ea6eee3ab84100bf8810b1d425e1b0,unknown,0,0,0
c3f0d8779b9d487b9d48a3b0aeb96079,ark/deepseek-v3,1455,198,1653
c3f0d8779b9d487b9d48a3b0aeb96079,unknown,0,0,0
c3f2464b8e444efb896c108e65e265b5,ark/deepseek-v3,2318,380,2698
c3f2464b8e444efb896c108e65e265b5,unknown,0,0,0
c3f5f72222d94c55a274c882625f7b24,ark/deepseek-v3,467,96,563
c3f5f72222d94c55a274c882625f7b24,unknown,0,0,0
c3fbd4aba9304980a087e05c862ad531,deepseek-chat,1782,806,2588
c3fbd4aba9304980a087e05c862ad531,unknown,0,0,0
c3fbd560838c4b80ad6c06363edcce40,ark/deepseek-v3,2833,410,3243
c3fbd560838c4b80ad6c06363edcce40,unknown,0,0,0
c3fd383619b140f2845239642d4a8242,ark/deepseek-v3-1,1405,704,2109
c3fd383619b140f2845239642d4a8242,unknown,0,0,0
c404bd8c88f44d038dae6a9c11cf2511,ark/deepseek-v3,2947,648,3595
c404bd8c88f44d038dae6a9c11cf2511,unknown,0,0,0
c40d6f89eaf54e9495b7c7b360a5ab47,deepseek-chat,1177,390,1567
c40d6f89eaf54e9495b7c7b360a5ab47,unknown,0,0,0
c40dc03c138748fcaa039d0cae918b64,ark/deepseek-v3,467,93,560
c40dc03c138748fcaa039d0cae918b64,unknown,0,0,0
c40f75ae011847ca9f86b2015d59b7ea,ark/deepseek-v3,4590,1163,5753
c40f75ae011847ca9f86b2015d59b7ea,unknown,0,0,0
c41557a788db41abbfde2ec83a0337a5,deepseek-chat,709,373,1082
c41557a788db41abbfde2ec83a0337a5,unknown,0,0,0
c41c2341ff2149bd8f9b9f27ddd0c8f0,deepseek-chat,670,365,1035
c41c2341ff2149bd8f9b9f27ddd0c8f0,unknown,0,0,0
c4255ff3b395403dbccc05dced4f9081,deepseek-chat,1444,622,2066
c4255ff3b395403dbccc05dced4f9081,unknown,0,0,0
c4292eaa2512450d9ef6ac328b4ad648,deepseek-chat,0,0,0
c4292eaa2512450d9ef6ac328b4ad648,unknown,0,0,0
c439de2296e0447abb2982ad6b9f3726,ark/deepseek-v3,701,186,887
c439de2296e0447abb2982ad6b9f3726,unknown,0,0,0
c43b4f7bd1b64225897d19a86a565e99,ark/deepseek-v3,3143,283,3426
c43b4f7bd1b64225897d19a86a565e99,unknown,0,0,0
c43f3f16e68a478c96d74ac1297530fc,ark/deepseek-v3,6119,1843,7962
c43f3f16e68a478c96d74ac1297530fc,gpt-4.1,637,18,655
c43f3f16e68a478c96d74ac1297530fc,unknown,0,0,0
c449af0fe81848809537fd2164c6e5bf,deepseek-chat,1267,366,1633
c449af0fe81848809537fd2164c6e5bf,unknown,0,0,0
c44d605526be4ed29a9c6d175f1e534a,ark/deepseek-v3,701,178,879
c44d605526be4ed29a9c6d175f1e534a,unknown,0,0,0
c44f8d6046804c5aa4963cf9994c6a51,deepseek-chat,729,546,1275
c44f8d6046804c5aa4963cf9994c6a51,unknown,0,0,0
c455e18fc35f4c40b04e71b073569482,deepseek-chat,561,207,768
c455e18fc35f4c40b04e71b073569482,unknown,0,0,0
c461aed930c54286874cc5577bd41bf8,deepseek-chat,1451,519,1970
c461aed930c54286874cc5577bd41bf8,unknown,0,0,0
c47514854c6e4fba895043863383580e,ark/deepseek-v3,467,97,564
c47514854c6e4fba895043863383580e,unknown,0,0,0
c47c0a001d71457eb938a48d1f488b0b,deepseek-chat,1176,340,1516
c47c0a001d71457eb938a48d1f488b0b,unknown,0,0,0
c48ba67f74664e73914bb07241b7934f,ark/deepseek-v3,701,175,876
c48ba67f74664e73914bb07241b7934f,unknown,0,0,0
c48dc0b909a74d209c99ad502969730f,ark/deepseek-v3,701,176,877
c48dc0b909a74d209c99ad502969730f,unknown,0,0,0
c493aff2a8ae4dc3a0440fbad1fe28d4,ark/deepseek-v3,1601,141,1742
c493aff2a8ae4dc3a0440fbad1fe28d4,unknown,0,0,0
c49543e0a2e64f059a3a192e6c0ff5e0,ark/deepseek-v3,3143,310,3453
c49543e0a2e64f059a3a192e6c0ff5e0,unknown,0,0,0
c495b46a394d40b297bbde7b9b051bfb,ark/deepseek-v3,701,181,882
c495b46a394d40b297bbde7b9b051bfb,unknown,0,0,0
c497c24d2bb84284b0d7c672781b497b,deepseek-chat,670,331,1001
c497c24d2bb84284b0d7c672781b497b,unknown,0,0,0
c4a7d8782c824e9791a97d5b1081bb2e,ark/kimi-k2,653,370,1023
c4a7d8782c824e9791a97d5b1081bb2e,unknown,0,0,0
c4b70ebd44ab47c1a6bd318ac7a24690,ark/deepseek-v3,467,89,556
c4b70ebd44ab47c1a6bd318ac7a24690,ark/deepseek-v3-1,0,0,0
c4b70ebd44ab47c1a6bd318ac7a24690,unknown,0,0,0
c4b79266280d44f79253517586226c88,deepseek-chat,0,0,0
c4b79266280d44f79253517586226c88,unknown,0,0,0
c4be157704364ebfa48119f1de96bea6,ark/deepseek-v3,11483,1971,13454
c4be157704364ebfa48119f1de96bea6,unknown,0,0,0
c4cb29bb03054564b75228e5599f074f,deepseek-chat,1042,389,1431
c4cb29bb03054564b75228e5599f074f,gpt-4.1,940,27,967
c4cb29bb03054564b75228e5599f074f,unknown,0,0,0
c4d62c614a394fb1829cfc703a096fe2,ark/deepseek-v3,7840,1870,9710
c4d62c614a394fb1829cfc703a096fe2,deepseek-chat,13496,971,14467
c4d62c614a394fb1829cfc703a096fe2,gpt-4.1,641,21,662
c4d62c614a394fb1829cfc703a096fe2,unknown,0,0,0
c4da198d0451435593ee066043cb860a,unknown,0,0,0
c4e35c83bc8f43cebc2c53a05664bbb5,deepseek-chat,0,0,0
c4e35c83bc8f43cebc2c53a05664bbb5,unknown,0,0,0
c4e47d811b4c4642b38f033133c7c0e2,deepseek-chat,1205,273,1478
c4e47d811b4c4642b38f033133c7c0e2,unknown,0,0,0
c4e86e97f96c465fb8eb975fa23e48e6,deepseek-chat,2798,1097,3895
c4e86e97f96c465fb8eb975fa23e48e6,unknown,0,0,0
c4f0d3f740774bebb42d28f4359ad472,ark/deepseek-v3,541,154,695
c4f0d3f740774bebb42d28f4359ad472,unknown,0,0,0
c4f58c5b765e4c4991c818fbd1db5a2a,deepseek-chat,671,373,1044
c4f58c5b765e4c4991c818fbd1db5a2a,unknown,0,0,0
c4f9a3f62dc5445190f2f57d9071336c,deepseek-chat,1786,679,2465
c4f9a3f62dc5445190f2f57d9071336c,unknown,0,0,0
c511386a6fdf42388fe2926a35bde230,deepseek-chat,2798,1215,4013
c511386a6fdf42388fe2926a35bde230,unknown,0,0,0
c514b28165b14bb886a133d28b772f74,ark/deepseek-v3,1534,667,2201
c514b28165b14bb886a133d28b772f74,unknown,0,0,0
c516a26227474a23bb7400fc8e810887,ark/deepseek-v3,4034,1805,5839
c516a26227474a23bb7400fc8e810887,unknown,0,0,0
c5175b2766404b6cb56c1688249fc7c3,unknown,0,0,0
c51849dd60c644ad81ab6ef0b4b650c5,ark/deepseek-v3,8952,796,9748
c51849dd60c644ad81ab6ef0b4b650c5,unknown,0,0,0
c51c4de372364db2a652dc0049c42a8f,unknown,0,0,0
c51d1d262c164cb0a421d0df322b1039,ark/deepseek-v3,467,107,574
c51d1d262c164cb0a421d0df322b1039,unknown,0,0,0
c5256e067d2a4ea99028a696c9b66a2f,deepseek-chat,670,310,980
c5256e067d2a4ea99028a696c9b66a2f,unknown,0,0,0
c537d717e9a34a498c995d13a56b49dc,ark/deepseek-v3,3144,281,3425
c537d717e9a34a498c995d13a56b49dc,unknown,0,0,0
c53b7af3c688446fa41c80fa889e8a67,ark/deepseek-v3,1392,273,1665
c53b7af3c688446fa41c80fa889e8a67,unknown,0,0,0
c53bfeec28984d5980e401764f27ab94,deepseek-chat,1020,362,1382
c53bfeec28984d5980e401764f27ab94,unknown,0,0,0
c53ce0786e034551aa11bcf2f49ae7a4,gpt-4-0613,13205,4451,17656
c53ce0786e034551aa11bcf2f49ae7a4,unknown,0,0,0
c544199278254ed28d0b14118fd088da,ark/deepseek-v3,467,104,571
c544199278254ed28d0b14118fd088da,unknown,0,0,0
c546704e079245c193fe6bb3f43efd85,ark/deepseek-v3,467,97,564
c546704e079245c193fe6bb3f43efd85,unknown,0,0,0
c54c3ba51ba44db79352fe400fcb5b00,ark/deepseek-v3,1509,638,2147
c54c3ba51ba44db79352fe400fcb5b00,unknown,0,0,0
c553615ec116403c8b73614ed999ce1c,ark/deepseek-v3,647,213,860
c553615ec116403c8b73614ed999ce1c,unknown,0,0,0
c55955c281124ada8b507dcaa942402f,deepseek-chat,2106,886,2992
c55955c281124ada8b507dcaa942402f,unknown,0,0,0
c55ddfda59ce4f23874adc816c5e7f9a,ark/deepseek-v3,701,199,900
c55ddfda59ce4f23874adc816c5e7f9a,unknown,0,0,0
c55f6f77ea034644bab068d4a0bc49bd,ark/deepseek-v3,1765,902,2667
c55f6f77ea034644bab068d4a0bc49bd,unknown,0,0,0
c5670282e00b4b2bb07b0c7c94df5672,deepseek-chat,2677,1081,3758
c5670282e00b4b2bb07b0c7c94df5672,unknown,0,0,0
c56876ed4c64485fa263999b2b091981,ark/deepseek-v3,39024,6414,45438
c56876ed4c64485fa263999b2b091981,unknown,0,0,0
c57ae5a8bad64633ad5189f3e356639a,deepseek-chat,1427,794,2221
c57ae5a8bad64633ad5189f3e356639a,unknown,0,0,0
c58d5a1221be4e75918a2bce266c94c4,deepseek-chat,793,384,1177
c58d5a1221be4e75918a2bce266c94c4,unknown,0,0,0
c58f5387284d4c68b0a3b0738748a4b8,deepseek-chat,817,348,1165
c58f5387284d4c68b0a3b0738748a4b8,unknown,0,0,0
c5916880bbc24d18bfbb258bbb78638b,ark/kimi-k2,1659,1308,2967
c5916880bbc24d18bfbb258bbb78638b,unknown,0,0,0
c595726665564f4d838d6d202fa86e4c,ark/deepseek-v3,467,106,573
c595726665564f4d838d6d202fa86e4c,unknown,0,0,0
c597e7b528d34ef4b9f91b06d30b1d20,ark/deepseek-v3,6616,650,7266
c597e7b528d34ef4b9f91b06d30b1d20,unknown,0,0,0
c59b247afbab422db19dca8335560c12,deepseek-chat,670,369,1039
c59b247afbab422db19dca8335560c12,unknown,0,0,0
c59c198439b54703ad32422d5e10bc04,deepseek-chat,670,371,1041
c59c198439b54703ad32422d5e10bc04,unknown,0,0,0
c5a420d368c84321868b4dda17c20157,deepseek-chat,6492,591,7083
c5a420d368c84321868b4dda17c20157,unknown,0,0,0
c5a5a9ffc1944210a4dfcc4dd4da0a91,ark/deepseek-v3,5672,809,6481
c5a5a9ffc1944210a4dfcc4dd4da0a91,unknown,0,0,0
c5ad473b7a00444f80d20fc4904f06c0,ark/deepseek-v3,467,97,564
c5ad473b7a00444f80d20fc4904f06c0,unknown,0,0,0
c5b75b2387b2446cb093afc74de3e85a,ark/deepseek-v3,2868,1514,4382
c5b75b2387b2446cb093afc74de3e85a,unknown,0,0,0
c5b76ebb3d224607956067a371f99c98,deepseek-chat,962,467,1429
c5b76ebb3d224607956067a371f99c98,unknown,0,0,0
c5bf44e4ec884b0387387657a3d3f3e2,ark/deepseek-v3,1455,237,1692
c5bf44e4ec884b0387387657a3d3f3e2,unknown,0,0,0
c5cc77b4874146e09c0bd202c5b20894,ark/deepseek-v3,2365,789,3154
c5cc77b4874146e09c0bd202c5b20894,deepseek-chat,1230,608,1838
c5cc77b4874146e09c0bd202c5b20894,unknown,0,0,0
c5cfa73601f44fffa4b1ede41dc0cd02,ark/deepseek-v3,467,97,564
c5cfa73601f44fffa4b1ede41dc0cd02,unknown,0,0,0
c5d43c628e8f4e2da519d2fdf2f0ee10,deepseek-chat,1378,438,1816
c5d43c628e8f4e2da519d2fdf2f0ee10,unknown,0,0,0
c5d9a8895b994cfcb443dd834769d79d,ark/deepseek-v3,1455,203,1658
c5d9a8895b994cfcb443dd834769d79d,unknown,0,0,0
c5da3af498cc4faba008ef4d8fc6fab0,deepseek-chat,3485,1533,5018
c5da3af498cc4faba008ef4d8fc6fab0,gpt-4.1,3470,856,4326
c5da3af498cc4faba008ef4d8fc6fab0,unknown,0,0,0
c5dfc823d8f54800bcb311f85c522d06,ark/deepseek-v3,3547,1525,5072
c5dfc823d8f54800bcb311f85c522d06,unknown,0,0,0
c5e14b57e9da4e359b7425e35a7205ff,deepseek-chat,6606,2180,8786
c5e14b57e9da4e359b7425e35a7205ff,unknown,0,0,0
c5e3b99ceb7549838c52e2a001e1fd55,ark/deepseek-v3,1199,483,1682
c5e3b99ceb7549838c52e2a001e1fd55,unknown,0,0,0
c5e66f86a75148b7938b3cfe02ca1d08,ark/deepseek-v3,701,193,894
c5e66f86a75148b7938b3cfe02ca1d08,unknown,0,0,0
c5eaa68c78f147d79524ea11c5f15702,ark/deepseek-v3,904,160,1064
c5eaa68c78f147d79524ea11c5f15702,unknown,0,0,0
c5ec15973374403fa9ea1f607287b2e7,ark/deepseek-v3,467,85,552
c5ec15973374403fa9ea1f607287b2e7,unknown,0,0,0
c5f1bb1678a24f27b761c0a5a174bbbf,ark/deepseek-v3,1478,925,2403
c5f1bb1678a24f27b761c0a5a174bbbf,unknown,0,0,0
c5f6cc9199f6475a954f6dff7bdee250,deepseek-chat,1057,439,1496
c5f6cc9199f6475a954f6dff7bdee250,gpt-4.1,945,32,977
c5f6cc9199f6475a954f6dff7bdee250,unknown,0,0,0
c5f7694714cd4aa9a68824472249f152,deepseek-chat,2646,1674,4320
c5f7694714cd4aa9a68824472249f152,unknown,0,0,0
c5ff661f719e479b990f7456ac492519,ark/deepseek-v3,1261,578,1839
c5ff661f719e479b990f7456ac492519,unknown,0,0,0
c6073c42304448fea3d4257b232f15fd,deepseek-chat,938,409,1347
c6073c42304448fea3d4257b232f15fd,unknown,0,0,0
c608370ca98245b3bde854c33d64837e,deepseek-chat,561,231,792
c608370ca98245b3bde854c33d64837e,unknown,0,0,0
c608af5f35b24e78b5f76703c9d594c2,ark/deepseek-v3,1455,219,1674
c608af5f35b24e78b5f76703c9d594c2,unknown,0,0,0
c60ad03cb7b5416ab3a951c0c70aa501,deepseek-chat,670,327,997
c60ad03cb7b5416ab3a951c0c70aa501,unknown,0,0,0
c60afaeb1f94461da8f4412819164959,ark/deepseek-v3,467,98,565
c60afaeb1f94461da8f4412819164959,unknown,0,0,0
c6104b40e1b845ba9886c6d250e7fe28,ark/deepseek-v3,2305,337,2642
c6104b40e1b845ba9886c6d250e7fe28,unknown,0,0,0
c61480d5a3924127949d03fdcfad9829,ark/deepseek-v3,6181,1671,7852
c61480d5a3924127949d03fdcfad9829,gpt-4.1,642,51,693
c61480d5a3924127949d03fdcfad9829,unknown,0,0,0
c6188b877e6440da804977549d944172,ark/deepseek-v3,583,27,610
c6188b877e6440da804977549d944172,deepseek-chat,212,161,373
c6188b877e6440da804977549d944172,unknown,0,0,0
c61b94d04c7b41ffb4dd4c1fb242e960,ark/deepseek-v3,10826,1788,12614
c61b94d04c7b41ffb4dd4c1fb242e960,unknown,0,0,0
c61c39002e8b4d4887bb49c458216306,deepseek-chat,1336,551,1887
c61c39002e8b4d4887bb49c458216306,unknown,0,0,0
c62097dda16a41ba8e0ec758b7ba8b5d,ark/deepseek-v3,2304,327,2631
c62097dda16a41ba8e0ec758b7ba8b5d,unknown,0,0,0
c626bcf387c4411cb2f2342550d3d429,ark/deepseek-v3,6256,1259,7515
c626bcf387c4411cb2f2342550d3d429,unknown,0,0,0
c6278587ee5c4891ba0fae3607d74168,deepseek-chat,1683,424,2107
c6278587ee5c4891ba0fae3607d74168,unknown,0,0,0
c62d2c0230324c39b0bfab4dfb8964b5,deepseek-chat,671,435,1106
c62d2c0230324c39b0bfab4dfb8964b5,unknown,0,0,0
c62deba3fccd458db705256a8c99b169,ark/deepseek-v3-1,1405,767,2172
c62deba3fccd458db705256a8c99b169,unknown,0,0,0
c6311b5cfed34d6296ae993c72401694,ark/deepseek-v3-1,3774,1617,5391
c6311b5cfed34d6296ae993c72401694,unknown,0,0,0
c6311ec0b45f49069a443a89ad3b4336,deepseek-chat,2111,421,2532
c6311ec0b45f49069a443a89ad3b4336,unknown,0,0,0
c6319030c6c2434f89bc7d70949b2f22,deepseek-chat,1386,602,1988
c6319030c6c2434f89bc7d70949b2f22,unknown,0,0,0
c638e3fa91a443e4803003999ad0e314,ark/deepseek-v3,1455,192,1647
c638e3fa91a443e4803003999ad0e314,unknown,0,0,0
c6405247381240cb8dbfa90c810a6c08,deepseek-chat,0,0,0
c6405247381240cb8dbfa90c810a6c08,unknown,0,0,0
c64444ea515b4521ab7044e5e5535245,ark/deepseek-v3,1455,224,1679
c64444ea515b4521ab7044e5e5535245,unknown,0,0,0
c6481ba057cf475d86a2b4c7604e6684,ark/deepseek-v3,4329,876,5205
c6481ba057cf475d86a2b4c7604e6684,unknown,0,0,0
c64981d0e6874bc88ac053d8fce82086,ark/deepseek-v3,1091,305,1396
c64981d0e6874bc88ac053d8fce82086,unknown,0,0,0
c64a1fc5196f48c8a5ce88c9efc97b37,deepseek-chat,3371,1418,4789
c64a1fc5196f48c8a5ce88c9efc97b37,gpt-4.1,3397,931,4328
c64a1fc5196f48c8a5ce88c9efc97b37,unknown,0,0,0
c64a3bad95504cdb95837405ecebc0d3,deepseek-chat,0,0,0
c64a3bad95504cdb95837405ecebc0d3,unknown,0,0,0
c64a52bdd4ba46ca8ca6f303e11510f7,ark/deepseek-v3,467,91,558
c64a52bdd4ba46ca8ca6f303e11510f7,unknown,0,0,0
c64a8fad840e41b49984c082202bc639,deepseek-chat,1173,428,1601
c64a8fad840e41b49984c082202bc639,unknown,0,0,0
c65076cd02784146937b0fdea883162f,ark/deepseek-v3,487,83,570
c65076cd02784146937b0fdea883162f,unknown,0,0,0
c6516547715f477888aa7ddc35d48c03,ark/deepseek-v3,12105,2130,14235
c6516547715f477888aa7ddc35d48c03,unknown,0,0,0
c65899086e0749a2a136dd9b0703b004,ark/deepseek-v3,6078,1736,7814
c65899086e0749a2a136dd9b0703b004,gpt-4.1,639,19,658
c65899086e0749a2a136dd9b0703b004,unknown,0,0,0
c65b325349584e34959f8ab2da063906,ark/deepseek-v3,467,94,561
c65b325349584e34959f8ab2da063906,unknown,0,0,0
c663f19f85de48af928ac9e6e3e9c50e,deepseek-chat,600,219,819
c663f19f85de48af928ac9e6e3e9c50e,unknown,0,0,0
c66f859e4b8044aca75e15c0b4d1dc2a,ark/deepseek-v3,13422,2712,16134
c66f859e4b8044aca75e15c0b4d1dc2a,unknown,0,0,0
c6704aaa095748be9dddd8ffa6845ac2,ark/deepseek-v3,701,176,877
c6704aaa095748be9dddd8ffa6845ac2,unknown,0,0,0
c67182b549264276b0db946510f9a52e,ark/deepseek-v3,467,95,562
c67182b549264276b0db946510f9a52e,unknown,0,0,0
c67222ca4dc142bfbbe0f45b41131200,deepseek-chat,561,206,767
c67222ca4dc142bfbbe0f45b41131200,unknown,0,0,0
c6752a4693b042afa0f22724934d15f6,ark/deepseek-v3,1089,304,1393
c6752a4693b042afa0f22724934d15f6,unknown,0,0,0
c6759cdccc194f72ad063a4421f8dee2,ark/deepseek-v3,5165,1482,6647
c6759cdccc194f72ad063a4421f8dee2,unknown,0,0,0
c67c2d772e434379a97242cfd1dbd35b,deepseek-chat,561,207,768
c67c2d772e434379a97242cfd1dbd35b,unknown,0,0,0
c680f810b3a54631b66c500e6b9e79b0,gpt-4o-mini,9944,911,10855
c680f810b3a54631b66c500e6b9e79b0,unknown,0,0,0
c699c9346c7f4cb2ad79def32bca898c,ark/deepseek-v3,590,91,681
c699c9346c7f4cb2ad79def32bca898c,unknown,0,0,0
c6a327787bca473dbef4171981449b73,ark/kimi-k2,1704,687,2391
c6a327787bca473dbef4171981449b73,gpt-4.1,1252,28,1280
c6a327787bca473dbef4171981449b73,unknown,0,0,0
c6a7b5a92e6f4b87a8497a23eb57e70c,ark/deepseek-v3-1,1078,473,1551
c6a7b5a92e6f4b87a8497a23eb57e70c,unknown,0,0,0
c6b14bc7fcd3409aacca8fcf77bd05c9,ark/deepseek-v3,467,98,565
c6b14bc7fcd3409aacca8fcf77bd05c9,unknown,0,0,0
c6b2f208bd6543f99a9606007fb21ff0,deepseek-chat,3122,223,3345
c6b2f208bd6543f99a9606007fb21ff0,unknown,0,0,0
c6baeba618ad4f949721a1a8ad9e1cf5,deepseek-chat,4181,1519,5700
c6baeba618ad4f949721a1a8ad9e1cf5,gpt-4.1,3655,1007,4662
c6baeba618ad4f949721a1a8ad9e1cf5,unknown,0,0,0
c6bcc8ee0e954dc49e081abca07d37e0,gpt-4-0613,8678,7361,16039
c6bcc8ee0e954dc49e081abca07d37e0,unknown,0,0,0
c6c404e905874851aae0070daa9046ad,ark/deepseek-v3,2399,435,2834
c6c404e905874851aae0070daa9046ad,unknown,0,0,0
c6c48962c46944709390c89a0ee8a50b,ark/deepseek-v3,4467,822,5289
c6c48962c46944709390c89a0ee8a50b,unknown,0,0,0
c6c6f7c86096412bab0a0e80a2a3c9af,deepseek-chat,1083,254,1337
c6c6f7c86096412bab0a0e80a2a3c9af,unknown,0,0,0
c6cf3d05fc4f455daf3eec84533364cf,ark/deepseek-v3-1,1405,863,2268
c6cf3d05fc4f455daf3eec84533364cf,unknown,0,0,0
c6cf672f9a1d4277afe511de7daffb80,ark/deepseek-v3,8438,1991,10429
c6cf672f9a1d4277afe511de7daffb80,unknown,0,0,0
c6cfe342d0694d9899e642315eaa2ee4,ark/deepseek-v3-1,3964,1732,5696
c6cfe342d0694d9899e642315eaa2ee4,unknown,0,0,0
c6d5ffc1aefb4442b6506a44a8eb06bb,ark/deepseek-v3,1089,279,1368
c6d5ffc1aefb4442b6506a44a8eb06bb,ark/deepseek-v3-1,0,0,0
c6d5ffc1aefb4442b6506a44a8eb06bb,unknown,0,0,0
c6d6c1ee7af946cb9967391079618698,ark/deepseek-v3,1837,354,2191
c6d6c1ee7af946cb9967391079618698,unknown,0,0,0
c6d76928402a4be4903f381e2716e986,ark/deepseek-v3,3143,272,3415
c6d76928402a4be4903f381e2716e986,unknown,0,0,0
c6df31ae32ea4586bf0676e10c149310,ark/deepseek-v3,1850,984,2834
c6df31ae32ea4586bf0676e10c149310,unknown,0,0,0
c6eca40d063b490f853cb675d8e60383,ark/deepseek-v3,701,175,876
c6eca40d063b490f853cb675d8e60383,unknown,0,0,0
c6f0809ed61d4bcc8edc41274d56eecd,deepseek-chat,1429,433,1862
c6f0809ed61d4bcc8edc41274d56eecd,unknown,0,0,0
c6f378d372084a97aebc3728d805b2b9,ark/deepseek-v3,694,222,916
c6f378d372084a97aebc3728d805b2b9,deepseek-chat,6261,371,6632
c6f378d372084a97aebc3728d805b2b9,unknown,0,0,0
c6f88417f1954a7fabb624bd878e0e4e,deepseek-chat,671,320,991
c6f88417f1954a7fabb624bd878e0e4e,unknown,0,0,0
c70028cefe304fad89d1fc4822d86212,deepseek-chat,4262,451,4713
c70028cefe304fad89d1fc4822d86212,unknown,0,0,0
c7009f7edae844538e57235a740a2a8e,ark/deepseek-v3,0,0,0
c7009f7edae844538e57235a740a2a8e,unknown,0,0,0
c705b603c05c45deb486dbec9d35470f,deepseek-chat,124,1663,1787
c705b603c05c45deb486dbec9d35470f,unknown,0,0,0
c708f197ff0d4044be53de62c810c56e,ark/deepseek-v3,2182,796,2978
c708f197ff0d4044be53de62c810c56e,unknown,0,0,0
c71536316fa84783b45130acf991c8ae,ark/deepseek-v3-1,3352,964,4316
c71536316fa84783b45130acf991c8ae,unknown,0,0,0
c7204556773c475e833f2d203a1d4615,deepseek-chat,2126,1568,3694
c7204556773c475e833f2d203a1d4615,unknown,0,0,0
c7238e2c95844532831854f5564993f0,ark/deepseek-v3,4062,670,4732
c7238e2c95844532831854f5564993f0,unknown,0,0,0
c724e703aa9146c5a951ad38d084d0a8,ark/deepseek-v3,1065,323,1388
c724e703aa9146c5a951ad38d084d0a8,unknown,0,0,0
c72a5c85fd0641ef84c60a8641582a20,ark/deepseek-v3,467,96,563
c72a5c85fd0641ef84c60a8641582a20,unknown,0,0,0
c72fdddc19e74bc38356ac734ffdb026,ark/deepseek-v3,1455,222,1677
c72fdddc19e74bc38356ac734ffdb026,unknown,0,0,0
c730ce007435425abc32bfabb2a13c8a,ark/deepseek-v3,467,92,559
c730ce007435425abc32bfabb2a13c8a,unknown,0,0,0
c7323d66291146e78f22267e1e1be007,ark/deepseek-v3,2785,474,3259
c7323d66291146e78f22267e1e1be007,unknown,0,0,0
c732518646ff4f25a27ba92a030e8acd,ark/deepseek-v3,14032,2545,16577
c732518646ff4f25a27ba92a030e8acd,unknown,0,0,0
c73502141a0243b5bc60abd3aff8c952,ark/deepseek-v3,467,91,558
c73502141a0243b5bc60abd3aff8c952,unknown,0,0,0
c736e342d070405dbc889d9beee3ce3e,ark/kimi-k2,653,510,1163
c736e342d070405dbc889d9beee3ce3e,unknown,0,0,0
c73ffaa282054d85b758114198d6f1cb,ark/deepseek-v3,701,199,900
c73ffaa282054d85b758114198d6f1cb,unknown,0,0,0
c7431e965e7c483e9b27df6bfdeccecc,ark/deepseek-v3,467,87,554
c7431e965e7c483e9b27df6bfdeccecc,unknown,0,0,0
c745b75cf9c649e48a5f4be92f15e976,ark/deepseek-v3,6136,1498,7634
c745b75cf9c649e48a5f4be92f15e976,gpt-4.1,649,26,675
c745b75cf9c649e48a5f4be92f15e976,unknown,0,0,0
c747c9aa152347beaecc544b3bffcf2b,deepseek-chat,1782,864,2646
c747c9aa152347beaecc544b3bffcf2b,unknown,0,0,0
c748d1e14b724fc8957f933c159e773c,deepseek-chat,670,355,1025
c748d1e14b724fc8957f933c159e773c,unknown,0,0,0
c751f708f36d4e38bbdf464d8e3c90df,deepseek-chat,873,377,1250
c751f708f36d4e38bbdf464d8e3c90df,unknown,0,0,0
c753fddc0e3b4fa297d4345bf742bac8,deepseek-chat,913,473,1386
c753fddc0e3b4fa297d4345bf742bac8,unknown,0,0,0
c754ab9848584143a247b2195d52f5a3,ark/deepseek-v3,7041,1821,8862
c754ab9848584143a247b2195d52f5a3,deepseek-chat,5647,143,5790
c754ab9848584143a247b2195d52f5a3,gpt-4.1,638,19,657
c754ab9848584143a247b2195d52f5a3,unknown,0,0,0
c767435984bc4184a9c7323a4599d87a,ark/deepseek-v3,2771,1582,4353
c767435984bc4184a9c7323a4599d87a,unknown,0,0,0
c76a39bbbcfd4cc49fd0cd26a628472b,deepseek-chat,670,356,1026
c76a39bbbcfd4cc49fd0cd26a628472b,unknown,0,0,0
c781e1208a634cb0be85640007072c67,ark/deepseek-v3,1837,343,2180
c781e1208a634cb0be85640007072c67,unknown,0,0,0
c7839a395c694ff28a5c5956bb734b35,ark/deepseek-v3,701,201,902
c7839a395c694ff28a5c5956bb734b35,unknown,0,0,0
c78b3b0fbe744839b4db95f180570bc7,ark/deepseek-v3-1,1405,688,2093
c78b3b0fbe744839b4db95f180570bc7,unknown,0,0,0
c78db7ea5ca7470ab64560db2fffd0f4,deepseek-chat,2802,1444,4246
c78db7ea5ca7470ab64560db2fffd0f4,unknown,0,0,0
c78f15b50b9e4db5add9f0c86e68bf6d,ark/deepseek-v3,467,98,565
c78f15b50b9e4db5add9f0c86e68bf6d,unknown,0,0,0
c78fb0716f34477198b7bc7e31877251,unknown,0,0,0
c791835d9c0a42d59ee7d752cf61395b,deepseek-chat,671,354,1025
c791835d9c0a42d59ee7d752cf61395b,unknown,0,0,0
c7976ebefd94426bab8a07405dcc13b8,ark/deepseek-v3,6919,1427,8346
c7976ebefd94426bab8a07405dcc13b8,unknown,0,0,0
c79f6fe6cdc342e5bf830da8364fd7af,ark/deepseek-v3,14045,2673,16718
c79f6fe6cdc342e5bf830da8364fd7af,unknown,0,0,0
c7a5288977214cb7adb68f5ae7539348,deepseek-chat,2092,846,2938
c7a5288977214cb7adb68f5ae7539348,unknown,0,0,0
c7a94a95722847029576e716fed0b559,deepseek-chat,3418,961,4379
c7a94a95722847029576e716fed0b559,gpt-4.1,5057,982,6039
c7a94a95722847029576e716fed0b559,unknown,0,0,0
c7ad7d34aa394c698b315a942bd62c56,deepseek-chat,3399,1271,4670
c7ad7d34aa394c698b315a942bd62c56,gpt-4.1,3428,922,4350
c7ad7d34aa394c698b315a942bd62c56,unknown,0,0,0
c7b0f646779b4569a33b0694275a74b0,deepseek-chat,1527,305,1832
c7b0f646779b4569a33b0694275a74b0,unknown,0,0,0
c7b281a988f646e28b8eff0631c4fa54,ark/deepseek-v3,2386,1128,3514
c7b281a988f646e28b8eff0631c4fa54,ark/deepseek-v3-1,0,0,0
c7b281a988f646e28b8eff0631c4fa54,unknown,0,0,0
c7b5350f404c438b924629e90731a5e7,deepseek-chat,602,164,766
c7b5350f404c438b924629e90731a5e7,unknown,0,0,0
c7b7b3ab63f34d3a82ccf154d52ea08a,ark/deepseek-v3,1455,298,1753
c7b7b3ab63f34d3a82ccf154d52ea08a,unknown,0,0,0
c7bad010f2d1426ca4e5890a84aa928f,ark/deepseek-v3,3252,503,3755
c7bad010f2d1426ca4e5890a84aa928f,unknown,0,0,0
c7ca0f10b70a45c2b57fc7e5ae35fa30,ark/deepseek-v3,5484,1432,6916
c7ca0f10b70a45c2b57fc7e5ae35fa30,unknown,0,0,0
c7cba0eec81d4d2b9697bc2c9d741722,ark/deepseek-v3,1089,334,1423
c7cba0eec81d4d2b9697bc2c9d741722,unknown,0,0,0
c7cd1ecd19574d0eb16e35d6a16e7433,ark/deepseek-v3,1178,572,1750
c7cd1ecd19574d0eb16e35d6a16e7433,unknown,0,0,0
c7d1b73dc2d04e3195a496edf7f96f86,ark/deepseek-v3,1415,690,2105
c7d1b73dc2d04e3195a496edf7f96f86,unknown,0,0,0
c7d5440eb5f343c9945d255b124c1d4e,ark/deepseek-v3,13449,2492,15941
c7d5440eb5f343c9945d255b124c1d4e,deepseek-chat,15612,1032,16644
c7d5440eb5f343c9945d255b124c1d4e,unknown,0,0,0
c7d7f2ed2e644448938d4ecbad45a4d8,deepseek-chat,671,390,1061
c7d7f2ed2e644448938d4ecbad45a4d8,unknown,0,0,0
c7daeba459e04416a2d23591ac82bfa2,deepseek-chat,0,0,0
c7daeba459e04416a2d23591ac82bfa2,unknown,0,0,0
c7db0568637b4758a2488604e386bdab,ark/deepseek-v3,12233,2076,14309
c7db0568637b4758a2488604e386bdab,unknown,0,0,0
c7dccf66384641c68e8b5ca32be42918,deepseek-chat,787,318,1105
c7dccf66384641c68e8b5ca32be42918,unknown,0,0,0
c7eb0f91582441b1b6bfff22e24f40a9,ark/deepseek-v3-1,918,291,1209
c7eb0f91582441b1b6bfff22e24f40a9,unknown,0,0,0
c7fd4b8932614ea293d6347a8c97bcaa,deepseek-chat,1099,222,1321
c7fd4b8932614ea293d6347a8c97bcaa,unknown,0,0,0
c80472f33de943c8a1a56f5e490db375,deepseek-chat,949,491,1440
c80472f33de943c8a1a56f5e490db375,unknown,0,0,0
c8047ec2428a41a5a052f57bd1d11398,ark/deepseek-v3,747,311,1058
c8047ec2428a41a5a052f57bd1d11398,unknown,0,0,0
c80a38de77714144bdcd1dddae62574d,deepseek-chat,0,0,0
c80a38de77714144bdcd1dddae62574d,unknown,0,0,0
c80fd1e4162344379626e91fc59268cf,deepseek-chat,0,0,0
c80fd1e4162344379626e91fc59268cf,unknown,0,0,0
c811222541614424815f64dd34b14386,ark/deepseek-v3,467,100,567
c811222541614424815f64dd34b14386,unknown,0,0,0
c813b689a22b433eb5d80dc8954f7043,deepseek-chat,2650,1290,3940
c813b689a22b433eb5d80dc8954f7043,unknown,0,0,0
c813d83114574b0bb99ccf06e6411c5d,ark/deepseek-v3,3143,289,3432
c813d83114574b0bb99ccf06e6411c5d,unknown,0,0,0
c8208204b53f48bda3f25dc60ed44e43,ark/deepseek-v3,701,176,877
c8208204b53f48bda3f25dc60ed44e43,unknown,0,0,0
c8293bc0d72d45d8acbd9847d34997a7,deepseek-chat,670,351,1021
c8293bc0d72d45d8acbd9847d34997a7,unknown,0,0,0
c82a866cc73e4b2e9fc4ae3726971ad1,deepseek-chat,1053,396,1449
c82a866cc73e4b2e9fc4ae3726971ad1,gpt-4.1,941,28,969
c82a866cc73e4b2e9fc4ae3726971ad1,unknown,0,0,0
c82e9728e48d401fa11aa1265a187ff6,deepseek-chat,932,230,1162
c82e9728e48d401fa11aa1265a187ff6,gpt-4.1,672,272,944
c82e9728e48d401fa11aa1265a187ff6,unknown,0,0,0
c830331788d241d6912296a591326449,deepseek-chat,671,330,1001
c830331788d241d6912296a591326449,unknown,0,0,0
c832060d17de419f85bfde6376e5432f,deepseek-chat,561,207,768
c832060d17de419f85bfde6376e5432f,unknown,0,0,0
c833a9f2a80c49ac948fd5282d840c5b,ark/deepseek-v3,701,176,877
c833a9f2a80c49ac948fd5282d840c5b,unknown,0,0,0
c83929513b7a4b54bd8a5bd5e04e6162,deepseek-chat,670,379,1049
c83929513b7a4b54bd8a5bd5e04e6162,unknown,0,0,0
c83ee517373b4708a18dc102ec8ace89,ark/deepseek-v3,7067,1912,8979
c83ee517373b4708a18dc102ec8ace89,gpt-4.1,659,33,692
c83ee517373b4708a18dc102ec8ace89,unknown,0,0,0
c83f72b325de439e804db77c72da1295,ark/deepseek-v3,5533,1578,7111
c83f72b325de439e804db77c72da1295,gpt-4.1,639,20,659
c83f72b325de439e804db77c72da1295,unknown,0,0,0
c840b11960e74239ae05a8f003032b8d,deepseek-chat,772,406,1178
c840b11960e74239ae05a8f003032b8d,unknown,0,0,0
c85541da3d644337b2aa91905ca4ad4d,ark/deepseek-v3,467,82,549
c85541da3d644337b2aa91905ca4ad4d,unknown,0,0,0
c859fb1078f54332ae9f11bf93192e43,deepseek-chat,5855,1552,7407
c859fb1078f54332ae9f11bf93192e43,unknown,0,0,0
c85e372a31e14c58b04903471036ae19,deepseek-chat,671,355,1026
c85e372a31e14c58b04903471036ae19,unknown,0,0,0
c86fc3f9cac94f0585dd5412b875b17a,deepseek-chat,561,221,782
c86fc3f9cac94f0585dd5412b875b17a,unknown,0,0,0
c87144471933432a832d65a8a48e63d1,deepseek-chat,670,343,1013
c87144471933432a832d65a8a48e63d1,unknown,0,0,0
c8755f41ebb744528e13fac356e1bfbe,ark/deepseek-v3,614,244,858
c8755f41ebb744528e13fac356e1bfbe,unknown,0,0,0
c87ac8a3297344a59f65345e6e09ed86,deepseek-chat,671,369,1040
c87ac8a3297344a59f65345e6e09ed86,unknown,0,0,0
c884ab09de8c4a51867665c9db4e96c5,unknown,0,0,0
c888d08288cd4f3185816c4834a36d50,ark/deepseek-v3,467,97,564
c888d08288cd4f3185816c4834a36d50,unknown,0,0,0
c89385fee0674e2486854eb4a5e1fed3,deepseek-chat,3179,1223,4402
c89385fee0674e2486854eb4a5e1fed3,gpt-4.1,3323,792,4115
c89385fee0674e2486854eb4a5e1fed3,unknown,0,0,0
c899721d2c3549c1bb23bce649d9e60f,ark/deepseek-v3,701,184,885
c899721d2c3549c1bb23bce649d9e60f,unknown,0,0,0
c8a0a5790ef8469ea322cb4cc4d5a2c2,ark/deepseek-v3,467,98,565
c8a0a5790ef8469ea322cb4cc4d5a2c2,unknown,0,0,0
c8a5d1fc1faf4f2ba0605a15ccd1891f,ark/deepseek-v3-1,1405,952,2357
c8a5d1fc1faf4f2ba0605a15ccd1891f,unknown,0,0,0
c8a7e58f8e7c4183942a30e7b48c5233,ark/deepseek-v3,1251,225,1476
c8a7e58f8e7c4183942a30e7b48c5233,unknown,0,0,0
c8b7a26d711e4c71ab713c4d8d18429d,ark/deepseek-v3,3143,290,3433
c8b7a26d711e4c71ab713c4d8d18429d,unknown,0,0,0
c8b8c2b33ee34288af154da9e388d461,ark/deepseek-v3,2079,886,2965
c8b8c2b33ee34288af154da9e388d461,unknown,0,0,0
c8bc528e7ec54e218e7f9652a42b8991,deepseek-chat,0,0,0
c8bc528e7ec54e218e7f9652a42b8991,unknown,0,0,0
c8c82bced9e44506aec454ca450fc1aa,ark/deepseek-v3,467,97,564
c8c82bced9e44506aec454ca450fc1aa,unknown,0,0,0
c8cb80fa3d8e49e0a0990467058441ae,ark/deepseek-v3,1089,308,1397
c8cb80fa3d8e49e0a0990467058441ae,unknown,0,0,0
c8cec3a88a7e4a9d842a08ae29ee94b9,unknown,0,0,0
c8e6aa832ffb4b759f3dcef07936f2a9,ark/deepseek-v3,2914,537,3451
c8e6aa832ffb4b759f3dcef07936f2a9,unknown,0,0,0
c8e840bb0b8e499881ae9672cf26323d,deepseek-chat,1453,734,2187
c8e840bb0b8e499881ae9672cf26323d,unknown,0,0,0
c8ec530666d746baaf11416f8a275f89,ark/deepseek-v3,1088,294,1382
c8ec530666d746baaf11416f8a275f89,unknown,0,0,0
c8f02a57cca343588a8029effa33c1b7,ark/deepseek-v3,1455,209,1664
c8f02a57cca343588a8029effa33c1b7,unknown,0,0,0
c8f12d4dc6c2441bbcb07404e464ed0f,ark/deepseek-v3,7001,1455,8456
c8f12d4dc6c2441bbcb07404e464ed0f,unknown,0,0,0
c8f1d760046f40caa423af3370db8c5f,deepseek-chat,1170,162,1332
c8f1d760046f40caa423af3370db8c5f,unknown,0,0,0
c8fb85f3e6a9498daa389d4d733a45db,ark/deepseek-v3,1937,372,2309
c8fb85f3e6a9498daa389d4d733a45db,unknown,0,0,0
c8fbe65e29094632b599ea61c7546e97,deepseek-chat,940,973,1913
c8fbe65e29094632b599ea61c7546e97,unknown,0,0,0
c8fc597355d54c02a2ef1aecb6296b0f,ark/deepseek-v3,0,0,0
c8fc597355d54c02a2ef1aecb6296b0f,unknown,0,0,0
c8fcf392dbe94257bfd1d996df7cc68d,deepseek-chat,1044,401,1445
c8fcf392dbe94257bfd1d996df7cc68d,gpt-4.1,1419,261,1680
c8fcf392dbe94257bfd1d996df7cc68d,unknown,0,0,0
c8fe2478afd74b009222a979c8730abe,deepseek-chat,0,0,0
c8fe2478afd74b009222a979c8730abe,unknown,0,0,0
c90b7fa4ceb14ccf8e10a14f794e75c4,ark/deepseek-v3,14212,2661,16873
c90b7fa4ceb14ccf8e10a14f794e75c4,deepseek-chat,6899,545,7444
c90b7fa4ceb14ccf8e10a14f794e75c4,unknown,0,0,0
c90b86ebf2154c619062fb8cc9b66a4a,deepseek-chat,671,371,1042
c90b86ebf2154c619062fb8cc9b66a4a,unknown,0,0,0
c91615013b6748568a51b07b545e0cb7,ark/deepseek-v3,0,0,0
c91615013b6748568a51b07b545e0cb7,unknown,0,0,0
c9248a54e528413a98720e5bdbb6669d,ark/deepseek-v3,1458,672,2130
c9248a54e528413a98720e5bdbb6669d,unknown,0,0,0
c92d5d07b94c489896870a569a37e80c,deepseek-chat,932,230,1162
c92d5d07b94c489896870a569a37e80c,gpt-4.1,672,225,897
c92d5d07b94c489896870a569a37e80c,unknown,0,0,0
c936344d9ead4d2b8029f149b7d1ebb3,ark/deepseek-v3,1091,259,1350
c936344d9ead4d2b8029f149b7d1ebb3,unknown,0,0,0
c938db8cd7434cb0a0bb34cc9878fa9a,ark/deepseek-v3,467,93,560
c938db8cd7434cb0a0bb34cc9878fa9a,unknown,0,0,0
c93a5ed94dfe40448ae6b179f5eb0f53,deepseek-chat,0,0,0
c93a5ed94dfe40448ae6b179f5eb0f53,unknown,0,0,0
c93b086044c4418cbcaa7dc808397aeb,deepseek-chat,1489,789,2278
c93b086044c4418cbcaa7dc808397aeb,gpt-4.1,2213,354,2567
c93b086044c4418cbcaa7dc808397aeb,unknown,0,0,0
c93cdb872b1b4358936c0071102f91c3,deepseek-chat,1524,298,1822
c93cdb872b1b4358936c0071102f91c3,unknown,0,0,0
c93ce4ff858f4901a95960e0122ede69,deepseek-chat,561,206,767
c93ce4ff858f4901a95960e0122ede69,unknown,0,0,0
c93e96e628414fb69da97d6182b63d9b,ark/deepseek-v3,1089,375,1464
c93e96e628414fb69da97d6182b63d9b,unknown,0,0,0
c94343a81fa24de48c66cef2a1fbe673,deepseek-chat,16120,6052,22172
c94343a81fa24de48c66cef2a1fbe673,unknown,0,0,0
c9457c123b5641c4b4a70fcd0c1767bc,deepseek-chat,1055,477,1532
c9457c123b5641c4b4a70fcd0c1767bc,gpt-4.1,941,28,969
c9457c123b5641c4b4a70fcd0c1767bc,unknown,0,0,0
c946f0799deb46efae25a37fa9c0f134,deepseek-chat,932,230,1162
c946f0799deb46efae25a37fa9c0f134,gpt-4.1,672,243,915
c946f0799deb46efae25a37fa9c0f134,unknown,0,0,0
c949ba831f3f473c8fb581418eac9997,ark/deepseek-v3,1926,1003,2929
c949ba831f3f473c8fb581418eac9997,unknown,0,0,0
c95d9bc77420459e9ebde87739250c26,ark/deepseek-v3,0,0,0
c95d9bc77420459e9ebde87739250c26,unknown,0,0,0
c95f7647186440158c06be58bd67fca8,deepseek-chat,670,301,971
c95f7647186440158c06be58bd67fca8,gpt-4.1,943,91,1034
c95f7647186440158c06be58bd67fca8,unknown,0,0,0
c965e974f9184e62ad9d0a48c870c6f6,ark/deepseek-v3,1029,92,1121
c965e974f9184e62ad9d0a48c870c6f6,unknown,0,0,0
c9671c99ca2b492085a07de6dcbff187,unknown,0,0,0
c967ff5a724c4e8bb1caf25b403cfc53,ark/deepseek-v3,10088,1935,12023
c967ff5a724c4e8bb1caf25b403cfc53,unknown,0,0,0
c96cc65ffef1404b8a82a4202ec8b76b,ark/deepseek-v3-1,1189,539,1728
c971ba0344544bde8da55f55f1b7bf4f,deepseek-chat,583,196,779
c971ba0344544bde8da55f55f1b7bf4f,unknown,0,0,0
c97520b4e4254954b1285c98edf9814b,ark/deepseek-v3,467,83,550
c97520b4e4254954b1285c98edf9814b,unknown,0,0,0
c98090108f8141a68fc53dd6c1c39c5b,deepseek-chat,2104,1595,3699
c98090108f8141a68fc53dd6c1c39c5b,unknown,0,0,0
c98c7a9428bd4289b880d85fcd2165a5,deepseek-chat,670,353,1023
c98c7a9428bd4289b880d85fcd2165a5,unknown,0,0,0
c9a754a84f2748d88a4b3c7c762adaa5,deepseek-chat,1601,335,1936
c9a754a84f2748d88a4b3c7c762adaa5,unknown,0,0,0
c9a7ee4cfc9142b296e79e10eb2c9cec,deepseek-chat,561,207,768
c9a7ee4cfc9142b296e79e10eb2c9cec,unknown,0,0,0
c9abfdd6201443d9843e915a6569fa38,deepseek-chat,671,364,1035
c9abfdd6201443d9843e915a6569fa38,unknown,0,0,0
c9ade19312a846a6a76c0a44ff513430,ark/deepseek-v3,4225,2094,6319
c9ade19312a846a6a76c0a44ff513430,unknown,0,0,0
c9b2358b76004540959683261c3dde07,deepseek-chat,3797,1419,5216
c9b2358b76004540959683261c3dde07,unknown,0,0,0
c9bef617446247949ca45c0383699b11,ark/deepseek-v3,8937,1531,10468
c9bef617446247949ca45c0383699b11,deepseek-chat,1720,836,2556
c9bef617446247949ca45c0383699b11,unknown,0,0,0
c9c08ed7b2c145a5985215c442067d80,ark/deepseek-v3,1060,352,1412
c9c08ed7b2c145a5985215c442067d80,unknown,0,0,0
c9c4950300ca481b85fd81774bda696c,ark/deepseek-v3,8677,1746,10423
c9c4950300ca481b85fd81774bda696c,unknown,0,0,0
c9c90a5d040a458b86b9e716d368b862,ark/deepseek-v3,2305,393,2698
c9c90a5d040a458b86b9e716d368b862,unknown,0,0,0
c9d7d43b903e4df89c31926eb8a13a3c,unknown,0,0,0
c9de322141d841e59abeb30f0c0a8037,ark/deepseek-v3,0,0,0
c9de322141d841e59abeb30f0c0a8037,unknown,0,0,0
c9e300f0b73e40adb4ef812bb3b96440,ark/deepseek-v3,5958,700,6658
c9e300f0b73e40adb4ef812bb3b96440,unknown,0,0,0
c9e3398df17a4ac4bedcc2e7e670cb1c,ark/deepseek-v3,0,0,0
c9e3398df17a4ac4bedcc2e7e670cb1c,unknown,0,0,0
c9f215c7e8dd4b1fb994cf5110d18a38,deepseek-chat,3159,1376,4535
c9f215c7e8dd4b1fb994cf5110d18a38,gpt-4.1,4257,898,5155
c9f215c7e8dd4b1fb994cf5110d18a38,unknown,0,0,0
c9f40a0b11b2495892e93d83295ae340,deepseek-chat,670,327,997
c9f40a0b11b2495892e93d83295ae340,unknown,0,0,0
c9fd83f6524348359a8e454b8d4034e3,ark/deepseek-v3,1882,725,2607
c9fd83f6524348359a8e454b8d4034e3,unknown,0,0,0
ca01dc8f0af449089b63253fdff8909d,deepseek-chat,670,329,999
ca01dc8f0af449089b63253fdff8909d,unknown,0,0,0
ca0307e626714256a42d14a9bf3c98c3,deepseek-chat,0,0,0
ca0307e626714256a42d14a9bf3c98c3,unknown,0,0,0
ca084b9019a0483694d4e3dd52926c65,deepseek-chat,561,207,768
ca084b9019a0483694d4e3dd52926c65,unknown,0,0,0
ca0af2c9c682459aa0cfda78b03ed11d,ark/deepseek-v3,467,93,560
ca0af2c9c682459aa0cfda78b03ed11d,unknown,0,0,0
ca0c7f5df4384be390a789cf683eb14e,unknown,0,0,0
ca10347e621646ae878ee4116af03d91,ark/deepseek-v3,113,1199,1312
ca10347e621646ae878ee4116af03d91,unknown,0,0,0
ca1047f123ec45228b22ecbabdc22287,ark/deepseek-v3-1,1329,1126,2455
ca1047f123ec45228b22ecbabdc22287,unknown,0,0,0
ca13a3f80e214503983df8c2ad97dd7c,ark/deepseek-v3,14032,2660,16692
ca13a3f80e214503983df8c2ad97dd7c,unknown,0,0,0
ca156dc121034ad0b9690f794fc70620,ark/deepseek-v3,467,95,562
ca156dc121034ad0b9690f794fc70620,unknown,0,0,0
ca23b7ef387c4759a67b3dea155a8b52,ark/deepseek-v3,1455,239,1694
ca23b7ef387c4759a67b3dea155a8b52,unknown,0,0,0
ca2c055044e94a0d9285ad8c2297cd10,deepseek-chat,1735,714,2449
ca2c055044e94a0d9285ad8c2297cd10,gpt-4.1,2962,473,3435
ca2c055044e94a0d9285ad8c2297cd10,unknown,0,0,0
ca2df2b326954075bf15d1a12f881c2e,unknown,0,0,0
ca2df4acff6f40edb4dab214374e1b12,deepseek-chat,44,1814,1858
ca2df4acff6f40edb4dab214374e1b12,unknown,0,0,0
ca2f54ac7cb44b51b55f8e99a6e6901a,deepseek-chat,1067,326,1393
ca2f54ac7cb44b51b55f8e99a6e6901a,unknown,0,0,0
ca363754d999491bafe407dbc921cec5,ark/deepseek-v3,1167,354,1521
ca363754d999491bafe407dbc921cec5,deepseek-chat,6503,543,7046
ca363754d999491bafe407dbc921cec5,unknown,0,0,0
ca3dd1fefd3545fb96dab696649a2e7c,ark/deepseek-v3,2319,1265,3584
ca3dd1fefd3545fb96dab696649a2e7c,unknown,0,0,0
ca46bfd8bb3442389becb9c6dea96305,ark/deepseek-v3,6606,760,7366
ca46bfd8bb3442389becb9c6dea96305,unknown,0,0,0
ca5938f723104a25a1d4e385ac43d5ab,ark/deepseek-v3,1828,878,2706
ca5938f723104a25a1d4e385ac43d5ab,unknown,0,0,0
ca59fc343012477586aa7506f1df8f08,ark/deepseek-v3,467,84,551
ca59fc343012477586aa7506f1df8f08,unknown,0,0,0
ca5bf28275c34ba1ae23ad6f3cb4ba3d,ark/deepseek-v3,0,0,0
ca5bf28275c34ba1ae23ad6f3cb4ba3d,unknown,0,0,0
ca5bf7e4d5384f4cbb8b78e5a0bbc7e9,deepseek-chat,847,367,1214
ca5bf7e4d5384f4cbb8b78e5a0bbc7e9,unknown,0,0,0
ca653958e1144359b46e040c034ae318,deepseek-chat,1052,347,1399
ca653958e1144359b46e040c034ae318,gpt-4.1,940,27,967
ca653958e1144359b46e040c034ae318,unknown,0,0,0
ca70de0a205740e993a799ac74fcf9c1,ark/deepseek-v3,7452,759,8211
ca70de0a205740e993a799ac74fcf9c1,unknown,0,0,0
ca7632f72930432094c7004ba0b7b46b,ark/deepseek-v3,889,254,1143
ca7632f72930432094c7004ba0b7b46b,unknown,0,0,0
ca79aacf072e4398b9a00f8916587a56,ark/deepseek-v3-1,3714,1608,5322
ca79aacf072e4398b9a00f8916587a56,unknown,0,0,0
ca7bd6de5fae48579b722796eab413f8,ark/deepseek-v3,6429,1039,7468
ca7bd6de5fae48579b722796eab413f8,unknown,0,0,0
ca7e469d869340d894c1dfd1c7566a79,deepseek-chat,34,684,718
ca7e469d869340d894c1dfd1c7566a79,unknown,0,0,0
ca816a079b75436783041a72238136e5,deepseek-chat,671,369,1040
ca816a079b75436783041a72238136e5,unknown,0,0,0
ca90a73a3a60444bbd89b2a3495e3a82,deepseek-chat,561,207,768
ca90a73a3a60444bbd89b2a3495e3a82,unknown,0,0,0
ca96cb8f898e40e18d3c06945cfe8213,ark/deepseek-v3,701,179,880
ca96cb8f898e40e18d3c06945cfe8213,unknown,0,0,0
ca9c7ac9c60c4364a95aa8448da20637,deepseek-chat,561,207,768
ca9c7ac9c60c4364a95aa8448da20637,unknown,0,0,0
ca9e4a332dfc482aab926d988a3cd3aa,ark/deepseek-v3,0,0,0
ca9e4a332dfc482aab926d988a3cd3aa,unknown,0,0,0
ca9ebaacb7bd409e876fcd6e0e1b2545,deepseek-chat,671,363,1034
ca9ebaacb7bd409e876fcd6e0e1b2545,unknown,0,0,0
caa78bdb086149888cb9f1b8ff42dac6,deepseek-chat,561,207,768
caa78bdb086149888cb9f1b8ff42dac6,unknown,0,0,0
caacb2bc88f941678e8d1feacdde5137,ark/deepseek-v3,0,0,0
caacb2bc88f941678e8d1feacdde5137,unknown,0,0,0
cab74da23f3f41389790169423b3ad8f,deepseek-chat,2040,626,2666
cab74da23f3f41389790169423b3ad8f,unknown,0,0,0
cabde8064ad442d199748f036121ad62,ark/deepseek-v3,1197,460,1657
cabde8064ad442d199748f036121ad62,unknown,0,0,0
cac32728fa074f049f8f12fa399add5e,ark/deepseek-v3,4505,330,4835
cac32728fa074f049f8f12fa399add5e,unknown,0,0,0
cac965fdd48e421785a0232d6aca4820,deepseek-chat,681,286,967
cac965fdd48e421785a0232d6aca4820,unknown,0,0,0
cacd21531d98411cab1e9d58ce252b6a,ark/deepseek-v3,5912,1286,7198
cacd21531d98411cab1e9d58ce252b6a,unknown,0,0,0
cacfd368ca46451b99fe2d6b0ac5fcfa,ark/deepseek-v3,3120,330,3450
cacfd368ca46451b99fe2d6b0ac5fcfa,unknown,0,0,0
cad06f22c47949fda2160281fe81f3c9,ark/deepseek-v3,1251,237,1488
cad06f22c47949fda2160281fe81f3c9,unknown,0,0,0
cad1b622c0384d9583e125dc755ead64,deepseek-chat,670,368,1038
cad1b622c0384d9583e125dc755ead64,unknown,0,0,0
cad759da8eb44cfb8aea935417b0a801,ark/deepseek-v3-1,4020,1688,5708
cad759da8eb44cfb8aea935417b0a801,unknown,0,0,0
cae32ec46fa248c19228d1ff874d1372,ark/deepseek-v3-1,1329,953,2282
cae32ec46fa248c19228d1ff874d1372,unknown,0,0,0
cae98e032fb14dc0a89196aa50b0cdea,ark/deepseek-v3,687,509,1196
cae98e032fb14dc0a89196aa50b0cdea,unknown,0,0,0
caef4949b754448a9027a951dd02e66c,ark/deepseek-v3,1850,948,2798
caef4949b754448a9027a951dd02e66c,unknown,0,0,0
caf1d0b4871a4f7781fcea6380839ca0,ark/deepseek-v3-1,1405,821,2226
caf1d0b4871a4f7781fcea6380839ca0,unknown,0,0,0
cafadf3b11bf4c1292d545e02f39a948,deepseek-chat,670,332,1002
cafadf3b11bf4c1292d545e02f39a948,unknown,0,0,0
cafbdc134773472b93400f8e1927c6fa,unknown,0,0,0
cb0547ca1c60409e869f434b44665c56,ark/deepseek-v3,3836,716,4552
cb0547ca1c60409e869f434b44665c56,deepseek-chat,5709,184,5893
cb0547ca1c60409e869f434b44665c56,unknown,0,0,0
cb0eff1600884b348e825c4e508ec232,ark/deepseek-v3,467,98,565
cb0eff1600884b348e825c4e508ec232,unknown,0,0,0
cb146f7cc43547dd9e4da3357eb6944e,deepseek-chat,650,393,1043
cb146f7cc43547dd9e4da3357eb6944e,unknown,0,0,0
cb1861ad66714f4d9bcdf053cb234a61,unknown,0,0,0
cb1aaed0d4c74263914af14bf0a858bb,deepseek-chat,758,373,1131
cb1aaed0d4c74263914af14bf0a858bb,unknown,0,0,0
cb204e51b6d44e38866291cbb58411d6,ark/deepseek-v3,4062,690,4752
cb204e51b6d44e38866291cbb58411d6,unknown,0,0,0
cb24ae54adb0447d97d5799bc4a33abc,unknown,0,0,0
cb29b9c2797c46ae830e20dea251a49e,deepseek-chat,2302,933,3235
cb29b9c2797c46ae830e20dea251a49e,unknown,0,0,0
cb2fc5cdbb8f4aa18a06c47a5b5d96d9,deepseek-chat,715,342,1057
cb2fc5cdbb8f4aa18a06c47a5b5d96d9,unknown,0,0,0
cb34aeb69c644f8d96f76dcf0feb429d,ark/deepseek-v3,623,266,889
cb34aeb69c644f8d96f76dcf0feb429d,unknown,0,0,0
cb362a00c0a94c45963d9d53f343f93f,deepseek-chat,671,445,1116
cb362a00c0a94c45963d9d53f343f93f,unknown,0,0,0
cb3efce122b644a0bf2c837f57dfca35,ark/deepseek-v3-1,1048,219,1267
cb3efce122b644a0bf2c837f57dfca35,unknown,0,0,0
cb618bd405a14e5e9085c90132d6a1e8,deepseek-chat,2145,1031,3176
cb618bd405a14e5e9085c90132d6a1e8,unknown,0,0,0
cb63756c7c3f4f358632fa65c0e30824,deepseek-chat,5730,1440,7170
cb63756c7c3f4f358632fa65c0e30824,unknown,0,0,0
cb65d409c2774588a308329d6187feac,ark/deepseek-v3,701,200,901
cb65d409c2774588a308329d6187feac,unknown,0,0,0
cb6bec7fcc4d4e259bd149d74ac4b786,ark/deepseek-v3,1839,919,2758
cb6bec7fcc4d4e259bd149d74ac4b786,unknown,0,0,0
cb7729b85d8044bb906dc4785cd03508,deepseek-chat,1364,964,2328
cb7729b85d8044bb906dc4785cd03508,unknown,0,0,0
cb839418401e4958bb4aeb8a0c7419f8,deepseek-chat,1448,1095,2543
cb839418401e4958bb4aeb8a0c7419f8,unknown,0,0,0
cb88413064df4f838a682bc71cdaf9e2,ark/deepseek-v3,3896,467,4363
cb88413064df4f838a682bc71cdaf9e2,unknown,0,0,0
cb913ae14e1e43329c55daf707ff53c0,ark/deepseek-v3,5976,762,6738
cb913ae14e1e43329c55daf707ff53c0,unknown,0,0,0
cb936bf8808a45d79139b42dcdf02710,deepseek-chat,670,359,1029
cb936bf8808a45d79139b42dcdf02710,unknown,0,0,0
cb9c692c9c0548e1a6d859f71b74d13a,ark/deepseek-v3,10723,2073,12796
cb9c692c9c0548e1a6d859f71b74d13a,unknown,0,0,0
cba56316040c4668affc5dd9b5a6a876,ark/deepseek-v3,6835,1781,8616
cba56316040c4668affc5dd9b5a6a876,gpt-4.1,640,21,661
cba56316040c4668affc5dd9b5a6a876,unknown,0,0,0
cba588afea7f43d7a9872c9237c3362d,ark/deepseek-v3,6616,1889,8505
cba588afea7f43d7a9872c9237c3362d,gpt-4.1,645,26,671
cba588afea7f43d7a9872c9237c3362d,unknown,0,0,0
cbaab6dc4e1a4bd88b07a2de3d3f84ae,deepseek-chat,561,207,768
cbaab6dc4e1a4bd88b07a2de3d3f84ae,unknown,0,0,0
cbb1345be4654aa19971eb3c049a0799,ark/deepseek-v3,5936,1174,7110
cbb1345be4654aa19971eb3c049a0799,unknown,0,0,0
cbb7036aa55f4add90b096e3abd22295,ark/deepseek-v3,2981,661,3642
cbb7036aa55f4add90b096e3abd22295,unknown,0,0,0
cbcdfb9afc65485d96a4522918d2ea97,ark/deepseek-v3,606,276,882
cbcdfb9afc65485d96a4522918d2ea97,unknown,0,0,0
cbd5cf1d1164438689777d089faf5179,ark/deepseek-v3,467,96,563
cbd5cf1d1164438689777d089faf5179,unknown,0,0,0
cbdaee7017d94372abc12c9141c16035,ark/deepseek-v3,465,97,562
cbdaee7017d94372abc12c9141c16035,unknown,0,0,0
cbdd2b665b1e4839bdc4f189e2206d43,deepseek-chat,0,0,0
cbdd2b665b1e4839bdc4f189e2206d43,unknown,0,0,0
cbe101b4674a4c2dba735639834e6b50,ark/deepseek-v3,24850,4805,29655
cbe101b4674a4c2dba735639834e6b50,deepseek-chat,5947,275,6222
cbe101b4674a4c2dba735639834e6b50,unknown,0,0,0
cbe2ba71306144cfa4206572e52af8d9,deepseek-chat,1055,511,1566
cbe2ba71306144cfa4206572e52af8d9,gpt-4.1,941,28,969
cbe2ba71306144cfa4206572e52af8d9,unknown,0,0,0
cbe43e0781104f2b84c1b74e09d52d85,deepseek-chat,1158,527,1685
cbe43e0781104f2b84c1b74e09d52d85,unknown,0,0,0
cbe81a3ffc3949f1b48aa306c1fd47e1,deepseek-chat,561,207,768
cbe81a3ffc3949f1b48aa306c1fd47e1,unknown,0,0,0
cbe8b2c836f64475a2ea30fc63a98d52,ark/deepseek-v3,2403,982,3385
cbe8b2c836f64475a2ea30fc63a98d52,unknown,0,0,0
cbea3e453ec74a97a4d8f1bf37304673,ark/deepseek-v3-1,1405,918,2323
cbea3e453ec74a97a4d8f1bf37304673,unknown,0,0,0
cbef5125ee994cd29f8b6efa0e9fd1ba,gpt-4o-mini,3852,1171,5023
cbef5125ee994cd29f8b6efa0e9fd1ba,unknown,0,0,0
cbf081571a04437ca1132fcbbe5989f3,ark/deepseek-v3,1750,536,2286
cbf081571a04437ca1132fcbbe5989f3,unknown,0,0,0
cbf0af503a5d45ce9f7259730c9283c3,ark/deepseek-v3,467,93,560
cbf0af503a5d45ce9f7259730c9283c3,unknown,0,0,0
cbfa7bfddd03495f81148bb232455b74,ark/deepseek-v3,58,620,678
cbfa7bfddd03495f81148bb232455b74,unknown,0,0,0
cc03148bb91f4b35bc4b34554ef80230,ark/deepseek-v3,6927,1150,8077
cc03148bb91f4b35bc4b34554ef80230,unknown,0,0,0
cc08630a58a54928890aa7a8fc09adbf,deepseek-chat,2637,429,3066
cc08630a58a54928890aa7a8fc09adbf,unknown,0,0,0
cc0b4adb34e64bbaad4e7319b43fe95a,ark/deepseek-v3,14038,2573,16611
cc0b4adb34e64bbaad4e7319b43fe95a,unknown,0,0,0
cc121ea8c81c42eaa9af8fe026079ef5,ark/deepseek-v3,1834,799,2633
cc121ea8c81c42eaa9af8fe026079ef5,unknown,0,0,0
cc13743b9b564cbf99b04f40973630ad,ark/deepseek-v3,6122,1955,8077
cc13743b9b564cbf99b04f40973630ad,gpt-4.1,645,24,669
cc13743b9b564cbf99b04f40973630ad,unknown,0,0,0
cc15adc5c59f4766b2fa72c2cdbcda7c,ark/deepseek-v3,29934,5920,35854
cc15adc5c59f4766b2fa72c2cdbcda7c,unknown,0,0,0
cc195fa51f8c4402851d2ae904749f16,deepseek-chat,0,0,0
cc195fa51f8c4402851d2ae904749f16,unknown,0,0,0
cc25811c1150463d822fd16b035a357b,ark/deepseek-v3-1,1405,869,2274
cc25811c1150463d822fd16b035a357b,gpt-4.1,1659,377,2036
cc25811c1150463d822fd16b035a357b,unknown,0,0,0
cc25ddef37ff4c04ab9ef147bdf3a8d2,deepseek-chat,2112,1123,3235
cc25ddef37ff4c04ab9ef147bdf3a8d2,unknown,0,0,0
cc2871586cc94467b847448a4ce28b0f,deepseek-chat,3380,1379,4759
cc2871586cc94467b847448a4ce28b0f,gpt-4.1,3398,908,4306
cc2871586cc94467b847448a4ce28b0f,unknown,0,0,0
cc29d7447849440589f668c09eb45b4c,deepseek-chat,1376,341,1717
cc29d7447849440589f668c09eb45b4c,unknown,0,0,0
cc34bfad1b60457eafe97f4c950605fd,ark/deepseek-v3,1455,208,1663
cc34bfad1b60457eafe97f4c950605fd,unknown,0,0,0
cc353422f69749e4875cac5f55d0bdc6,ark/deepseek-v3,1455,204,1659
cc353422f69749e4875cac5f55d0bdc6,unknown,0,0,0
cc3cca3765134a54bc4dc9a836dd1856,unknown,0,0,0
cc3dec2f14f848718f79a365d1be702b,deepseek-chat,699,278,977
cc3dec2f14f848718f79a365d1be702b,unknown,0,0,0
cc3ed5115b444928b810bfdad13e6d52,deepseek-chat,671,384,1055
cc3ed5115b444928b810bfdad13e6d52,unknown,0,0,0
cc4c571725504ca9a53adaeb28643c31,ark/deepseek-v3,2072,846,2918
cc4c571725504ca9a53adaeb28643c31,unknown,0,0,0
cc4ca33eb5b3428299f32bb7eec248a2,ark/deepseek-v3,2264,550,2814
cc4ca33eb5b3428299f32bb7eec248a2,unknown,0,0,0
cc4fd84e76c743448148c544fb336e25,ark/deepseek-v3,1821,836,2657
cc4fd84e76c743448148c544fb336e25,unknown,0,0,0
cc51a4d8cea742369bb7c4adcf21d975,ark/deepseek-v3,467,98,565
cc51a4d8cea742369bb7c4adcf21d975,unknown,0,0,0
cc5d0b5f5a0e456a91732c1597e8a6c6,ark/deepseek-v3,1509,572,2081
cc5d0b5f5a0e456a91732c1597e8a6c6,unknown,0,0,0
cc66c7151be84aee9fb73b592d105293,ark/deepseek-v3,1535,259,1794
cc66c7151be84aee9fb73b592d105293,unknown,0,0,0
cc68f7698c4546759bef9cd61fcd2b30,ark/deepseek-v3,0,0,0
cc68f7698c4546759bef9cd61fcd2b30,unknown,0,0,0
cc6be9ba212a45079d108e6e99abd409,unknown,0,0,0
cc729fabe06a4865a81234f59968274d,ark/deepseek-v3,487,83,570
cc729fabe06a4865a81234f59968274d,unknown,0,0,0
cc73d523033545debfa6adcebcc893ed,ark/deepseek-v3,467,94,561
cc73d523033545debfa6adcebcc893ed,unknown,0,0,0
cc75875e1efa4747a001655f3ef79452,deepseek-chat,670,335,1005
cc75875e1efa4747a001655f3ef79452,unknown,0,0,0
cc7aacde51bc4aa09516af5b204d0ad9,ark/deepseek-v3,2985,592,3577
cc7aacde51bc4aa09516af5b204d0ad9,unknown,0,0,0
cc82732e8a9a42fc9886780606804114,ark/deepseek-v3,1455,203,1658
cc82732e8a9a42fc9886780606804114,unknown,0,0,0
cc829a58a9a64d6994672000b2bdf0e5,deepseek-chat,692,263,955
cc829a58a9a64d6994672000b2bdf0e5,unknown,0,0,0
cc862973d79d4fdd9ec867e410023762,deepseek-chat,850,357,1207
cc862973d79d4fdd9ec867e410023762,unknown,0,0,0
cc86336af1e44d94abd715753b6d56cb,ark/deepseek-v3,1081,300,1381
cc86336af1e44d94abd715753b6d56cb,unknown,0,0,0
cc94aacb5f96410594e39164e53b9bd7,deepseek-chat,976,367,1343
cc94aacb5f96410594e39164e53b9bd7,unknown,0,0,0
cc94f5c4b7e84081b8e808b99ae56a4b,ark/deepseek-v3,467,94,561
cc94f5c4b7e84081b8e808b99ae56a4b,unknown,0,0,0
cc9a462c68124f7e9f183c327d8f88d2,unknown,0,0,0
cc9dd78eabf048b6adc026fb83171027,ark/deepseek-v3,2258,857,3115
cc9dd78eabf048b6adc026fb83171027,unknown,0,0,0
cca20b09f3d14c91a45a34aaea7b3849,ark/deepseek-v3,1837,362,2199
cca20b09f3d14c91a45a34aaea7b3849,unknown,0,0,0
cca30865ac4d4db99ff2ca15dbcf65fd,ark/deepseek-v3-1,1405,950,2355
cca30865ac4d4db99ff2ca15dbcf65fd,unknown,0,0,0
ccafa4671c214347bc35b954673f173a,deepseek-chat,7589,3040,10629
ccafa4671c214347bc35b954673f173a,gpt-4.1,4861,1027,5888
ccafa4671c214347bc35b954673f173a,unknown,0,0,0
ccbace8938744bc596977df02d5f4078,ark/deepseek-v3,631,389,1020
ccbace8938744bc596977df02d5f4078,unknown,0,0,0
ccbbbc4c582f471091b530aebd86f7fd,unknown,0,0,0
ccc169dd9b934c3aaad6aea089bb171b,ark/deepseek-v3,862,567,1429
ccc169dd9b934c3aaad6aea089bb171b,unknown,0,0,0
ccc9a08534074a1494af413c7eba5713,ark/deepseek-v3,467,136,603
ccc9a08534074a1494af413c7eba5713,unknown,0,0,0
cccada2f06b74220ab8e46f309d9d8b3,ark/deepseek-v3,8284,1708,9992
cccada2f06b74220ab8e46f309d9d8b3,unknown,0,0,0
cccba40b176242dca3f988c7c945798b,ark/deepseek-v3,1673,768,2441
cccba40b176242dca3f988c7c945798b,unknown,0,0,0
cccd518d4192497291c555a82a0d9738,deepseek-chat,670,304,974
cccd518d4192497291c555a82a0d9738,gpt-4.1,943,82,1025
cccd518d4192497291c555a82a0d9738,unknown,0,0,0
ccce04c999574c868622d93a599285c5,ark/deepseek-v3,0,0,0
ccce04c999574c868622d93a599285c5,unknown,0,0,0
cce1d6c479f94fdeb761a743d667690d,ark/deepseek-v3,701,176,877
cce1d6c479f94fdeb761a743d667690d,unknown,0,0,0
cce80e40eee8438593ed2e15ab6612fc,ark/deepseek-v3,1361,340,1701
cce80e40eee8438593ed2e15ab6612fc,unknown,0,0,0
cce9d0ff352544ae8fdd3414b2814d66,deepseek-chat,670,321,991
cce9d0ff352544ae8fdd3414b2814d66,unknown,0,0,0
cceb8cdf386a4974b29414f2fef422ed,deepseek-chat,2276,1001,3277
cceb8cdf386a4974b29414f2fef422ed,unknown,0,0,0
ccee0d5c3e294f5fb5111d9499448ffb,deepseek-chat,5155,52,5207
ccee0d5c3e294f5fb5111d9499448ffb,unknown,0,0,0
ccf28f76794848149ecec6f3ef5decc8,ark/deepseek-v3,701,176,877
ccf28f76794848149ecec6f3ef5decc8,unknown,0,0,0
ccfac957287c4af1bea360a5a7544397,deepseek-chat,10,630,640
ccfac957287c4af1bea360a5a7544397,unknown,0,0,0
cd02306d41a341b28c2ad45fe991901c,ark/deepseek-v3,675,346,1021
cd02306d41a341b28c2ad45fe991901c,unknown,0,0,0
cd02cd261b97407fa19ce50ff9a27a21,unknown,0,0,0
cd051e2d5e534b11bccef89213e8064c,ark/deepseek-v3,7548,1786,9334
cd051e2d5e534b11bccef89213e8064c,unknown,0,0,0
cd07edb927cb491e9d64cfdbe41a2c5f,deepseek-chat,670,320,990
cd07edb927cb491e9d64cfdbe41a2c5f,unknown,0,0,0
cd0e3ba453e64ca9bf5ac6b0624996f5,ark/deepseek-v3,701,183,884
cd0e3ba453e64ca9bf5ac6b0624996f5,unknown,0,0,0
cd0e7b2ece4d4031b8d8b06402a915c7,deepseek-chat,561,221,782
cd0e7b2ece4d4031b8d8b06402a915c7,unknown,0,0,0
cd0f2e8dbe6342abb895b419d15b98eb,ark/deepseek-v3,701,196,897
cd0f2e8dbe6342abb895b419d15b98eb,unknown,0,0,0
cd319891f21f4b4687852fb3fa678890,ark/deepseek-v3,2364,426,2790
cd319891f21f4b4687852fb3fa678890,unknown,0,0,0
cd3362c568004cefa7f89998361003ad,ark/deepseek-v3,3119,318,3437
cd3362c568004cefa7f89998361003ad,unknown,0,0,0
cd438492087444d9878c88e6d9e90962,ark/deepseek-v3,701,177,878
cd438492087444d9878c88e6d9e90962,unknown,0,0,0
cd454f90c3f74114a14f774f0a6e223e,ark/deepseek-v3,467,82,549
cd454f90c3f74114a14f774f0a6e223e,unknown,0,0,0
cd49cff25ad64d69bdf97732d110a8f2,ark/deepseek-v3,6061,1758,7819
cd49cff25ad64d69bdf97732d110a8f2,gpt-4.1,1277,69,1346
cd49cff25ad64d69bdf97732d110a8f2,unknown,0,0,0
cd4e8ff7fced4ae6ba93d1e5e12443e2,ark/deepseek-v3,467,111,578
cd4e8ff7fced4ae6ba93d1e5e12443e2,unknown,0,0,0
cd52282a573441aaafaf92ae800d3a6e,ark/deepseek-v3,758,106,864
cd52282a573441aaafaf92ae800d3a6e,unknown,0,0,0
cd548939806b4c68a2fff1af11b03f4e,ark/deepseek-v3,833,151,984
cd548939806b4c68a2fff1af11b03f4e,unknown,0,0,0
cd584103c48d4da4806a1a29a6dad21b,ark/deepseek-v3,2145,1213,3358
cd584103c48d4da4806a1a29a6dad21b,unknown,0,0,0
cd58dabb818c4a08897084374868de01,deepseek-chat,670,311,981
cd58dabb818c4a08897084374868de01,unknown,0,0,0
cd5f4911e3d44b979ee0ce49ac821d06,ark/deepseek-v3-1,1405,901,2306
cd5f4911e3d44b979ee0ce49ac821d06,unknown,0,0,0
cd610cf77a1e49f085ee21368430aae3,ark/deepseek-v3-1,2856,1151,4007
cd610cf77a1e49f085ee21368430aae3,unknown,0,0,0
cd633eb2757643078d88a7eeb4e32365,ark/deepseek-v3-1,1405,733,2138
cd633eb2757643078d88a7eeb4e32365,unknown,0,0,0
cd6ab65003bd4b0e9fe8bb5bffad1fd3,ark/deepseek-v3,701,176,877
cd6ab65003bd4b0e9fe8bb5bffad1fd3,unknown,0,0,0
cd77fdb0c6c14550bcfe49c10a6f6b93,ark/deepseek-v3-1,1329,881,2210
cd77fdb0c6c14550bcfe49c10a6f6b93,unknown,0,0,0
cd8aed0aebd1407789bc0a1d8968f06c,deepseek-chat,983,530,1513
cd8aed0aebd1407789bc0a1d8968f06c,unknown,0,0,0
cd92bd25238046b9a46005c6e4538ee2,ark/deepseek-v3,3093,371,3464
cd92bd25238046b9a46005c6e4538ee2,unknown,0,0,0
cda8cf189aa546d68ee6c7125b0bd43d,deepseek-chat,670,355,1025
cda8cf189aa546d68ee6c7125b0bd43d,unknown,0,0,0
cdaee26032be46068c124a92d61dbd2b,ark/deepseek-v3,3143,288,3431
cdaee26032be46068c124a92d61dbd2b,unknown,0,0,0
cdb5e9010ed34dc7905f64e1af011aae,deepseek-chat,0,0,0
cdb5e9010ed34dc7905f64e1af011aae,unknown,0,0,0
cdba42aa789b4951bbada38d5a993ae1,unknown,0,0,0
cdbbd2b4981e4754a21ec54dde9dd791,deepseek-chat,2637,418,3055
cdbbd2b4981e4754a21ec54dde9dd791,unknown,0,0,0
cdc1a23067104beca6ee4bd2b861ed9e,ark/deepseek-v3,783,229,1012
cdc1a23067104beca6ee4bd2b861ed9e,unknown,0,0,0
cdc803b5c00d436482e168352e90fd6d,deepseek-chat,1502,699,2201
cdc803b5c00d436482e168352e90fd6d,unknown,0,0,0
cdcc59e2e0a44611b582210619b607d7,deepseek-chat,670,311,981
cdcc59e2e0a44611b582210619b607d7,unknown,0,0,0
cdced58929d64f50a17222c2c12a37a3,deepseek-chat,1396,542,1938
cdced58929d64f50a17222c2c12a37a3,unknown,0,0,0
cdcfa84591f84331811004f3a954a5e7,ark/deepseek-v3,701,176,877
cdcfa84591f84331811004f3a954a5e7,unknown,0,0,0
cdd3df657d554fe8ac95394e9b874239,ark/deepseek-v3,467,94,561
cdd3df657d554fe8ac95394e9b874239,unknown,0,0,0
cdd824262d91400faaedc63151284602,ark/deepseek-v3,4423,1984,6407
cdd824262d91400faaedc63151284602,unknown,0,0,0
cddf5f5446294efc9eca81ea40ac47eb,deepseek-chat,0,0,0
cddf5f5446294efc9eca81ea40ac47eb,unknown,0,0,0
cdf2febda92c4c47ae9a4fbd10cebf1f,unknown,0,0,0
cdf3489aec134d9f87f56bbc366ab93b,ark/deepseek-v3,5523,1457,6980
cdf3489aec134d9f87f56bbc366ab93b,unknown,0,0,0
cdf7e27b2e9f471b9ce9a98e43d4c86a,deepseek-chat,4091,1316,5407
cdf7e27b2e9f471b9ce9a98e43d4c86a,gpt-4.1,4581,1067,5648
cdf7e27b2e9f471b9ce9a98e43d4c86a,unknown,0,0,0
cdfd7e79d2614ccca3d32cd82167a038,deepseek-chat,2592,854,3446
cdfd7e79d2614ccca3d32cd82167a038,unknown,0,0,0
ce0ecbc023eb4a1fac4588ffdb0099cd,deepseek-chat,2285,640,2925
ce0ecbc023eb4a1fac4588ffdb0099cd,unknown,0,0,0
ce13fd8bfaa04301aa30733fc8760643,ark/deepseek-v3,1251,215,1466
ce13fd8bfaa04301aa30733fc8760643,unknown,0,0,0
ce15aa1b93404a80861d683da5f8fe28,ark/deepseek-v3,5537,583,6120
ce15aa1b93404a80861d683da5f8fe28,unknown,0,0,0
ce15ab69a459421f9bfb3a63afa8db94,deepseek-chat,863,463,1326
ce15ab69a459421f9bfb3a63afa8db94,unknown,0,0,0
ce1b04197c8d4c50b41b7ccf59d8ec03,ark/deepseek-v3,467,94,561
ce1b04197c8d4c50b41b7ccf59d8ec03,unknown,0,0,0
ce208591d3ab46bea075beb5e6faebe7,ark/deepseek-v3,3801,609,4410
ce208591d3ab46bea075beb5e6faebe7,unknown,0,0,0
ce2e288e48af42ec9fbba6add583a65e,unknown,0,0,0
ce334073a6ac4d1fa85432d2b82320d4,ark/deepseek-v3,9532,1744,11276
ce334073a6ac4d1fa85432d2b82320d4,unknown,0,0,0
ce35e013cbd142d68e53ae9db70c8d7f,ark/deepseek-v3,701,209,910
ce35e013cbd142d68e53ae9db70c8d7f,unknown,0,0,0
ce377f3057a14c4a8ef6f3375061f226,deepseek-chat,2978,1641,4619
ce377f3057a14c4a8ef6f3375061f226,unknown,0,0,0
ce3d3c811c024ac4b583380385139630,ark/deepseek-v3-1,1594,184,1778
ce3d3c811c024ac4b583380385139630,unknown,0,0,0
ce4059ce99ca4847927f61f294aad223,ark/deepseek-v3,467,107,574
ce4059ce99ca4847927f61f294aad223,unknown,0,0,0
ce40ab7ebdb54bd98a2e3d2343baefab,deepseek-chat,1366,919,2285
ce40ab7ebdb54bd98a2e3d2343baefab,unknown,0,0,0
ce49df4d73cb4d6ebf5b66b8779012d7,deepseek-chat,561,207,768
ce49df4d73cb4d6ebf5b66b8779012d7,unknown,0,0,0
ce49e26b77ea4cfa87fc2a70999b420c,ark/deepseek-v3,0,0,0
ce49e26b77ea4cfa87fc2a70999b420c,unknown,0,0,0
ce4a5739c1cd4a1787cb1b4f28b1eaf1,ark/deepseek-v3,1837,393,2230
ce4a5739c1cd4a1787cb1b4f28b1eaf1,unknown,0,0,0
ce4b74913ff44817aa740e569f373fca,ark/deepseek-v3,1251,215,1466
ce4b74913ff44817aa740e569f373fca,unknown,0,0,0
ce4d606dd10e47b8a5238072ca955c25,ark/deepseek-v3,0,0,0
ce4d606dd10e47b8a5238072ca955c25,unknown,0,0,0
ce4e1167a4ff40c388dc46f8f5929fb1,ark/deepseek-v3,1431,241,1672
ce4e1167a4ff40c388dc46f8f5929fb1,deepseek-chat,5211,21,5232
ce4e1167a4ff40c388dc46f8f5929fb1,unknown,0,0,0
ce52338ee52e4cec97027303f2755ef3,ark/deepseek-v3,467,107,574
ce52338ee52e4cec97027303f2755ef3,unknown,0,0,0
ce53a31b73464f5180e915959a0197d9,ark/deepseek-v3,701,173,874
ce53a31b73464f5180e915959a0197d9,unknown,0,0,0
ce548e4db2d140cfab7dcd4b5e47df3d,deepseek-chat,1515,502,2017
ce548e4db2d140cfab7dcd4b5e47df3d,unknown,0,0,0
ce57592d4ff142988a5c5ac1fd132b14,deepseek-chat,561,206,767
ce57592d4ff142988a5c5ac1fd132b14,unknown,0,0,0
ce57fd4314544dd682aa5a42a875a281,deepseek-chat,894,406,1300
ce57fd4314544dd682aa5a42a875a281,unknown,0,0,0
ce5eb8e9943248b0aa992ffc605118cf,ark/deepseek-v3,865,582,1447
ce5eb8e9943248b0aa992ffc605118cf,unknown,0,0,0
ce682790ab0c4c7b9e6bd091537cfac3,ark/deepseek-v3,2365,475,2840
ce682790ab0c4c7b9e6bd091537cfac3,unknown,0,0,0
ce6c5feba229470f98309fab2cffd977,ark/deepseek-v3,13847,2631,16478
ce6c5feba229470f98309fab2cffd977,unknown,0,0,0
ce6d1724f4f54d59a365fa8c85900be1,deepseek-chat,741,363,1104
ce6d1724f4f54d59a365fa8c85900be1,unknown,0,0,0
ce731ba8ec01451faff49073503ea3fb,ark/deepseek-v3-1,490,266,756
ce731ba8ec01451faff49073503ea3fb,unknown,0,0,0
ce78b90fa2bd402c928623aad41adfb1,unknown,0,0,0
ce8a5a03d77a4f4ba45e252d5813bdf3,ark/deepseek-v3,465,83,548
ce8a5a03d77a4f4ba45e252d5813bdf3,unknown,0,0,0
ce928fc9923c40909b1dee71fc1fd71a,deepseek-chat,1211,432,1643
ce928fc9923c40909b1dee71fc1fd71a,unknown,0,0,0
ce94b947666449c7b0aca785fd9faba3,ark/deepseek-v3,701,198,899
ce94b947666449c7b0aca785fd9faba3,unknown,0,0,0
ce97a1fd0db148ee8dd060ef969953e5,deepseek-chat,7830,4192,12022
ce97a1fd0db148ee8dd060ef969953e5,unknown,0,0,0
cea0ef08591040df9e6d8e2d635e0efe,ark/deepseek-v3,1758,693,2451
cea0ef08591040df9e6d8e2d635e0efe,unknown,0,0,0
cea2ec6ebe7b4c67b559bd8831e6b7e4,ark/deepseek-v3,701,175,876
cea2ec6ebe7b4c67b559bd8831e6b7e4,unknown,0,0,0
cea56ef88121469fb2be053143784682,ark/deepseek-v3,698,108,806
cea56ef88121469fb2be053143784682,unknown,0,0,0
ceac6f12dbac4f4494d77a10fa2f6c85,ark/deepseek-v3,2251,1089,3340
ceac6f12dbac4f4494d77a10fa2f6c85,unknown,0,0,0
ceb1bb73593942b295ed72ee30f66856,ark/deepseek-v3,1251,216,1467
ceb1bb73593942b295ed72ee30f66856,unknown,0,0,0
ceb1ce85f7f344c2a6a1697c8e0d8c46,ark/deepseek-v3,1455,187,1642
ceb1ce85f7f344c2a6a1697c8e0d8c46,unknown,0,0,0
ceb479a054544cecafa5464563614557,ark/deepseek-v3,29981,5963,35944
ceb479a054544cecafa5464563614557,deepseek-chat,7799,342,8141
ceb479a054544cecafa5464563614557,unknown,0,0,0
ceb6ba88ca414d948133c98855910a82,ark/deepseek-v3,467,86,553
ceb6ba88ca414d948133c98855910a82,unknown,0,0,0
cec064fc1dc943afade81449eec1cfc3,ark/deepseek-v3,6216,1769,7985
cec064fc1dc943afade81449eec1cfc3,gpt-4.1,642,23,665
cec064fc1dc943afade81449eec1cfc3,unknown,0,0,0
cec08c903caf4c5a9cb3310f970d7677,deepseek-chat,671,346,1017
cec08c903caf4c5a9cb3310f970d7677,unknown,0,0,0
cec9e2d20d37425e903cc3acea2ee603,deepseek-chat,1186,380,1566
cec9e2d20d37425e903cc3acea2ee603,unknown,0,0,0
ced910812e0247f8804e926e40695d6d,deepseek-chat,5472,1961,7433
ced910812e0247f8804e926e40695d6d,unknown,0,0,0
cede05b469814d1896468ceebbb0d74d,ark/deepseek-v3,467,95,562
cede05b469814d1896468ceebbb0d74d,unknown,0,0,0
ceded9c310c04f1c98f5573ce2ca785c,ark/deepseek-v3,1509,716,2225
ceded9c310c04f1c98f5573ce2ca785c,unknown,0,0,0
cee0741cef044af590700d8fdf9b7a07,ark/deepseek-v3,3144,310,3454
cee0741cef044af590700d8fdf9b7a07,unknown,0,0,0
cee33121cd7442b7a9ab8fab4d2aef89,deepseek-chat,5917,1665,7582
cee33121cd7442b7a9ab8fab4d2aef89,unknown,0,0,0
ceea4d6e1f08443487393337f39be333,ark/deepseek-v3,1115,432,1547
ceea4d6e1f08443487393337f39be333,unknown,0,0,0
cef2b1841da140b79456436f7cda624a,ark/deepseek-v3-1,3802,1702,5504
cef2b1841da140b79456436f7cda624a,unknown,0,0,0
cef733ef0eba4e90bd4cd9e7e0ff3661,deepseek-chat,670,358,1028
cef733ef0eba4e90bd4cd9e7e0ff3661,unknown,0,0,0
cefd2c2333da4db69ac14a3084be5472,ark/deepseek-v3,467,97,564
cefd2c2333da4db69ac14a3084be5472,unknown,0,0,0
ceff21b3a86b45cb961bb7ed9c6db00c,deepseek-chat,1449,817,2266
ceff21b3a86b45cb961bb7ed9c6db00c,unknown,0,0,0
cefff7f5fa6e45d8bb781b94a46a5e32,deepseek-chat,671,498,1169
cefff7f5fa6e45d8bb781b94a46a5e32,unknown,0,0,0
cf034ee3744242fca65885c01b2a7fe0,ark/deepseek-v3-1,2235,1077,3312
cf034ee3744242fca65885c01b2a7fe0,gpt-4.1,1064,22,1086
cf034ee3744242fca65885c01b2a7fe0,unknown,0,0,0
cf084f47e6844450831952455853a7b1,ark/deepseek-v3,1414,834,2248
cf084f47e6844450831952455853a7b1,unknown,0,0,0
cf0894f52df24161abd0b6ce7fed70f8,ark/deepseek-v3,758,88,846
cf0894f52df24161abd0b6ce7fed70f8,unknown,0,0,0
cf0b25290ad24aa4a3314b3c42bf6d96,ark/deepseek-v3,0,0,0
cf0b25290ad24aa4a3314b3c42bf6d96,unknown,0,0,0
cf1a5b838479417ca2c5b072b385f862,deepseek-chat,755,230,985
cf1a5b838479417ca2c5b072b385f862,unknown,0,0,0
cf203b44e81748bcb938b72d876760fb,unknown,0,0,0
cf24c3caaf3e4c958e5b6bfba8fe77b9,ark/deepseek-v3,467,111,578
cf24c3caaf3e4c958e5b6bfba8fe77b9,unknown,0,0,0
cf3085f41a774645ae7f9c25c8ea775e,ark/deepseek-v3,3524,1001,4525
cf3085f41a774645ae7f9c25c8ea775e,unknown,0,0,0
cf31d66745d44186bcd9d81cf21e7d37,deepseek-chat,2792,1268,4060
cf31d66745d44186bcd9d81cf21e7d37,unknown,0,0,0
cf3c23680b34407192191df47887a316,ark/deepseek-v3,467,113,580
cf3c23680b34407192191df47887a316,unknown,0,0,0
cf3c990c530849cb987adb7076bb85c5,ark/deepseek-v3-1,2814,1187,4001
cf3c990c530849cb987adb7076bb85c5,unknown,0,0,0
cf40e1d76a7b41b9acf2309c4167b938,ark/deepseek-v3,701,184,885
cf40e1d76a7b41b9acf2309c4167b938,unknown,0,0,0
cf4454dbd53841fdb011fc83d9011a40,ark/deepseek-v3,1089,267,1356
cf4454dbd53841fdb011fc83d9011a40,unknown,0,0,0
cf4583fe451c4e4c814e9058c99b9cbf,deepseek-chat,2690,1590,4280
cf4583fe451c4e4c814e9058c99b9cbf,unknown,0,0,0
cf4cfe14ed8e4f31aac6c496d9a376fe,ark/deepseek-v3,5912,1284,7196
cf4cfe14ed8e4f31aac6c496d9a376fe,unknown,0,0,0
cf4f7d6d8a5e4daea279323f294ec459,ark/deepseek-v3,701,197,898
cf4f7d6d8a5e4daea279323f294ec459,unknown,0,0,0
cf52284e9a0245f19b2c9f640b05f4ee,deepseek-chat,2607,1092,3699
cf52284e9a0245f19b2c9f640b05f4ee,unknown,0,0,0
cf52ecc32d964856a3a4bfa7d388629a,deepseek-chat,21,701,722
cf52ecc32d964856a3a4bfa7d388629a,unknown,0,0,0
cf539712993749ed8daa66869a08e82f,deepseek-chat,561,206,767
cf539712993749ed8daa66869a08e82f,unknown,0,0,0
cf5d06e3a7eb421d94a51d88824db2ab,deepseek-chat,2612,1204,3816
cf5d06e3a7eb421d94a51d88824db2ab,unknown,0,0,0
cf5e0f1157704ce69b33156ef65644b3,deepseek-chat,670,351,1021
cf5e0f1157704ce69b33156ef65644b3,unknown,0,0,0
cf60a8025db5458bacf523ef88dd3138,ark/deepseek-v3,1455,194,1649
cf60a8025db5458bacf523ef88dd3138,unknown,0,0,0
cf636670a08f48d9b3927183396b94a2,ark/deepseek-v3,467,94,561
cf636670a08f48d9b3927183396b94a2,unknown,0,0,0
cf6633e23f1748918c132ff4a1c2add3,ark/deepseek-v3,1837,386,2223
cf6633e23f1748918c132ff4a1c2add3,unknown,0,0,0
cf6fd2a3246546c68206b2d813d9c18f,deepseek-chat,10,221,231
cf6fd2a3246546c68206b2d813d9c18f,unknown,0,0,0
cf70222b7f3448eea42638eeb70d8945,deepseek-chat,671,345,1016
cf70222b7f3448eea42638eeb70d8945,unknown,0,0,0
cf72507a0d9943869b430ca014fb69ff,deepseek-chat,12935,1617,14552
cf72507a0d9943869b430ca014fb69ff,unknown,0,0,0
cf77585fc5884ab798f10cafde5cea82,ark/deepseek-v3,4755,1408,6163
cf77585fc5884ab798f10cafde5cea82,unknown,0,0,0
cf79515821364bae9f96f708c7fbe566,ark/deepseek-v3,1588,959,2547
cf79515821364bae9f96f708c7fbe566,unknown,0,0,0
cf80ea4d9f104f9a87890307e16eabad,ark/deepseek-v3,3143,313,3456
cf80ea4d9f104f9a87890307e16eabad,unknown,0,0,0
cf8a8c493a2d450583d1ff121f252967,deepseek-chat,1430,534,1964
cf8a8c493a2d450583d1ff121f252967,unknown,0,0,0
cf8ad5d147e64025b347e329dc68219a,ark/deepseek-v3,3293,1849,5142
cf8ad5d147e64025b347e329dc68219a,unknown,0,0,0
cf8c07dfcc074fa7a2df91e2fe030ca7,ark/deepseek-v3,0,0,0
cf8c07dfcc074fa7a2df91e2fe030ca7,unknown,0,0,0
cfa4f3d75dcd4cd5a63958cd41568a89,ark/deepseek-v3,2355,1017,3372
cfa4f3d75dcd4cd5a63958cd41568a89,unknown,0,0,0
cfa5b094aebc47fe85a73e0579a51e9f,ark/deepseek-v3,1065,324,1389
cfa5b094aebc47fe85a73e0579a51e9f,unknown,0,0,0
cfa5c592e54e4ed887e80fcf4c625715,ark/deepseek-v3,701,199,900
cfa5c592e54e4ed887e80fcf4c625715,unknown,0,0,0
cfac6529f20745ba84330c8601295e21,ark/deepseek-v3,467,94,561
cfac6529f20745ba84330c8601295e21,unknown,0,0,0
cfbd50ad38474015bd7a92eff166d4ce,deepseek-chat,671,381,1052
cfbd50ad38474015bd7a92eff166d4ce,unknown,0,0,0
cfbff2e1f0a2417cbb8d240ff93ee97f,ark/deepseek-v3-1,1405,730,2135
cfbff2e1f0a2417cbb8d240ff93ee97f,unknown,0,0,0
cfc18b2939f94e5f96f27fa1b1d8ed2c,deepseek-chat,671,441,1112
cfc18b2939f94e5f96f27fa1b1d8ed2c,unknown,0,0,0
cfc198e959324a3aa7be968f3d2731f7,deepseek-chat,1042,407,1449
cfc198e959324a3aa7be968f3d2731f7,gpt-4.1,1418,354,1772
cfc198e959324a3aa7be968f3d2731f7,unknown,0,0,0
cfc3052b0217426da836f44758d7e173,deepseek-chat,855,326,1181
cfc3052b0217426da836f44758d7e173,unknown,0,0,0
cfce59242cad4e9fb5072a7684ed8cdb,deepseek-chat,12,1384,1396
cfce59242cad4e9fb5072a7684ed8cdb,unknown,0,0,0
cfceb5607aff4369847a28cb56d130e7,ark/deepseek-v3,113,1193,1306
cfceb5607aff4369847a28cb56d130e7,unknown,0,0,0
cfd0b6dcc6fb490ea7b6ffd6ec0a67d9,deepseek-chat,561,219,780
cfd0b6dcc6fb490ea7b6ffd6ec0a67d9,unknown,0,0,0
cfd373017ac44509b5f6080e14f24308,ark/deepseek-v3,1569,221,1790
cfd373017ac44509b5f6080e14f24308,unknown,0,0,0
cfd8f57e16cd4b6faba2383e19df0a8b,ark/deepseek-v3,467,96,563
cfd8f57e16cd4b6faba2383e19df0a8b,unknown,0,0,0
cfdbcbce1fbe49e3ab54ef188b9c3004,ark/deepseek-v3,677,123,800
cfdbcbce1fbe49e3ab54ef188b9c3004,unknown,0,0,0
cfdc057a2d984aa3a669392f6c3f105b,ark/deepseek-v3,1065,279,1344
cfdc057a2d984aa3a669392f6c3f105b,unknown,0,0,0
cfe3fd15d02343a7966bf79595a3469f,ark/deepseek-v3,0,0,0
cfe3fd15d02343a7966bf79595a3469f,unknown,0,0,0
cfe8689ec005483d8439fd8d1f4711d7,ark/deepseek-v3,0,0,0
cfe8689ec005483d8439fd8d1f4711d7,unknown,0,0,0
cff4b5bdc9de4d49a3ff512fee8d9a26,ark/deepseek-v3,1089,303,1392
cff4b5bdc9de4d49a3ff512fee8d9a26,unknown,0,0,0
cffb2c1aa4a94addbee53efa4c8ac289,deepseek-chat,3345,1462,4807
cffb2c1aa4a94addbee53efa4c8ac289,unknown,0,0,0
d0101ebabd68451ea9299aa3cf837038,ark/deepseek-v3,4733,2466,7199
d0101ebabd68451ea9299aa3cf837038,unknown,0,0,0
d01fe38d09cc4eac9b47e319a6f6e01e,deepseek-chat,2222,736,2958
d01fe38d09cc4eac9b47e319a6f6e01e,unknown,0,0,0
d025d3282a964b4f9620c70139a97de1,ark/deepseek-v3,0,0,0
d025d3282a964b4f9620c70139a97de1,unknown,0,0,0
d0262b3748d34837a91a97f4547b8cd1,deepseek-chat,600,298,898
d0262b3748d34837a91a97f4547b8cd1,unknown,0,0,0
d027e4dff1894b1b8d95c77ea3691a0f,ark/deepseek-v3-1,4998,2211,7209
d027e4dff1894b1b8d95c77ea3691a0f,gpt-4.1,4467,1109,5576
d027e4dff1894b1b8d95c77ea3691a0f,unknown,0,0,0
d03486952807423e8045ab0be6680b2d,deepseek-chat,1428,536,1964
d03486952807423e8045ab0be6680b2d,unknown,0,0,0
d03b0b0b7b09453982fcf323288a8d37,ark/deepseek-v3,694,290,984
d03b0b0b7b09453982fcf323288a8d37,unknown,0,0,0
d03db92296194d309f17bc0d1f6eaf53,ark/deepseek-v3,0,0,0
d03db92296194d309f17bc0d1f6eaf53,unknown,0,0,0
d03f1c8bce6949cd9798675ce01bc5fc,deepseek-chat,561,206,767
d03f1c8bce6949cd9798675ce01bc5fc,unknown,0,0,0
d04064845bc04122810eba63cb79477c,ark/deepseek-v3,1251,220,1471
d04064845bc04122810eba63cb79477c,unknown,0,0,0
d0463c1f5cbf4fa5866b0902a05810e2,ark/deepseek-v3,5675,1208,6883
d0463c1f5cbf4fa5866b0902a05810e2,unknown,0,0,0
d0472a252a584bbfb3414379887e752b,deepseek-chat,1385,360,1745
d0472a252a584bbfb3414379887e752b,unknown,0,0,0
d04b106351c046eaa93619c79a1ea62a,ark/deepseek-v3,465,118,583
d04b106351c046eaa93619c79a1ea62a,unknown,0,0,0
d04d3653273b492ea1a3d9d8fdd21386,deepseek-chat,670,304,974
d04d3653273b492ea1a3d9d8fdd21386,unknown,0,0,0
d0583bc489d34ccdb4ec4f578418e694,unknown,0,0,0
d05b0816dea94df490a4cca07a526f4b,deepseek-chat,2092,974,3066
d05b0816dea94df490a4cca07a526f4b,unknown,0,0,0
d05c81c10304463ea7edca06f354639c,ark/deepseek-v3,9471,2485,11956
d05c81c10304463ea7edca06f354639c,unknown,0,0,0
d0611d7c36db4b2a856db6792a9f8f7a,ark/deepseek-v3-1,1405,889,2294
d0611d7c36db4b2a856db6792a9f8f7a,unknown,0,0,0
d06bb1afa82b48fcab9533ab51b819d9,ark/deepseek-v3-1,5550,587,6137
d06bb1afa82b48fcab9533ab51b819d9,unknown,0,0,0
d06cf327687a4e2ba7ceafa295d12ee8,ark/deepseek-v3,1455,206,1661
d06cf327687a4e2ba7ceafa295d12ee8,unknown,0,0,0
d06f4e1d51614dd6ade4ba95969e4a5f,ark/deepseek-v3,2937,562,3499
d06f4e1d51614dd6ade4ba95969e4a5f,unknown,0,0,0
d06faf516fa4445ab83b3a5bc8d25d40,ark/deepseek-v3,0,0,0
d06faf516fa4445ab83b3a5bc8d25d40,unknown,0,0,0
d070968a9c9f4980b2594612e34f3a18,ark/deepseek-v3,758,108,866
d070968a9c9f4980b2594612e34f3a18,unknown,0,0,0
d07282d4d2f341c6aa474dcb85186cc6,ark/deepseek-v3,3491,1744,5235
d07282d4d2f341c6aa474dcb85186cc6,unknown,0,0,0
d073140b65eb431cabd0dd5ad09a4330,deepseek-chat,1509,363,1872
d073140b65eb431cabd0dd5ad09a4330,unknown,0,0,0
d07314b830f2433d9961e6813d0d2711,ark/deepseek-v3,1089,315,1404
d07314b830f2433d9961e6813d0d2711,unknown,0,0,0
d076ce275a54413d8f8be05d0aa891cf,ark/deepseek-v3,2644,1565,4209
d076ce275a54413d8f8be05d0aa891cf,unknown,0,0,0
d07711c7cd244746b96fc42092bd5dc8,ark/deepseek-v3,2869,1513,4382
d07711c7cd244746b96fc42092bd5dc8,unknown,0,0,0
d07f14f5910a43fcbbb1ef8161cfee95,ark/deepseek-v3,1455,200,1655
d07f14f5910a43fcbbb1ef8161cfee95,unknown,0,0,0
d082d7d9207343ef8a8e5a56d4be4501,deepseek-chat,1043,423,1466
d082d7d9207343ef8a8e5a56d4be4501,gpt-4.1,1494,355,1849
d082d7d9207343ef8a8e5a56d4be4501,unknown,0,0,0
d08b030dbf294a29b59424ec4c0c4aed,deepseek-chat,0,0,0
d08b030dbf294a29b59424ec4c0c4aed,unknown,0,0,0
d09d13c7a8f843d29bf24a25692b70b4,deepseek-chat,1267,354,1621
d09d13c7a8f843d29bf24a25692b70b4,unknown,0,0,0
d09d3c7e5339444ea56f9f63c35c8194,ark/deepseek-v3,467,94,561
d09d3c7e5339444ea56f9f63c35c8194,unknown,0,0,0
d0a173c5bb13483087ecd27aed726237,ark/deepseek-v3,3761,1480,5241
d0a173c5bb13483087ecd27aed726237,unknown,0,0,0
d0afd0c2fe9c48cbb85c65310839f2f9,ark/deepseek-v3,701,192,893
d0afd0c2fe9c48cbb85c65310839f2f9,unknown,0,0,0
d0b0a958f7604c7f8a110dfad61209be,ark/deepseek-v3,1280,565,1845
d0b0a958f7604c7f8a110dfad61209be,unknown,0,0,0
d0b13dcfaf2b421cacb44e99d7962eb3,ark/deepseek-v3,5497,550,6047
d0b13dcfaf2b421cacb44e99d7962eb3,unknown,0,0,0
d0b4bd0e4ad9458d94d991dd2f6803c7,deepseek-chat,1181,353,1534
d0b4bd0e4ad9458d94d991dd2f6803c7,unknown,0,0,0
d0b6bb042f654f0bbc43d1a4a855570a,ark/deepseek-v3,758,88,846
d0b6bb042f654f0bbc43d1a4a855570a,unknown,0,0,0
d0b89a3264884aa48c0886fdf659148f,ark/deepseek-v3,1529,713,2242
d0b89a3264884aa48c0886fdf659148f,unknown,0,0,0
d0ba056d8c7c47f9a59089f3792b45d4,ark/deepseek-v3,467,96,563
d0ba056d8c7c47f9a59089f3792b45d4,unknown,0,0,0
d0ba1566e2d34042a64f1a73067fa977,deepseek-chat,670,320,990
d0ba1566e2d34042a64f1a73067fa977,unknown,0,0,0
d0bef0858e22405792201f8120faa7a3,deepseek-chat,1107,386,1493
d0bef0858e22405792201f8120faa7a3,unknown,0,0,0
d0bf69067efb448cae75a385be75a99e,ark/deepseek-v3,8634,2273,10907
d0bf69067efb448cae75a385be75a99e,gpt-4.1,640,21,661
d0bf69067efb448cae75a385be75a99e,unknown,0,0,0
d0c4bc1f22954491a5378a6b74543765,unknown,0,0,0
d0cec8fe587d43c397ee7d1a14251a0c,ark/deepseek-v3,3956,1471,5427
d0cec8fe587d43c397ee7d1a14251a0c,unknown,0,0,0
d0cf1c34b3b24400af8cc692a9b05274,ark/deepseek-v3,1294,552,1846
d0cf1c34b3b24400af8cc692a9b05274,unknown,0,0,0
d0d7b32b1c02451e9f0a6e806eafc922,ark/deepseek-v3,701,176,877
d0d7b32b1c02451e9f0a6e806eafc922,unknown,0,0,0
d0d9dc61aea246fdbc917ff161aa4989,deepseek-chat,2636,1266,3902
d0d9dc61aea246fdbc917ff161aa4989,unknown,0,0,0
d0e511b52eae49b5a86b6f45a6ff82e2,ark/deepseek-v3,5650,1273,6923
d0e511b52eae49b5a86b6f45a6ff82e2,deepseek-chat,5951,212,6163
d0e511b52eae49b5a86b6f45a6ff82e2,unknown,0,0,0
d0e8bdbccb6842a1ad4d077e09cab3b1,deepseek-chat,0,0,0
d0e8bdbccb6842a1ad4d077e09cab3b1,unknown,0,0,0
d0e8f4acf5fc4f3b95c682f0e894744c,deepseek-chat,1055,425,1480
d0e8f4acf5fc4f3b95c682f0e894744c,gpt-4.1,941,28,969
d0e8f4acf5fc4f3b95c682f0e894744c,unknown,0,0,0
d0ff2923d7cc4ecb841c4ca23a947f62,deepseek-chat,3260,1013,4273
d0ff2923d7cc4ecb841c4ca23a947f62,gpt-4.1,4282,988,5270
d0ff2923d7cc4ecb841c4ca23a947f62,unknown,0,0,0
d107e28123d74f74a79a7228ef3403fe,ark/deepseek-v3,1455,179,1634
d107e28123d74f74a79a7228ef3403fe,unknown,0,0,0
d1084d93ed514872aa38a94feb7c067e,ark/deepseek-v3,6804,1868,8672
d1084d93ed514872aa38a94feb7c067e,gpt-4.1,648,29,677
d1084d93ed514872aa38a94feb7c067e,unknown,0,0,0
d11439adda754c46bc7d8c971ba072e3,deepseek-chat,670,326,996
d11439adda754c46bc7d8c971ba072e3,unknown,0,0,0
d1157467ebe64a998e08af80c6d5034a,ark/deepseek-v3-1,4685,1806,6491
d1157467ebe64a998e08af80c6d5034a,unknown,0,0,0
d11705126b004c0f938e4a1196159039,deepseek-chat,750,357,1107
d11705126b004c0f938e4a1196159039,unknown,0,0,0
d11fedb0bd8b487b898a25947d56ef00,ark/deepseek-v3-1,2178,307,2485
d11fedb0bd8b487b898a25947d56ef00,unknown,0,0,0
d1254a65c5754961b8362e16878f7165,ark/deepseek-v3,4264,2094,6358
d1254a65c5754961b8362e16878f7165,unknown,0,0,0
d125dbfeaf644ddf94a92d81147b6758,deepseek-chat,670,369,1039
d125dbfeaf644ddf94a92d81147b6758,unknown,0,0,0
d13b2bc7f72142ea826ce8e535050a51,deepseek-chat,670,325,995
d13b2bc7f72142ea826ce8e535050a51,unknown,0,0,0
d1433f8bcb4c459cbec7c5291542d6c4,deepseek-chat,3176,1480,4656
d1433f8bcb4c459cbec7c5291542d6c4,gpt-4.1,3340,867,4207
d1433f8bcb4c459cbec7c5291542d6c4,unknown,0,0,0
d14b791a51f941728a5e03a477e19ccb,ark/deepseek-v3,9040,1408,10448
d14b791a51f941728a5e03a477e19ccb,deepseek-chat,555,459,1014
d14b791a51f941728a5e03a477e19ccb,unknown,0,0,0
d14f8b33c2374df985aa983a523cfcc5,ark/deepseek-v3,0,0,0
d14f8b33c2374df985aa983a523cfcc5,unknown,0,0,0
d153208070dc40518f8bcc9a5c1554c6,ark/deepseek-v3,3144,288,3432
d153208070dc40518f8bcc9a5c1554c6,unknown,0,0,0
d156109a561f4eb4ab51c63bd6fb087d,unknown,0,0,0
d1683ca1cb25445ead65a1d6268196f4,deepseek-chat,1304,303,1607
d1683ca1cb25445ead65a1d6268196f4,gpt-4.1,1606,263,1869
d1683ca1cb25445ead65a1d6268196f4,unknown,0,0,0
d16f92244ec54efc934e978a98a63fcc,ark/deepseek-v3,1455,213,1668
d16f92244ec54efc934e978a98a63fcc,unknown,0,0,0
d170d80210f944628b7eb4c0556a339a,deepseek-chat,600,260,860
d170d80210f944628b7eb4c0556a339a,unknown,0,0,0
d174e0479d574af897ad413f407102f3,ark/deepseek-v3,5442,1469,6911
d174e0479d574af897ad413f407102f3,unknown,0,0,0
d18476de4a5845b4b6b265074142719c,deepseek-chat,947,475,1422
d18476de4a5845b4b6b265074142719c,unknown,0,0,0
d186da43d62346b5929280c0c65c6ce9,ark/deepseek-v3,465,83,548
d186da43d62346b5929280c0c65c6ce9,unknown,0,0,0
d189fa6f2abd435aa50afecf5e28bf89,ark/deepseek-v3-1,2832,1012,3844
d189fa6f2abd435aa50afecf5e28bf89,unknown,0,0,0
d18b2764b9dc41eaab52a3ea0823729d,deepseek-chat,3258,1188,4446
d18b2764b9dc41eaab52a3ea0823729d,gpt-4.1,3447,998,4445
d18b2764b9dc41eaab52a3ea0823729d,unknown,0,0,0
d190636c8f394edd87d50fe0bc3aa93c,ark/deepseek-v3,3380,1265,4645
d190636c8f394edd87d50fe0bc3aa93c,unknown,0,0,0
d191093e3ccc4ecc92bc6a1c3b6fc0f8,ark/deepseek-v3,1455,175,1630
d191093e3ccc4ecc92bc6a1c3b6fc0f8,unknown,0,0,0
d19555299f3b430ab419895115163b7a,ark/deepseek-v3-1,0,0,0
d19555299f3b430ab419895115163b7a,unknown,0,0,0
d1964bae997f46ff863d85e2fcca614c,ark/deepseek-v3,4400,1929,6329
d1964bae997f46ff863d85e2fcca614c,unknown,0,0,0
d19751a8cea84c5484180a2f5edd31be,ark/deepseek-v3,467,122,589
d19751a8cea84c5484180a2f5edd31be,unknown,0,0,0
d1a86b9389ef4a9a874bad1bef4851cd,ark/deepseek-v3,2213,1032,3245
d1a86b9389ef4a9a874bad1bef4851cd,unknown,0,0,0
d1ab1e9b19ca43cf8be4e5900108befc,ark/deepseek-v3,467,95,562
d1ab1e9b19ca43cf8be4e5900108befc,unknown,0,0,0
d1ac1b86ead245c4af78f347dc7313c5,ark/deepseek-v3,4508,669,5177
d1ac1b86ead245c4af78f347dc7313c5,unknown,0,0,0
d1ae95ff5e4b40c2a80c9200633c3318,deepseek-chat,699,283,982
d1ae95ff5e4b40c2a80c9200633c3318,unknown,0,0,0
d1b35e384b704e27ad9573f00ea1d2ce,deepseek-chat,0,0,0
d1b35e384b704e27ad9573f00ea1d2ce,unknown,0,0,0
d1b36d0082674d019232cc21f4b1fec0,ark/deepseek-v3,1089,304,1393
d1b36d0082674d019232cc21f4b1fec0,unknown,0,0,0
d1b513038329421ba072fbb765e26ab1,deepseek-chat,671,377,1048
d1b513038329421ba072fbb765e26ab1,gpt-4.1,1880,171,2051
d1b513038329421ba072fbb765e26ab1,unknown,0,0,0
d1d0722caff347bbbf10914a0514c5fd,ark/deepseek-v3,467,90,557
d1d0722caff347bbbf10914a0514c5fd,unknown,0,0,0
d1d09b171f154130a99b3982cd5e3ff1,ark/deepseek-v3,467,94,561
d1d09b171f154130a99b3982cd5e3ff1,unknown,0,0,0
d1ddc0b3ab3e4ceaa3ffa233121a915b,ark/deepseek-v3,467,102,569
d1ddc0b3ab3e4ceaa3ffa233121a915b,unknown,0,0,0
d1dde73d8d0f42d9ba1c5907b6cb40f7,unknown,0,0,0
d1e0a1d79a76488aaa1b519c5e6175ee,deepseek-chat,561,207,768
d1e0a1d79a76488aaa1b519c5e6175ee,unknown,0,0,0
d1e2dad247614e2f81294c019488aa04,deepseek-chat,1459,1186,2645
d1e2dad247614e2f81294c019488aa04,unknown,0,0,0
d1ea04128c88436289c32121815614d0,deepseek-chat,1309,36,1345
d1ea04128c88436289c32121815614d0,unknown,0,0,0
d1eb2e6dc8e643faa8cb3a3c5e64f37e,ark/deepseek-v3,465,97,562
d1eb2e6dc8e643faa8cb3a3c5e64f37e,unknown,0,0,0
d1ef1c6d72624b6b8a25b3a18c482075,ark/deepseek-v3,6021,1690,7711
d1ef1c6d72624b6b8a25b3a18c482075,gpt-4.1,641,21,662
d1ef1c6d72624b6b8a25b3a18c482075,unknown,0,0,0
d1f217a4b8a04764a409cd96370fec35,ark/deepseek-v3,1050,249,1299
d1f217a4b8a04764a409cd96370fec35,deepseek-chat,6135,72,6207
d1f217a4b8a04764a409cd96370fec35,unknown,0,0,0
d1f48535243a43b2b5642e2662a17330,deepseek-chat,769,226,995
d1f48535243a43b2b5642e2662a17330,unknown,0,0,0
d1f7ae4810b64274ab6962a7774e0cae,deepseek-chat,2530,408,2938
d1f7ae4810b64274ab6962a7774e0cae,unknown,0,0,0
d1fa1af2878e43a1a03f2c5b9c91ba1b,deepseek-chat,561,207,768
d1fa1af2878e43a1a03f2c5b9c91ba1b,unknown,0,0,0
d201adca1e6d4e38adc8bc094a6e5fbf,deepseek-chat,0,0,0
d201adca1e6d4e38adc8bc094a6e5fbf,unknown,0,0,0
d20238ea73514769ba8486e67af262e4,deepseek-chat,2118,837,2955
d20238ea73514769ba8486e67af262e4,unknown,0,0,0
d209dbe51e5042cf90cb01c2075a3356,deepseek-chat,670,364,1034
d209dbe51e5042cf90cb01c2075a3356,unknown,0,0,0
d21baada230940ceaa0853701fda57de,deepseek-chat,893,377,1270
d21baada230940ceaa0853701fda57de,unknown,0,0,0
d21e02f1adf94abc9087a9be9eb5ec03,deepseek-chat,3245,1404,4649
d21e02f1adf94abc9087a9be9eb5ec03,gpt-4.1,3362,970,4332
d21e02f1adf94abc9087a9be9eb5ec03,unknown,0,0,0
d21e1cda53c34053910f83661dcd3d7b,deepseek-chat,671,350,1021
d21e1cda53c34053910f83661dcd3d7b,unknown,0,0,0
d21f9da68138443f9fdcc82b3a8a001e,deepseek-chat,658,367,1025
d21f9da68138443f9fdcc82b3a8a001e,unknown,0,0,0
d2303b30bca7411984e5a7917daef3f6,deepseek-chat,1055,430,1485
d2303b30bca7411984e5a7917daef3f6,gpt-4.1,942,29,971
d2303b30bca7411984e5a7917daef3f6,unknown,0,0,0
d23673503e214d0e90833023bd467bde,ark/deepseek-v3,1455,202,1657
d23673503e214d0e90833023bd467bde,unknown,0,0,0
d23ba470cf544c2a82d3abcfb9412e63,deepseek-chat,878,467,1345
d23ba470cf544c2a82d3abcfb9412e63,unknown,0,0,0
d23e3229d1df4b71a256c8327ba96c13,ark/deepseek-v3,6058,1936,7994
d23e3229d1df4b71a256c8327ba96c13,gpt-4.1,640,19,659
d23e3229d1df4b71a256c8327ba96c13,unknown,0,0,0
d23e70a8f7244e1cb740737e4e4e741a,ark/deepseek-v3,0,0,0
d23e70a8f7244e1cb740737e4e4e741a,unknown,0,0,0
d24a2afbba864b5986bd83452886a425,ark/deepseek-v3,695,73,768
d24a2afbba864b5986bd83452886a425,unknown,0,0,0
d24fa10106ba4a0ebdf431833e995352,deepseek-chat,2724,1639,4363
d24fa10106ba4a0ebdf431833e995352,unknown,0,0,0
d252e887d1ba4bdbbdf47607b868fb30,deepseek-chat,561,207,768
d252e887d1ba4bdbbdf47607b868fb30,unknown,0,0,0
d2532de2233f4216bcf415e6292016dc,deepseek-chat,2658,1313,3971
d2532de2233f4216bcf415e6292016dc,unknown,0,0,0
d256a83f33704b16bb5ab2964672d8c0,ark/deepseek-v3,1091,292,1383
d256a83f33704b16bb5ab2964672d8c0,unknown,0,0,0
d257fafce7d74e9b9d3320b754ae7e28,ark/deepseek-v3,1455,218,1673
d257fafce7d74e9b9d3320b754ae7e28,unknown,0,0,0
d25ce69173f544b996667d88e01b2a0a,ark/deepseek-v3,2399,425,2824
d25ce69173f544b996667d88e01b2a0a,unknown,0,0,0
d2628d82ddcf4520b98c5fe57e42d86d,deepseek-chat,3499,1323,4822
d2628d82ddcf4520b98c5fe57e42d86d,gpt-4.1,4112,775,4887
d2628d82ddcf4520b98c5fe57e42d86d,unknown,0,0,0
d263e944c78744039f306207bb53be44,ark/deepseek-v3,2397,567,2964
d263e944c78744039f306207bb53be44,unknown,0,0,0
d265551257c840a0a5a1a02e22963416,ark/deepseek-v3,1085,301,1386
d265551257c840a0a5a1a02e22963416,unknown,0,0,0
d26888432d3e45bdae68c73e0e81d5e8,ark/deepseek-v3,1251,231,1482
d26888432d3e45bdae68c73e0e81d5e8,unknown,0,0,0
d26f25d796364138a924bbb6b778164a,ark/deepseek-v3-1,144,233,377
d26f25d796364138a924bbb6b778164a,unknown,0,0,0
d272625b55234a638c65049ed1c7cb4c,ark/deepseek-v3-1,1813,903,2716
d272625b55234a638c65049ed1c7cb4c,unknown,0,0,0
d2826f5d498548ce8d1df83611186a60,ark/deepseek-v3,2318,1362,3680
d2826f5d498548ce8d1df83611186a60,unknown,0,0,0
d28590fe1d1340d685d5d54c40474cc7,ark/deepseek-v3,1870,968,2838
d28590fe1d1340d685d5d54c40474cc7,unknown,0,0,0
d28bcbc5d4324144bc287b8873fbc60b,deepseek-chat,671,496,1167
d28bcbc5d4324144bc287b8873fbc60b,unknown,0,0,0
d28ccd2ae7924693a8457f5e966a683f,deepseek-chat,919,426,1345
d28ccd2ae7924693a8457f5e966a683f,unknown,0,0,0
d2904cbe3d0a4751aa9e3d86b76e5e9c,ark/deepseek-v3,8316,1291,9607
d2904cbe3d0a4751aa9e3d86b76e5e9c,unknown,0,0,0
d2933b8978c245cfb4238b868216b630,ark/deepseek-v3,6348,981,7329
d2933b8978c245cfb4238b868216b630,unknown,0,0,0
d29f40f6468d430ea00710232a752aec,deepseek-chat,670,352,1022
d29f40f6468d430ea00710232a752aec,unknown,0,0,0
d2a38b61936942eabc4c7b6e91d5a1ed,ark/deepseek-v3-1,1405,572,1977
d2a38b61936942eabc4c7b6e91d5a1ed,unknown,0,0,0
d2a4b2b672c040b683a97e7a75188482,ark/deepseek-v3,6086,841,6927
d2a4b2b672c040b683a97e7a75188482,unknown,0,0,0
d2a615bcf6fd47c89929de590d1417d2,ark/deepseek-v3,1089,264,1353
d2a615bcf6fd47c89929de590d1417d2,unknown,0,0,0
d2ad490a58ee4c559f250be618f41a04,ark/deepseek-v3,467,101,568
d2ad490a58ee4c559f250be618f41a04,unknown,0,0,0
d2b49f26d7524dd98fc1b7de2440ddb0,deepseek-chat,2127,841,2968
d2b49f26d7524dd98fc1b7de2440ddb0,gpt-4.1,3387,973,4360
d2b49f26d7524dd98fc1b7de2440ddb0,unknown,0,0,0
d2b64fe389c5465c82d4ddf95e202e0e,deepseek-chat,3426,238,3664
d2b64fe389c5465c82d4ddf95e202e0e,unknown,0,0,0
d2be9785e8cd406a9de6406803b9e655,ark/deepseek-v3,1870,1057,2927
d2be9785e8cd406a9de6406803b9e655,unknown,0,0,0
d2c1d34ddc124ab8a11bb981760838d9,ark/deepseek-v3,467,99,566
d2c1d34ddc124ab8a11bb981760838d9,unknown,0,0,0
d2ce116a5b1445859eb95f05495dbdde,deepseek-chat,717,389,1106
d2ce116a5b1445859eb95f05495dbdde,unknown,0,0,0
d2db3a083bf64a49a72f5a257616e9ca,deepseek-chat,561,207,768
d2db3a083bf64a49a72f5a257616e9ca,unknown,0,0,0
d2e201501e9d4287b565f5b58d8d95c5,ark/deepseek-v3,7710,1439,9149
d2e201501e9d4287b565f5b58d8d95c5,deepseek-chat,5260,266,5526
d2e201501e9d4287b565f5b58d8d95c5,unknown,0,0,0
d2e6d4cf918641438628564b5cc0ee0f,deepseek-chat,671,385,1056
d2e6d4cf918641438628564b5cc0ee0f,unknown,0,0,0
d2ee3ab4cf5c46d48a630d2fc436472f,deepseek-chat,1348,555,1903
d2ee3ab4cf5c46d48a630d2fc436472f,unknown,0,0,0
d2ef9f42bb704cd987f616728939c8cb,deepseek-chat,670,336,1006
d2ef9f42bb704cd987f616728939c8cb,unknown,0,0,0
d2f4f95d33cb497e94e102171bc7d6e4,ark/deepseek-v3,4053,1616,5669
d2f4f95d33cb497e94e102171bc7d6e4,unknown,0,0,0
d2f5024f0a784a5f9e2242ba6e92172f,deepseek-chat,2118,734,2852
d2f5024f0a784a5f9e2242ba6e92172f,unknown,0,0,0
d2fcaadd83704fdf8da58a41bdd40e81,deepseek-chat,600,260,860
d2fcaadd83704fdf8da58a41bdd40e81,unknown,0,0,0
d2fd34a9df034e3db8ef17d9bfea3e57,ark/deepseek-v3-1,1405,561,1966
d2fd34a9df034e3db8ef17d9bfea3e57,unknown,0,0,0
d3021100a9334b65a22f8109b4a44648,ark/deepseek-v3,30114,6324,36438
d3021100a9334b65a22f8109b4a44648,unknown,0,0,0
d3097591f381457d8c3ac6ba9603cee6,ark/deepseek-v3,701,183,884
d3097591f381457d8c3ac6ba9603cee6,unknown,0,0,0
d30bcb7b33e9435c86d6dd5c7eb78a3d,deepseek-chat,4675,1566,6241
d30bcb7b33e9435c86d6dd5c7eb78a3d,gpt-4.1,4095,793,4888
d30bcb7b33e9435c86d6dd5c7eb78a3d,unknown,0,0,0
d30ef38fa86347399492176db43485cc,deepseek-chat,0,0,0
d30ef38fa86347399492176db43485cc,unknown,0,0,0
d30fc6a33ecf440b8b61184a423ed068,ark/deepseek-v3-1,1405,903,2308
d30fc6a33ecf440b8b61184a423ed068,unknown,0,0,0
d3143ef4c13a45a1ba8e457c72b72c34,deepseek-chat,670,357,1027
d3143ef4c13a45a1ba8e457c72b72c34,unknown,0,0,0
d314af4e1185476eb69cd79c9e3194e8,ark/deepseek-v3-1,1405,787,2192
d314af4e1185476eb69cd79c9e3194e8,unknown,0,0,0
d3198dc261b649e8b1ecca0e7bdc8b65,unknown,0,0,0
d31b754da02449ba867a2613ceb04471,ark/kimi-k2,13399,1344,14743
d31b754da02449ba867a2613ceb04471,unknown,0,0,0
d31f59d69fd64ae482256bd90c5f2fa9,deepseek-chat,561,207,768
d31f59d69fd64ae482256bd90c5f2fa9,unknown,0,0,0
d31f9b3c659e4ccf94ede2e5a20cb4d4,ark/deepseek-v3,2613,262,2875
d31f9b3c659e4ccf94ede2e5a20cb4d4,deepseek-chat,5109,36,5145
d31f9b3c659e4ccf94ede2e5a20cb4d4,unknown,0,0,0
d3249f9e262b4423b6c455a05a491543,deepseek-chat,2276,1145,3421
d3249f9e262b4423b6c455a05a491543,unknown,0,0,0
d324e333cd98481e94891e87ecb5581b,ark/deepseek-v3,13444,2527,15971
d324e333cd98481e94891e87ecb5581b,deepseek-chat,9733,111,9844
d324e333cd98481e94891e87ecb5581b,unknown,0,0,0
d326011db8124c9da56e89a8bdbb1fc7,deepseek-chat,2256,1013,3269
d326011db8124c9da56e89a8bdbb1fc7,unknown,0,0,0
d326090aef4042fab79ecb37b775918a,deepseek-chat,3774,1403,5177
d326090aef4042fab79ecb37b775918a,gpt-4.1,3304,926,4230
d326090aef4042fab79ecb37b775918a,unknown,0,0,0
d3282bbc90d346e8b72253f0cfbad639,ark/deepseek-v3,3475,3601,7076
d3282bbc90d346e8b72253f0cfbad639,unknown,0,0,0
d32e45e4fed745dea4a9f309673643b8,unknown,0,0,0
d332b9d7d5014c3db3eb03ab8f9a2082,deepseek-chat,1043,376,1419
d332b9d7d5014c3db3eb03ab8f9a2082,gpt-4.1,941,28,969
d332b9d7d5014c3db3eb03ab8f9a2082,unknown,0,0,0
d3359e89b7cc4f07b16328d5bcf95808,deepseek-chat,1493,572,2065
d3359e89b7cc4f07b16328d5bcf95808,unknown,0,0,0
d3361389ebf3443a813cd31ca9d000f2,deepseek-chat,671,346,1017
d3361389ebf3443a813cd31ca9d000f2,unknown,0,0,0
d33a34a64e044224b976387eee32dedc,deepseek-chat,671,365,1036
d33a34a64e044224b976387eee32dedc,unknown,0,0,0
d33ae8933a3c4507a49a6e5d8984bf45,ark/deepseek-v3,0,0,0
d33ae8933a3c4507a49a6e5d8984bf45,unknown,0,0,0
d33d7661ef5543a28e1c7cea8e0734e5,ark/deepseek-v3,113,935,1048
d33d7661ef5543a28e1c7cea8e0734e5,unknown,0,0,0
d33e84e42f30450d930bdad11e2d3be8,ark/deepseek-v3,1089,349,1438
d33e84e42f30450d930bdad11e2d3be8,unknown,0,0,0
d33fc69c82c54f82b7c651adeaaeb962,deepseek-chat,3324,1280,4604
d33fc69c82c54f82b7c651adeaaeb962,gpt-4.1,3368,926,4294
d33fc69c82c54f82b7c651adeaaeb962,unknown,0,0,0
d3484193e7884f9180960fb4843d321d,ark/deepseek-v3,667,139,806
d3484193e7884f9180960fb4843d321d,unknown,0,0,0
d3546cc5a7d04a808215744068090ef9,ark/deepseek-v3,1455,220,1675
d3546cc5a7d04a808215744068090ef9,unknown,0,0,0
d36736634dc24e4aac7aea9a58954cb5,deepseek-chat,670,340,1010
d36736634dc24e4aac7aea9a58954cb5,unknown,0,0,0
d36f0385c1d44fbcaad377ae2a0c0690,ark/deepseek-v3,467,91,558
d36f0385c1d44fbcaad377ae2a0c0690,unknown,0,0,0
d374c1487ecd4cb3b6f72f28ab968ef3,ark/deepseek-v3,0,0,0
d374c1487ecd4cb3b6f72f28ab968ef3,unknown,0,0,0
d376e4480d3b41f19366a3d06579e94b,ark/deepseek-v3,467,101,568
d376e4480d3b41f19366a3d06579e94b,unknown,0,0,0
d37c705e7a5f4e00a1d4d41687d5bc2c,ark/deepseek-v3-1,3904,1298,5202
d37c705e7a5f4e00a1d4d41687d5bc2c,unknown,0,0,0
d3982bdff7504c5ca59d5145a16b41ca,deepseek-chat,561,206,767
d3982bdff7504c5ca59d5145a16b41ca,unknown,0,0,0
d399b67aa8b044e48d75b80a92bef963,ark/deepseek-v3-1,1405,988,2393
d399b67aa8b044e48d75b80a92bef963,unknown,0,0,0
d3a1da447e7842b197b7e22a8d3bc317,deepseek-chat,935,238,1173
d3a1da447e7842b197b7e22a8d3bc317,gpt-4.1,674,192,866
d3a1da447e7842b197b7e22a8d3bc317,unknown,0,0,0
d3acb58a5d15478ab22a620edfc5c416,unknown,0,0,0
d3ae2d2c52524d4ab7151066643dcd09,deepseek-chat,671,360,1031
d3ae2d2c52524d4ab7151066643dcd09,unknown,0,0,0
d3af72dcd2144c0d8d5a8a1086faffd5,ark/deepseek-v3,6640,722,7362
d3af72dcd2144c0d8d5a8a1086faffd5,unknown,0,0,0
d3b4818685864cd09e7514f0990f5238,ark/deepseek-v3,4810,852,5662
d3b4818685864cd09e7514f0990f5238,unknown,0,0,0
d3c4e6c022754aa4befe19cde1dd8d40,ark/deepseek-v3,3144,278,3422
d3c4e6c022754aa4befe19cde1dd8d40,unknown,0,0,0
d3c6df6bd1c04a08aa18373604bbd7af,ark/deepseek-v3,701,181,882
d3c6df6bd1c04a08aa18373604bbd7af,unknown,0,0,0
d3c86487f7f34cf1ac1a993906c50c3d,deepseek-chat,1196,419,1615
d3c86487f7f34cf1ac1a993906c50c3d,unknown,0,0,0
d3caaf909d424955ab8ba61e107e19d2,ark/deepseek-v3-1,2775,1097,3872
d3caaf909d424955ab8ba61e107e19d2,unknown,0,0,0
d3d34bded505450a9e7b75d6ea4df74e,ark/deepseek-v3,1455,171,1626
d3d34bded505450a9e7b75d6ea4df74e,unknown,0,0,0
d3d88224d42c4ad7a99ad9945361b831,ark/deepseek-v3,3131,576,3707
d3d88224d42c4ad7a99ad9945361b831,unknown,0,0,0
d3d9b1f994724c0d85021cb01521aced,ark/deepseek-v3,467,97,564
d3d9b1f994724c0d85021cb01521aced,unknown,0,0,0
d3db4e52b35a456d88a7314625c247fb,ark/deepseek-v3,1707,279,1986
d3db4e52b35a456d88a7314625c247fb,unknown,0,0,0
d3dbb9ef2120422d945afe4b01a61da3,ark/deepseek-v3,1509,641,2150
d3dbb9ef2120422d945afe4b01a61da3,unknown,0,0,0
d3e2326941524bfca4d6ded1a92379d3,deepseek-chat,1055,449,1504
d3e2326941524bfca4d6ded1a92379d3,gpt-4.1,941,28,969
d3e2326941524bfca4d6ded1a92379d3,unknown,0,0,0
d3e36cff4e02444d936947cea05ee4cc,ark/deepseek-v3,3808,661,4469
d3e36cff4e02444d936947cea05ee4cc,unknown,0,0,0
d3e85c46b48a4084b56c58213ef4950e,deepseek-chat,804,473,1277
d3e85c46b48a4084b56c58213ef4950e,unknown,0,0,0
d3eb4fa61a76467a902973bd51159e94,ark/deepseek-v3,1481,734,2215
d3eb4fa61a76467a902973bd51159e94,unknown,0,0,0
d3f00faa28864cf581cf1a146826bf3f,ark/deepseek-v3,467,106,573
d3f00faa28864cf581cf1a146826bf3f,unknown,0,0,0
d3fcf79059104f7da67702d371a23e03,deepseek-chat,0,0,0
d3fcf79059104f7da67702d371a23e03,unknown,0,0,0
d4081f4d01c64c3aa3c2de7435b2eda1,ark/deepseek-v3,465,90,555
d4081f4d01c64c3aa3c2de7435b2eda1,unknown,0,0,0
d40b86f6a6c74a77b1c278971c33ab27,ark/deepseek-v3,0,0,0
d40b86f6a6c74a77b1c278971c33ab27,unknown,0,0,0
d410b369e8bc4660af9fc21db5f0792a,ark/deepseek-v3,5506,1330,6836
d410b369e8bc4660af9fc21db5f0792a,unknown,0,0,0
d4111c4803dd4285874b9953f37e22ba,ark/deepseek-v3,1455,193,1648
d4111c4803dd4285874b9953f37e22ba,unknown,0,0,0
d4168d78a6ff40a7b23f4f24399dae25,deepseek-chat,785,377,1162
d4168d78a6ff40a7b23f4f24399dae25,unknown,0,0,0
d4183775459f42ce867a36493d62323b,ark/deepseek-v3,701,176,877
d4183775459f42ce867a36493d62323b,unknown,0,0,0
d4188e65261740e394423fecbcc07ffa,ark/deepseek-v3,2018,1165,3183
d4188e65261740e394423fecbcc07ffa,unknown,0,0,0
d41a1abb28af458b9e17c29942dd1091,ark/deepseek-v3,0,0,0
d41a1abb28af458b9e17c29942dd1091,unknown,0,0,0
d421e65c9e3e46689a62e80f4d4557ca,deepseek-chat,671,383,1054
d421e65c9e3e46689a62e80f4d4557ca,unknown,0,0,0
d426355100ec4234b07abf7af75b748b,deepseek-chat,917,384,1301
d426355100ec4234b07abf7af75b748b,unknown,0,0,0
d4276b18fd8640b0b25f08faace56fac,ark/deepseek-v3,0,0,0
d4276b18fd8640b0b25f08faace56fac,unknown,0,0,0
d42a259c909b4b9193b334967f6f626f,ark/deepseek-v3,1455,203,1658
d42a259c909b4b9193b334967f6f626f,deepseek-chat,0,0,0
d42a259c909b4b9193b334967f6f626f,unknown,0,0,0
d42a8af11f4e47f1b0838345630780a5,ark/deepseek-v3,2304,290,2594
d42a8af11f4e47f1b0838345630780a5,unknown,0,0,0
d42b8cf375484fe491a1c852dae56c3d,ark/deepseek-v3,701,175,876
d42b8cf375484fe491a1c852dae56c3d,unknown,0,0,0
d42c411a0af24fa1aabc48f13ada63ef,deepseek-chat,670,360,1030
d42c411a0af24fa1aabc48f13ada63ef,unknown,0,0,0
d42cb47231304cedb696f14c8a0d4d7e,deepseek-chat,31,745,776
d42cb47231304cedb696f14c8a0d4d7e,unknown,0,0,0
d42df82f6cc843979a5f0889d09f0e24,unknown,0,0,0
d43bbaeb0c304a99822b65edbddcd2b3,ark/deepseek-v3,1926,940,2866
d43bbaeb0c304a99822b65edbddcd2b3,unknown,0,0,0
d443a6137aa34e5abc562c8fa539374b,ark/deepseek-v3,467,98,565
d443a6137aa34e5abc562c8fa539374b,unknown,0,0,0
d44f1f98bbd140dd9d7a113a1ecba3e0,deepseek-chat,670,334,1004
d44f1f98bbd140dd9d7a113a1ecba3e0,unknown,0,0,0
d4505929f7494febb4e27cefdb092a14,deepseek-chat,670,347,1017
d4505929f7494febb4e27cefdb092a14,unknown,0,0,0
d4561d14ed0e466a8bd5ad239291e2f6,deepseek-chat,3297,1287,4584
d4561d14ed0e466a8bd5ad239291e2f6,unknown,0,0,0
d456d6b77fe947449cc4b453080c3df5,ark/kimi-k2,1069,31,1100
d456d6b77fe947449cc4b453080c3df5,unknown,0,0,0
d45b383ad1284304b3c05a18509f258d,ark/deepseek-v3,1089,315,1404
d45b383ad1284304b3c05a18509f258d,unknown,0,0,0
d461932e9b8c497792f0b91ce5b604f0,deepseek-chat,671,410,1081
d461932e9b8c497792f0b91ce5b604f0,unknown,0,0,0
d463579023b242e6a4ce684262f3d92c,deepseek-chat,2193,1002,3195
d463579023b242e6a4ce684262f3d92c,unknown,0,0,0
d470803e756b44b29218668256b7f9fb,deepseek-chat,753,310,1063
d470803e756b44b29218668256b7f9fb,unknown,0,0,0
d473c16ca30c4f108c82701ecf9ff91a,ark/deepseek-v3-1,1933,948,2881
d473c16ca30c4f108c82701ecf9ff91a,unknown,0,0,0
d476a18f6d4b4bb3ba6a110c686731ca,deepseek-chat,561,207,768
d476a18f6d4b4bb3ba6a110c686731ca,unknown,0,0,0
d4799e6dde8245179f115be7cd573164,deepseek-chat,1031,435,1466
d4799e6dde8245179f115be7cd573164,gpt-4.1,941,28,969
d4799e6dde8245179f115be7cd573164,unknown,0,0,0
d479e33b13c2415a94ebec064a72561c,deepseek-chat,561,206,767
d479e33b13c2415a94ebec064a72561c,unknown,0,0,0
d47dea76553c40788cb663143eb674f0,ark/deepseek-v3,6919,1493,8412
d47dea76553c40788cb663143eb674f0,unknown,0,0,0
d47eef63938b480cac4a71e3e2a2f7c8,deepseek-chat,671,379,1050
d47eef63938b480cac4a71e3e2a2f7c8,unknown,0,0,0
d482bfb7987943ba83b1f31f19893fa4,ark/deepseek-v3,1182,696,1878
d482bfb7987943ba83b1f31f19893fa4,unknown,0,0,0
d482cba9ad884ecb8ee10fe9950a5338,ark/deepseek-v3,467,107,574
d482cba9ad884ecb8ee10fe9950a5338,unknown,0,0,0
d48410910f714f7f8fa2fba5898c755a,ark/deepseek-v3,0,0,0
d48410910f714f7f8fa2fba5898c755a,unknown,0,0,0
d48458d24d3a45d499bd79189b459dd7,ark/deepseek-v3,8203,999,9202
d48458d24d3a45d499bd79189b459dd7,unknown,0,0,0
d48a749e982446bf850b6bacc0382ddf,ark/deepseek-v3,0,0,0
d48a749e982446bf850b6bacc0382ddf,unknown,0,0,0
d48fceccffc6457093e560dd9ab9873d,ark/kimi-k2,0,0,0
d48fceccffc6457093e560dd9ab9873d,deepseek-chat,1746,966,2712
d48fceccffc6457093e560dd9ab9873d,unknown,0,0,0
d492a0e4bf944ce8a6d7743bc73099d9,deepseek-chat,496,228,724
d492a0e4bf944ce8a6d7743bc73099d9,unknown,0,0,0
d492c48387b74b2d8bc806458edd857b,ark/deepseek-v3-1,1405,947,2352
d492c48387b74b2d8bc806458edd857b,unknown,0,0,0
d49d7448bc65439cb11348b0fa280ec7,deepseek-chat,1053,429,1482
d49d7448bc65439cb11348b0fa280ec7,gpt-4.1,941,28,969
d49d7448bc65439cb11348b0fa280ec7,unknown,0,0,0
d4ab0120fca04d9bb8d9089fe2567d02,ark/deepseek-v3,467,93,560
d4ab0120fca04d9bb8d9089fe2567d02,unknown,0,0,0
d4ac7687aa484ee5992cd65b715316da,deepseek-chat,3476,1159,4635
d4ac7687aa484ee5992cd65b715316da,gpt-4.1,4101,790,4891
d4ac7687aa484ee5992cd65b715316da,unknown,0,0,0
d4b419bc8fec4ebba1836f15a75f1444,ark/deepseek-v3,1251,216,1467
d4b419bc8fec4ebba1836f15a75f1444,unknown,0,0,0
d4b82ff43ee849d6b566a24190b3e620,deepseek-chat,671,384,1055
d4b82ff43ee849d6b566a24190b3e620,unknown,0,0,0
d4c7313615fe43febe9e870c97ec9ad9,deepseek-chat,671,396,1067
d4c7313615fe43febe9e870c97ec9ad9,unknown,0,0,0
d4ca72abd6624635a2f62e3b64c59305,deepseek-chat,999,451,1450
d4ca72abd6624635a2f62e3b64c59305,unknown,0,0,0
d4cc1b715b5b4a83a44d6e58051923ce,deepseek-chat,671,367,1038
d4cc1b715b5b4a83a44d6e58051923ce,unknown,0,0,0
d4cdcf32f6c74c9c9087f2e09fbdf850,ark/deepseek-v3,701,190,891
d4cdcf32f6c74c9c9087f2e09fbdf850,unknown,0,0,0
d4d2eca2adaf4cb0904e8109967e8d8d,deepseek-chat,936,490,1426
d4d2eca2adaf4cb0904e8109967e8d8d,unknown,0,0,0
d4d52b52d2bd42aba9cf3e475862782c,ark/deepseek-v3,6295,1828,8123
d4d52b52d2bd42aba9cf3e475862782c,gpt-4.1,662,28,690
d4d52b52d2bd42aba9cf3e475862782c,unknown,0,0,0
d4d8ed1d3db842c8b8a78cd728eee762,ark/deepseek-v3,4062,731,4793
d4d8ed1d3db842c8b8a78cd728eee762,unknown,0,0,0
d4de2a157204424a9effd9c3f462633d,deepseek-chat,0,0,0
d4de2a157204424a9effd9c3f462633d,unknown,0,0,0
d4e47aaaef064dc3b32ed8e5756ad894,deepseek-chat,5730,1385,7115
d4e47aaaef064dc3b32ed8e5756ad894,unknown,0,0,0
d4e719cd9e82455599023e4a448e42fd,ark/deepseek-v3,0,0,0
d4e719cd9e82455599023e4a448e42fd,unknown,0,0,0
d4e78865866940ff9bb966c86f19b6fa,ark/deepseek-v3,2400,543,2943
d4e78865866940ff9bb966c86f19b6fa,unknown,0,0,0
d4e7a342b6924347a79f6badcddf0c52,deepseek-chat,94,399,493
d4e7a342b6924347a79f6badcddf0c52,unknown,0,0,0
d4e8ac4f41434616b7d82ed1c8b93f45,ark/deepseek-v3,5975,704,6679
d4e8ac4f41434616b7d82ed1c8b93f45,unknown,0,0,0
d4e9e6d8ae9d4efcb06feafa0c71a600,ark/deepseek-v3,1455,184,1639
d4e9e6d8ae9d4efcb06feafa0c71a600,unknown,0,0,0
d4f42c4e9e754273a0572355b245302b,deepseek-chat,670,320,990
d4f42c4e9e754273a0572355b245302b,unknown,0,0,0
d4fb055d607d4d0f9805d4952aec8ee2,deepseek-chat,2636,843,3479
d4fb055d607d4d0f9805d4952aec8ee2,unknown,0,0,0
d50202556ae047029034f7e9a8ff9a39,ark/deepseek-v3,467,97,564
d50202556ae047029034f7e9a8ff9a39,unknown,0,0,0
d504a32004d4429ea834728ed1cf521a,ark/deepseek-v3,6429,1016,7445
d504a32004d4429ea834728ed1cf521a,unknown,0,0,0
d50624a742e74042b7770ace3451afa3,ark/deepseek-v3,0,0,0
d50624a742e74042b7770ace3451afa3,unknown,0,0,0
d507719b46364b589737ec62f3746260,deepseek-chat,1378,297,1675
d507719b46364b589737ec62f3746260,unknown,0,0,0
d5078f4be1f941d2a89bcce9f98d253d,deepseek-chat,670,348,1018
d5078f4be1f941d2a89bcce9f98d253d,gpt-4.1,1882,185,2067
d5078f4be1f941d2a89bcce9f98d253d,unknown,0,0,0
d50f0b09c316458083a073dad8229d81,deepseek-chat,746,514,1260
d50f0b09c316458083a073dad8229d81,unknown,0,0,0
d5131da678c5405bbe3746e938445fe3,deepseek-chat,1055,430,1485
d5131da678c5405bbe3746e938445fe3,gpt-4.1,941,28,969
d5131da678c5405bbe3746e938445fe3,unknown,0,0,0
d5184022613f4076b4ebd6ae251fdb58,ark/deepseek-v3-1,0,0,0
d5184022613f4076b4ebd6ae251fdb58,unknown,0,0,0
d5194177970e4aaa9f8500fc953f1898,deepseek-chat,2351,673,3024
d5194177970e4aaa9f8500fc953f1898,gpt-4.1,3545,819,4364
d5194177970e4aaa9f8500fc953f1898,unknown,0,0,0
d526710f6de14b0b8021d0533ee76fac,ark/deepseek-v3,467,97,564
d526710f6de14b0b8021d0533ee76fac,unknown,0,0,0
d52aa165dad64322bf65012dfdd6743e,ark/deepseek-v3,1089,283,1372
d52aa165dad64322bf65012dfdd6743e,unknown,0,0,0
d5312a6863894b2fbd3f600fb12f9d04,ark/deepseek-v3,2274,1287,3561
d5312a6863894b2fbd3f600fb12f9d04,unknown,0,0,0
d5382fc59b6247c2800d2a36d01043cd,ark/deepseek-v3,1448,762,2210
d5382fc59b6247c2800d2a36d01043cd,ark/deepseek-v3-1,0,0,0
d5382fc59b6247c2800d2a36d01043cd,unknown,0,0,0
d53bf995f7e94e63a1a4eb0bef018506,ark/deepseek-v3,5807,691,6498
d53bf995f7e94e63a1a4eb0bef018506,unknown,0,0,0
d5451c34b84e4b73b31975b8f91b38f0,ark/deepseek-v3,467,94,561
d5451c34b84e4b73b31975b8f91b38f0,unknown,0,0,0
d54cf58f7f03448389654283d9382010,ark/deepseek-v3,29979,5790,35769
d54cf58f7f03448389654283d9382010,unknown,0,0,0
d54d1baedda8406e923e0eb82b1061ad,deepseek-chat,670,342,1012
d54d1baedda8406e923e0eb82b1061ad,unknown,0,0,0
d54e1634d4094f9893ea98d3b024b6d4,ark/kimi-k2,1684,1020,2704
d54e1634d4094f9893ea98d3b024b6d4,unknown,0,0,0
d54ecece5fb9426abd8eb0a509869b1a,deepseek-chat,844,338,1182
d54ecece5fb9426abd8eb0a509869b1a,unknown,0,0,0
d54f473127c647ecb21b08c5c36a890c,ark/deepseek-v3,701,202,903
d54f473127c647ecb21b08c5c36a890c,unknown,0,0,0
d5569fa1c8b94a8ea11baf0008f25f43,ark/deepseek-v3,1896,1059,2955
d5569fa1c8b94a8ea11baf0008f25f43,unknown,0,0,0
d5616164455348949e9135c1f0507295,ark/deepseek-v3-1,1892,978,2870
d5616164455348949e9135c1f0507295,gpt-4.1,1062,28,1090
d5616164455348949e9135c1f0507295,unknown,0,0,0
d5664ce5972b4951a92cf59b25d80086,deepseek-chat,671,393,1064
d5664ce5972b4951a92cf59b25d80086,unknown,0,0,0
d5680df56dbe477f9d856c8dec0543f6,ark/deepseek-v3,3648,786,4434
d5680df56dbe477f9d856c8dec0543f6,unknown,0,0,0
d5686688225e4ed88940a0a5b08c62d1,ark/deepseek-v3,758,98,856
d5686688225e4ed88940a0a5b08c62d1,unknown,0,0,0
d56bf003369a45098c9ffc2803dd259b,ark/deepseek-v3,12987,2076,15063
d56bf003369a45098c9ffc2803dd259b,unknown,0,0,0
d56bfcd72a01460b91a3a99b5569926e,ark/deepseek-v3,1251,251,1502
d56bfcd72a01460b91a3a99b5569926e,unknown,0,0,0
d56cb820dae042eea17d77e1f72c67a1,ark/deepseek-v3,467,98,565
d56cb820dae042eea17d77e1f72c67a1,unknown,0,0,0
d56cbc28cbd8413caa0bbbb441b5823d,ark/deepseek-v3,1455,220,1675
d56cbc28cbd8413caa0bbbb441b5823d,unknown,0,0,0
d56d0579a30844f1aa00547e07b0c900,ark/deepseek-v3,5968,633,6601
d56d0579a30844f1aa00547e07b0c900,unknown,0,0,0
d5748c27322e444c9366f99c96d66f62,deepseek-chat,670,279,949
d5748c27322e444c9366f99c96d66f62,unknown,0,0,0
d576fadd046e4969bc93438f1e966b80,deepseek-chat,671,369,1040
d576fadd046e4969bc93438f1e966b80,unknown,0,0,0
d5773178018b4ac6ae09ff08663b7af3,ark/deepseek-v3-1,1405,1005,2410
d5773178018b4ac6ae09ff08663b7af3,unknown,0,0,0
d577a3b322d14d20bfac61f68cabcf85,ark/deepseek-v3,467,93,560
d577a3b322d14d20bfac61f68cabcf85,unknown,0,0,0
d58040c139db4634aaacef043a3f30d5,ark/deepseek-v3,701,192,893
d58040c139db4634aaacef043a3f30d5,unknown,0,0,0
d58437f4e49f482086dabc090eee9745,deepseek-chat,561,207,768
d58437f4e49f482086dabc090eee9745,unknown,0,0,0
d588ad0e21964436a335d97096b2e72f,ark/deepseek-v3,1455,200,1655
d588ad0e21964436a335d97096b2e72f,unknown,0,0,0
d588f41630254beeb1a6dac1276928eb,ark/deepseek-v3,1218,452,1670
d588f41630254beeb1a6dac1276928eb,unknown,0,0,0
d58d23f8fb2849a2b40d9574352a9a06,ark/deepseek-v3-1,1874,713,2587
d58d23f8fb2849a2b40d9574352a9a06,unknown,0,0,0
d5950bbeb0dd4001a35227e61f51f67e,ark/deepseek-v3,4439,2295,6734
d5950bbeb0dd4001a35227e61f51f67e,unknown,0,0,0
d59a8a5606944c6db0095765b4a295cc,ark/deepseek-v3,467,92,559
d59a8a5606944c6db0095765b4a295cc,unknown,0,0,0
d59c879f767448f98826e992e215f16a,deepseek-chat,2632,1119,3751
d59c879f767448f98826e992e215f16a,unknown,0,0,0
d5a49274767743169d44ee2e7cdd7959,deepseek-chat,1320,322,1642
d5a49274767743169d44ee2e7cdd7959,gpt-4.1,1627,323,1950
d5a49274767743169d44ee2e7cdd7959,unknown,0,0,0
d5a53f9bb9de4c71a884bd584f1cb842,deepseek-chat,2724,1642,4366
d5a53f9bb9de4c71a884bd584f1cb842,unknown,0,0,0
d5a64c960228471ea44f0f52e7c1718c,deepseek-chat,2284,1089,3373
d5a64c960228471ea44f0f52e7c1718c,unknown,0,0,0
d5ac4399b6784a4eab0cee2e5470683a,deepseek-chat,846,317,1163
d5ac4399b6784a4eab0cee2e5470683a,unknown,0,0,0
d5b8962fe1354561986a7bafb9e38770,ark/deepseek-v3,467,108,575
d5b8962fe1354561986a7bafb9e38770,unknown,0,0,0
d5ba19ddd2cd448eb1d5dce72f846f60,deepseek-chat,561,207,768
d5ba19ddd2cd448eb1d5dce72f846f60,unknown,0,0,0
d5cf8a4d65584952a39e181d3e23eb26,deepseek-chat,2127,699,2826
d5cf8a4d65584952a39e181d3e23eb26,unknown,0,0,0
d5e13ee8a5ca466989a154c243dbe765,deepseek-chat,670,367,1037
d5e13ee8a5ca466989a154c243dbe765,unknown,0,0,0
d5e389f49ea24740a80f256fde193f67,deepseek-chat,670,311,981
d5e389f49ea24740a80f256fde193f67,unknown,0,0,0
d5ebeaaaa2a646cb90a136060f159ddd,deepseek-chat,112,4525,4637
d5ebeaaaa2a646cb90a136060f159ddd,unknown,0,0,0
d5f13872f9d045b38e3483c6f9c9ec40,ark/deepseek-v3,465,95,560
d5f13872f9d045b38e3483c6f9c9ec40,unknown,0,0,0
d5f2164cc566487ab68e753ff8d8f8fe,ark/deepseek-v3,1251,215,1466
d5f2164cc566487ab68e753ff8d8f8fe,unknown,0,0,0
d5fd7cf6aa594fbab727088b9f467a9e,ark/deepseek-v3-1,2394,935,3329
d5fd7cf6aa594fbab727088b9f467a9e,unknown,0,0,0
d5fe742a4a1545ce955b73d68179f319,ark/deepseek-v3,1065,314,1379
d5fe742a4a1545ce955b73d68179f319,unknown,0,0,0
d603b733373c499ebc6bdf1c6296152c,deepseek-chat,671,352,1023
d603b733373c499ebc6bdf1c6296152c,unknown,0,0,0
d609583fadc24f10a3409a3be8bd061b,deepseek-chat,0,0,0
d609583fadc24f10a3409a3be8bd061b,unknown,0,0,0
d6171dab3e3e4364bc3e4420d4f41ab2,deepseek-chat,2228,717,2945
d6171dab3e3e4364bc3e4420d4f41ab2,unknown,0,0,0
d63968c081a3422abadee679f7284c89,ark/deepseek-v3,3222,525,3747
d63968c081a3422abadee679f7284c89,unknown,0,0,0
d6449d6ce033412ab0df16048dcbc59d,ark/deepseek-v3,702,349,1051
d6449d6ce033412ab0df16048dcbc59d,unknown,0,0,0
d644a376b41d4426841926e7679e1628,ark/deepseek-v3,0,0,0
d644a376b41d4426841926e7679e1628,unknown,0,0,0
d64999706ad847368015e0ecc5886cb1,deepseek-chat,8581,4856,13437
d64999706ad847368015e0ecc5886cb1,unknown,0,0,0
d649d8d17eaf48dfb52d5cffd0fc8cc9,ark/deepseek-v3,2317,1150,3467
d649d8d17eaf48dfb52d5cffd0fc8cc9,unknown,0,0,0
d64e83f28f7847feaf4d307f5d6c5530,ark/deepseek-v3-1,1749,926,2675
d64e83f28f7847feaf4d307f5d6c5530,unknown,0,0,0
d657129d52c14166a512dea936f48a35,ark/deepseek-v3,5186,1504,6690
d657129d52c14166a512dea936f48a35,unknown,0,0,0
d657410081f0411193189df8dc83fde5,ark/deepseek-v3,467,94,561
d657410081f0411193189df8dc83fde5,unknown,0,0,0
d65db9ec36a747c7a10cfffcb870348f,ark/deepseek-v3,1455,237,1692
d65db9ec36a747c7a10cfffcb870348f,unknown,0,0,0
d65e6fb9a75d4a6cab1cfc7f8a09c56e,deepseek-chat,561,206,767
d65e6fb9a75d4a6cab1cfc7f8a09c56e,unknown,0,0,0
d65edbf4adf74d928f9da209ea4e2a3b,deepseek-chat,24101,2106,26207
d65edbf4adf74d928f9da209ea4e2a3b,unknown,0,0,0
d65f5d4b39794c958fb52015a8fd081d,ark/deepseek-v3,467,95,562
d65f5d4b39794c958fb52015a8fd081d,unknown,0,0,0
d6616f4b092d4d5c962c9623723d09ab,ark/deepseek-v3,4513,699,5212
d6616f4b092d4d5c962c9623723d09ab,deepseek-chat,529,822,1351
d6616f4b092d4d5c962c9623723d09ab,unknown,0,0,0
d6632f666b1f40eea440ed2e28572623,ark/deepseek-v3,8578,1694,10272
d6632f666b1f40eea440ed2e28572623,unknown,0,0,0
d66682ead7844681a4316426052d6236,ark/deepseek-v3,467,92,559
d66682ead7844681a4316426052d6236,unknown,0,0,0
d669548135e848c5bd87bf35de3de300,ark/deepseek-v3,1512,329,1841
d669548135e848c5bd87bf35de3de300,unknown,0,0,0
d670575620b64744927e9ed0e523f956,ark/deepseek-v3,467,119,586
d670575620b64744927e9ed0e523f956,unknown,0,0,0
d6744f04d96a456c9c12ba637c370944,ark/deepseek-v3,4049,1441,5490
d6744f04d96a456c9c12ba637c370944,unknown,0,0,0
d677e7babf754d72b4cb69f474e02a47,ark/deepseek-v3,8169,1319,9488
d677e7babf754d72b4cb69f474e02a47,unknown,0,0,0
d67946f6b84847ea986e057bd03420e3,ark/deepseek-v3,701,178,879
d67946f6b84847ea986e057bd03420e3,unknown,0,0,0
d680651846fe4fab98cd710ea17b04a5,ark/deepseek-v3,7349,1432,8781
d680651846fe4fab98cd710ea17b04a5,unknown,0,0,0
d683fbeb96e04c2eaf8af9ba68731a8b,ark/deepseek-v3,467,91,558
d683fbeb96e04c2eaf8af9ba68731a8b,unknown,0,0,0
d687b93b75284676bae5deb3eb611f8c,deepseek-chat,670,327,997
d687b93b75284676bae5deb3eb611f8c,unknown,0,0,0
d689d1b4dae1463fa8057c5626859afe,deepseek-chat,3477,1050,4527
d689d1b4dae1463fa8057c5626859afe,gpt-4.1,4125,918,5043
d689d1b4dae1463fa8057c5626859afe,unknown,0,0,0
d68a31b5e17b496e8c3bf41e02f882eb,deepseek-chat,3534,1331,4865
d68a31b5e17b496e8c3bf41e02f882eb,gpt-4.1,4324,1029,5353
d68a31b5e17b496e8c3bf41e02f882eb,unknown,0,0,0
d6982ccf756041e9b650464c4bdb6bcb,ark/deepseek-v3,5959,700,6659
d6982ccf756041e9b650464c4bdb6bcb,deepseek-chat,4415,65,4480
d6982ccf756041e9b650464c4bdb6bcb,unknown,0,0,0
d69aac694545461bab9fe2d439c2bc74,ark/deepseek-v3,701,179,880
d69aac694545461bab9fe2d439c2bc74,unknown,0,0,0
d69bef3787b344938be0d1d909a4ccea,ark/deepseek-v3,467,94,561
d69bef3787b344938be0d1d909a4ccea,unknown,0,0,0
d6aa86f31d024c3da903c8b6f8a95776,ark/deepseek-v3,3799,580,4379
d6aa86f31d024c3da903c8b6f8a95776,unknown,0,0,0
d6adde6fbba0439d91ba3d0946dab92b,deepseek-chat,670,352,1022
d6adde6fbba0439d91ba3d0946dab92b,unknown,0,0,0
d6ae0b9cc2a74c81ae5f55422e87d750,ark/deepseek-v3,467,85,552
d6ae0b9cc2a74c81ae5f55422e87d750,unknown,0,0,0
d6b1c84a8ab84a3286410d5cbf246504,ark/deepseek-v3,0,0,0
d6b1c84a8ab84a3286410d5cbf246504,unknown,0,0,0
d6b8ae6aafcf464b871ee31af67adc34,deepseek-chat,690,210,900
d6b8ae6aafcf464b871ee31af67adc34,unknown,0,0,0
d6c6aaa1743f4025b8dc4e0a6dbbde44,ark/deepseek-v3,13462,2484,15946
d6c6aaa1743f4025b8dc4e0a6dbbde44,unknown,0,0,0
d6c7a5c75dcf42e4a8b835d4f6ecd7c9,ark/deepseek-v3,2885,548,3433
d6c7a5c75dcf42e4a8b835d4f6ecd7c9,unknown,0,0,0
d6c96193ab8c493bb04de61955923b35,deepseek-chat,561,206,767
d6c96193ab8c493bb04de61955923b35,unknown,0,0,0
d6cbf1fe62c94544875c1e70b92ff6d7,ark/deepseek-v3,467,92,559
d6cbf1fe62c94544875c1e70b92ff6d7,unknown,0,0,0
d6cf56a370224b3ba433a7c08995f09c,ark/deepseek-v3,638,178,816
d6cf56a370224b3ba433a7c08995f09c,unknown,0,0,0
d6d17bee8f5241ea88473131fe0ec937,ark/deepseek-v3,467,137,604
d6d17bee8f5241ea88473131fe0ec937,unknown,0,0,0
d6d4928f9c6a42d1967cc11748a9410e,ark/deepseek-v3,7002,1401,8403
d6d4928f9c6a42d1967cc11748a9410e,unknown,0,0,0
d6da1d5c7abf4a7ca547cd7cea5bc3be,ark/deepseek-v3,2044,1108,3152
d6da1d5c7abf4a7ca547cd7cea5bc3be,deepseek-chat,6522,275,6797
d6da1d5c7abf4a7ca547cd7cea5bc3be,unknown,0,0,0
d6dafffbe6ab423c8802663a8d83f9ec,ark/deepseek-v3,1240,595,1835
d6dafffbe6ab423c8802663a8d83f9ec,unknown,0,0,0
d6e181f511354cd9bf9012ea8735b0ec,deepseek-chat,658,348,1006
d6e181f511354cd9bf9012ea8735b0ec,unknown,0,0,0
d6e6458d3dc54398afd3d174cf96fc74,ark/deepseek-v3,646,412,1058
d6e6458d3dc54398afd3d174cf96fc74,unknown,0,0,0
d6e9de80bba344d0bf24e0f6c7ab0b98,ark/deepseek-v3,1089,309,1398
d6e9de80bba344d0bf24e0f6c7ab0b98,unknown,0,0,0
d6e9ec59a325445f95db4577e511460b,ark/deepseek-v3,0,0,0
d6e9ec59a325445f95db4577e511460b,unknown,0,0,0
d6ea77124c694a5f9865d7c92b41fa79,ark/deepseek-v3,7332,1222,8554
d6ea77124c694a5f9865d7c92b41fa79,unknown,0,0,0
d6edb122a7fa4a7fafad5d4508300b83,ark/deepseek-v3,832,113,945
d6edb122a7fa4a7fafad5d4508300b83,unknown,0,0,0
d6f03da35ba74991adf6da368665f183,ark/deepseek-v3,0,0,0
d6f03da35ba74991adf6da368665f183,unknown,0,0,0
d6f4e31a4cf5408da52c442996d7efbd,ark/deepseek-v3,3144,322,3466
d6f4e31a4cf5408da52c442996d7efbd,unknown,0,0,0
d6f62c355e8949f68a9a42f37b596dec,ark/deepseek-v3,112,870,982
d6f62c355e8949f68a9a42f37b596dec,unknown,0,0,0
d6f631b172a44778a871b48487bef8ac,deepseek-chat,3258,1272,4530
d6f631b172a44778a871b48487bef8ac,gpt-4.1,3368,884,4252
d6f631b172a44778a871b48487bef8ac,unknown,0,0,0
d6fc993dbfa944ee99527f33fb39e6c6,ark/deepseek-v3,5193,1425,6618
d6fc993dbfa944ee99527f33fb39e6c6,unknown,0,0,0
d704f8242e364594b9cec3f6481751b1,ark/deepseek-v3,5346,369,5715
d704f8242e364594b9cec3f6481751b1,unknown,0,0,0
d70df24bf8df4ab3b601e41dc87acfeb,ark/deepseek-v3,467,98,565
d70df24bf8df4ab3b601e41dc87acfeb,unknown,0,0,0
d712db61c41b41ab897ed58ab3a0f5c5,ark/deepseek-v3,1168,597,1765
d712db61c41b41ab897ed58ab3a0f5c5,unknown,0,0,0
d71345728f0d480faa0df7ba8725942c,ark/deepseek-v3,467,97,564
d71345728f0d480faa0df7ba8725942c,unknown,0,0,0
d715777e83cc4ef2bce45cae516caa39,ark/deepseek-v3,3144,294,3438
d715777e83cc4ef2bce45cae516caa39,unknown,0,0,0
d71a376da5fa4d308a92834b46f2ce1d,ark/deepseek-v3,6000,1495,7495
d71a376da5fa4d308a92834b46f2ce1d,unknown,0,0,0
d71bcb3ddde8475298e284002b43858c,deepseek-chat,949,303,1252
d71bcb3ddde8475298e284002b43858c,unknown,0,0,0
d720b0d64d644921ab5875d5b0245f45,ark/deepseek-v3-1,2759,904,3663
d720b0d64d644921ab5875d5b0245f45,unknown,0,0,0
d7214bea502249aca81f81c35850c728,ark/deepseek-v3,1198,678,1876
d7214bea502249aca81f81c35850c728,unknown,0,0,0
d72177b7501a496286da8e6bccb5625d,ark/deepseek-v3,1045,273,1318
d72177b7501a496286da8e6bccb5625d,unknown,0,0,0
d72b8fbe279644018011a78dc2bdf409,ark/deepseek-v3,467,94,561
d72b8fbe279644018011a78dc2bdf409,unknown,0,0,0
d72dc39669fa4edbbc2671edc5e00e92,ark/deepseek-v3,0,0,0
d72dc39669fa4edbbc2671edc5e00e92,unknown,0,0,0
d73024f3c6634a72b384b0530853cc7b,ark/deepseek-v3,1065,284,1349
d73024f3c6634a72b384b0530853cc7b,unknown,0,0,0
d731504dbb8c432d9161da8ea1fb83eb,deepseek-chat,1187,460,1647
d731504dbb8c432d9161da8ea1fb83eb,unknown,0,0,0
d73255fc3c85461fa9786f9c1faff9d6,ark/deepseek-v3,2203,1019,3222
d73255fc3c85461fa9786f9c1faff9d6,unknown,0,0,0
d7356b6ee8094401abae3b9b0a238038,ark/deepseek-v3-1,1078,436,1514
d7356b6ee8094401abae3b9b0a238038,unknown,0,0,0
d737205df7b741b6a95464e443f89fe7,deepseek-chat,671,341,1012
d737205df7b741b6a95464e443f89fe7,unknown,0,0,0
d73f6388b0c04f5698e6a91f6890e342,ark/deepseek-v3-1,1891,1113,3004
d73f6388b0c04f5698e6a91f6890e342,gpt-4.1,1061,19,1080
d73f6388b0c04f5698e6a91f6890e342,unknown,0,0,0
d742284884c642938db0b2d13a04ebba,deepseek-chat,748,241,989
d742284884c642938db0b2d13a04ebba,unknown,0,0,0
d7441715bd484c95af7b23a2b9543c4a,ark/deepseek-v3,467,104,571
d7441715bd484c95af7b23a2b9543c4a,unknown,0,0,0
d7445bc646564716a1ee750fcfeb02c4,ark/deepseek-v3,3443,1349,4792
d7445bc646564716a1ee750fcfeb02c4,unknown,0,0,0
d7551303a2ea485a894de59f56cc7da1,ark/deepseek-v3,701,199,900
d7551303a2ea485a894de59f56cc7da1,unknown,0,0,0
d755d4a3fbda4d6184bbe7fe20f77643,ark/deepseek-v3,3990,811,4801
d755d4a3fbda4d6184bbe7fe20f77643,unknown,0,0,0
d75c1da60c8244b28daf85e39f019f98,ark/deepseek-v3,1088,309,1397
d75c1da60c8244b28daf85e39f019f98,unknown,0,0,0
d762912dca8e40ba915999f0f89ded42,ark/deepseek-v3,0,0,0
d762912dca8e40ba915999f0f89ded42,unknown,0,0,0
d76755cb00a34198bcf3a5b2e3230c15,deepseek-chat,864,257,1121
d76755cb00a34198bcf3a5b2e3230c15,unknown,0,0,0
d767ba5a07f8401da6843e0daf6be425,deepseek-chat,3512,1288,4800
d767ba5a07f8401da6843e0daf6be425,gpt-4.1,4135,796,4931
d767ba5a07f8401da6843e0daf6be425,unknown,0,0,0
d7726d52e4344ddfa99550dca6f1b510,deepseek-chat,561,207,768
d7726d52e4344ddfa99550dca6f1b510,unknown,0,0,0
d776924480024f7088212534f3570545,deepseek-chat,671,382,1053
d776924480024f7088212534f3570545,unknown,0,0,0
d776bc574ef04d95bcb8cf16f0b063e3,deepseek-chat,749,312,1061
d776bc574ef04d95bcb8cf16f0b063e3,unknown,0,0,0
d77a3fe7c4cc4d13bdc90470ba65c327,ark/deepseek-v3,467,114,581
d77a3fe7c4cc4d13bdc90470ba65c327,unknown,0,0,0
d77fb9dfdfb348a79a36f027ca456744,ark/deepseek-v3,25528,5003,30531
d77fb9dfdfb348a79a36f027ca456744,deepseek-chat,6456,120,6576
d77fb9dfdfb348a79a36f027ca456744,unknown,0,0,0
d784a63946aa44099fddb56cf5ef3f9b,deepseek-chat,2198,794,2992
d784a63946aa44099fddb56cf5ef3f9b,unknown,0,0,0
d78de1af959d447cad3cf1476c0f9a5a,ark/deepseek-v3,467,97,564
d78de1af959d447cad3cf1476c0f9a5a,unknown,0,0,0
d78fcee66d40477bae1a6065c02b369f,deepseek-chat,670,366,1036
d78fcee66d40477bae1a6065c02b369f,unknown,0,0,0
d792328a83824b33a15fff9128f5a4f5,ark/deepseek-v3-1,4497,1778,6275
d792328a83824b33a15fff9128f5a4f5,gpt-4.1,3836,1186,5022
d792328a83824b33a15fff9128f5a4f5,unknown,0,0,0
d794fa95990b40edb871876e7e93c221,ark/deepseek-v3,465,98,563
d794fa95990b40edb871876e7e93c221,unknown,0,0,0
d79786e261a14a5b8c40cae9dbb2411c,deepseek-chat,794,388,1182
d79786e261a14a5b8c40cae9dbb2411c,unknown,0,0,0
d7a06fc2f9914149a25ca18be50ed060,ark/deepseek-v3,5643,1058,6701
d7a06fc2f9914149a25ca18be50ed060,unknown,0,0,0
d7acf109f8f54fbbaa771052cfe5647c,ark/deepseek-v3,3143,368,3511
d7acf109f8f54fbbaa771052cfe5647c,unknown,0,0,0
d7cb6fe8c727409cbdc8ccd53246d49f,deepseek-chat,2112,796,2908
d7cb6fe8c727409cbdc8ccd53246d49f,unknown,0,0,0
d7cebf0368b3447a83dbb0a3d3e2ba29,ark/deepseek-v3,5165,1388,6553
d7cebf0368b3447a83dbb0a3d3e2ba29,unknown,0,0,0
d7d137f2237a4a5da580f0510d38bf90,ark/deepseek-v3-1,1405,860,2265
d7d137f2237a4a5da580f0510d38bf90,unknown,0,0,0
d7d3fecbdf2b4db499b0c45353c60109,deepseek-chat,561,207,768
d7d3fecbdf2b4db499b0c45353c60109,unknown,0,0,0
d7e5c0703fea4c1d8cfa6d374215705b,unknown,0,0,0
d7ec52a4d26d46e39e9d8df697663f4a,unknown,0,0,0
d7fb0268c53144f084086ed0e89e617f,deepseek-chat,2222,645,2867
d7fb0268c53144f084086ed0e89e617f,unknown,0,0,0
d7fd671072bf49a5ae762eff3a7b28f5,ark/deepseek-v3,6631,754,7385
d7fd671072bf49a5ae762eff3a7b28f5,unknown,0,0,0
d7ff0dcde7c8426680a4a37d3e34a982,ark/deepseek-v3,2310,372,2682
d7ff0dcde7c8426680a4a37d3e34a982,unknown,0,0,0
d7ff66717efd4d2d8786f1a8ee34757a,deepseek-chat,2098,412,2510
d7ff66717efd4d2d8786f1a8ee34757a,unknown,0,0,0
d803b4266f114a14b819207cd3ab34f4,ark/deepseek-v3,613,224,837
d803b4266f114a14b819207cd3ab34f4,unknown,0,0,0
d8049ab187f448629fd839b6b37d5304,deepseek-chat,1398,487,1885
d8049ab187f448629fd839b6b37d5304,unknown,0,0,0
d806457615aa452ab166fd357d346951,deepseek-chat,12801,1361,14162
d806457615aa452ab166fd357d346951,unknown,0,0,0
d807f056aade4f3e9dff0e67e5a9e7e4,deepseek-chat,924,401,1325
d807f056aade4f3e9dff0e67e5a9e7e4,unknown,0,0,0
d808b81e270d432eb437ee42046b5e3b,ark/deepseek-v3,1455,219,1674
d808b81e270d432eb437ee42046b5e3b,unknown,0,0,0
d80ecc4371594d65ad40bf35d479a370,ark/deepseek-v3,1455,223,1678
d80ecc4371594d65ad40bf35d479a370,unknown,0,0,0
d81143eaa56749a3aeafd20fd36c9e5d,deepseek-chat,671,355,1026
d81143eaa56749a3aeafd20fd36c9e5d,unknown,0,0,0
d813dc5376574255b75d658f0daf8555,ark/deepseek-v3,467,97,564
d813dc5376574255b75d658f0daf8555,unknown,0,0,0
d81822a7b6ac426d9bb306867a3b9ffa,deepseek-chat,923,471,1394
d81822a7b6ac426d9bb306867a3b9ffa,unknown,0,0,0
d81e7597d67b498b973efaac3a923bf5,deepseek-chat,2211,947,3158
d81e7597d67b498b973efaac3a923bf5,unknown,0,0,0
d8274f9a07174f678fce9ad4f3b09737,ark/deepseek-v3,2469,1218,3687
d8274f9a07174f678fce9ad4f3b09737,ark/deepseek-v3-1,0,0,0
d8274f9a07174f678fce9ad4f3b09737,unknown,0,0,0
d827ce7752014ff585e47797bda6c79c,ark/deepseek-v3-1,6483,916,7399
d827ce7752014ff585e47797bda6c79c,unknown,0,0,0
d82c623a3e85429c8c5b6916dafacb03,ark/deepseek-v3,3148,301,3449
d82c623a3e85429c8c5b6916dafacb03,unknown,0,0,0
d82ced7c156b42e7acedecd288fb8b7e,ark/deepseek-v3,5958,754,6712
d82ced7c156b42e7acedecd288fb8b7e,unknown,0,0,0
d830cc9fc74e452abd9047c40b7be2f7,ark/deepseek-v3,0,0,0
d830cc9fc74e452abd9047c40b7be2f7,unknown,0,0,0
d83771e0b81e4f2fa96a138e74668821,ark/deepseek-v3,1455,214,1669
d83771e0b81e4f2fa96a138e74668821,unknown,0,0,0
d837da0bea5e442282642bd4533150dc,unknown,0,0,0
d83e5a98c5a0433986884367849d413a,ark/deepseek-v3,467,88,555
d83e5a98c5a0433986884367849d413a,unknown,0,0,0
d8442c890fe44ddeb51436604a8e481f,ark/deepseek-v3,3800,598,4398
d8442c890fe44ddeb51436604a8e481f,deepseek-chat,2266,2132,4398
d8442c890fe44ddeb51436604a8e481f,unknown,0,0,0
d8476fe7cf764d7fa55919d285267f83,deepseek-chat,722,387,1109
d8476fe7cf764d7fa55919d285267f83,unknown,0,0,0
d848f350a5534dcaa7067e7e8b1d529d,unknown,0,0,0
d84974487a284037b766ba9d1814e242,ark/deepseek-v3,1089,329,1418
d84974487a284037b766ba9d1814e242,unknown,0,0,0
d84f3fe3d671451fb141c501b2fb315a,ark/deepseek-v3,9621,2257,11878
d84f3fe3d671451fb141c501b2fb315a,unknown,0,0,0
d852051958ea4c5095a56159b8958428,ark/deepseek-v3,467,93,560
d852051958ea4c5095a56159b8958428,unknown,0,0,0
d8664d223567419897f7a1f668b4d387,ark/deepseek-v3,701,196,897
d8664d223567419897f7a1f668b4d387,unknown,0,0,0
d867e87fa0844683b05d749e394245ab,unknown,0,0,0
d86da5e7ae7d49009a660594d27f0dc2,deepseek-chat,561,207,768
d86da5e7ae7d49009a660594d27f0dc2,unknown,0,0,0
d86ef7284e9f4b4b99278d2a2e4fbc98,unknown,0,0,0
d87173521a0143489634372ccfcf9c85,ark/deepseek-v3,467,92,559
d87173521a0143489634372ccfcf9c85,unknown,0,0,0
d871e2fd5936470a820256cc3b66a146,ark/deepseek-v3,15454,3167,18621
d871e2fd5936470a820256cc3b66a146,unknown,0,0,0
d87218b1b66c42e8ad3f5c54a84cd005,ark/deepseek-v3,1455,143,1598
d87218b1b66c42e8ad3f5c54a84cd005,unknown,0,0,0
d87469549e9249e7a95230b38037ebe7,deepseek-chat,2106,876,2982
d87469549e9249e7a95230b38037ebe7,unknown,0,0,0
d877ffa94c01403f8c991583c9a0d30e,deepseek-chat,1207,631,1838
d877ffa94c01403f8c991583c9a0d30e,unknown,0,0,0
d87bee69734948b1984fea19a35a956f,ark/deepseek-v3,5111,876,5987
d87bee69734948b1984fea19a35a956f,unknown,0,0,0
d8891e3225ac4e1f965ae795efe07e05,ark/deepseek-v3,32905,7305,40210
d8891e3225ac4e1f965ae795efe07e05,unknown,0,0,0
d8a62db54b094e35aaf1aa25ccdc87c9,deepseek-chat,288,358,646
d8a62db54b094e35aaf1aa25ccdc87c9,gpt-4o-2024-05-13,607,27,634
d8a62db54b094e35aaf1aa25ccdc87c9,unknown,0,0,0
d8b3e2898a84470cb3000b497bb09ebd,ark/deepseek-v3,758,108,866
d8b3e2898a84470cb3000b497bb09ebd,unknown,0,0,0
d8b785d72b4948d381f6b24e68f9ca80,ark/deepseek-v3,1837,341,2178
d8b785d72b4948d381f6b24e68f9ca80,unknown,0,0,0
d8d422635d2f40189e18621b86fb7110,ark/deepseek-v3,1837,381,2218
d8d422635d2f40189e18621b86fb7110,unknown,0,0,0
d8dcf50cd07841c5a8a1884046e273ea,ark/deepseek-v3,1409,529,1938
d8dcf50cd07841c5a8a1884046e273ea,deepseek-chat,5737,153,5890
d8dcf50cd07841c5a8a1884046e273ea,unknown,0,0,0
d8e5e9cdc8de4f55b397141572492bbb,deepseek-chat,2169,915,3084
d8e5e9cdc8de4f55b397141572492bbb,unknown,0,0,0
d8f2a24fcd0b41eab35cdc2dadf84e25,ark/deepseek-v3,701,188,889
d8f2a24fcd0b41eab35cdc2dadf84e25,unknown,0,0,0
d8f53d1d4842434e845042ca5101b938,ark/deepseek-v3,1136,303,1439
d8f53d1d4842434e845042ca5101b938,unknown,0,0,0
d9059597b95b4013a2a309b38bc9d854,ark/deepseek-v3,6022,1776,7798
d9059597b95b4013a2a309b38bc9d854,gpt-4.1,640,20,660
d9059597b95b4013a2a309b38bc9d854,unknown,0,0,0
d90f760f7d164913ba03b36bbec3aa5d,ark/deepseek-v3,0,0,0
d90f760f7d164913ba03b36bbec3aa5d,unknown,0,0,0
d90fa6d7b3b54319a4a16e8240e8de86,ark/deepseek-v3,467,91,558
d90fa6d7b3b54319a4a16e8240e8de86,unknown,0,0,0
d91164bd83d2436787ac744302d2106b,ark/deepseek-v3,0,0,0
d91164bd83d2436787ac744302d2106b,unknown,0,0,0
d917ab8a9f5a4845a45966eb1a00576d,ark/deepseek-v3,1089,290,1379
d917ab8a9f5a4845a45966eb1a00576d,unknown,0,0,0
d919f7568c7e467ea46ac5d3d116e898,ark/deepseek-v3,26323,5098,31421
d919f7568c7e467ea46ac5d3d116e898,unknown,0,0,0
d91e6021e73a4c63b4df538e94237dc3,deepseek-chat,1632,264,1896
d91e6021e73a4c63b4df538e94237dc3,unknown,0,0,0
d9227a34517544ecb15e89e54ae94104,ark/deepseek-v3,1060,451,1511
d9227a34517544ecb15e89e54ae94104,unknown,0,0,0
d937512f244743bf9ff8eab6b94451c8,ark/deepseek-v3-1,2426,1468,3894
d937512f244743bf9ff8eab6b94451c8,gpt-4.1,2551,454,3005
d937512f244743bf9ff8eab6b94451c8,unknown,0,0,0
d94f679021544d378213881745e3ef0b,deepseek-chat,671,449,1120
d94f679021544d378213881745e3ef0b,unknown,0,0,0
d9536607b4024375809984c4e73c118f,ark/deepseek-v3,43171,6898,50069
d9536607b4024375809984c4e73c118f,unknown,0,0,0
d954f59b1f074caea9f36c32f8965000,ark/deepseek-v3-1,1405,795,2200
d954f59b1f074caea9f36c32f8965000,unknown,0,0,0
d9569dd6a108410d912760c1a08fd119,ark/deepseek-v3,467,80,547
d9569dd6a108410d912760c1a08fd119,unknown,0,0,0
d966743b11bd4f4eb3eb32b721fcb220,deepseek-chat,670,354,1024
d966743b11bd4f4eb3eb32b721fcb220,unknown,0,0,0
d96759d348ef45029953f11f7d2fe9a2,deepseek-chat,1306,283,1589
d96759d348ef45029953f11f7d2fe9a2,gpt-4.1,2191,465,2656
d96759d348ef45029953f11f7d2fe9a2,unknown,0,0,0
d969d288e45e4a0688cd76af65ed69c0,deepseek-chat,12689,3369,16058
d969d288e45e4a0688cd76af65ed69c0,unknown,0,0,0
d96d3dac62e34d30bcabfca3791abf75,ark/deepseek-v3,1524,946,2470
d96d3dac62e34d30bcabfca3791abf75,unknown,0,0,0
d97114c703f348ce9a4b2bc8f3b7c4f6,deepseek-chat,0,0,0
d97114c703f348ce9a4b2bc8f3b7c4f6,unknown,0,0,0
d973c6b0ed8049568855b8f51f68ee1b,deepseek-chat,670,356,1026
d973c6b0ed8049568855b8f51f68ee1b,unknown,0,0,0
d9769a73f0aa4625b9ad44037db6ba4f,ark/deepseek-v3,0,0,0
d9769a73f0aa4625b9ad44037db6ba4f,unknown,0,0,0
d97ca870438f49cba48ab057c96ca472,ark/deepseek-v3,3567,1385,4952
d97ca870438f49cba48ab057c96ca472,unknown,0,0,0
d9851fbd3cc6477db6aa0e5a09fb56a0,ark/deepseek-v3,3389,2168,5557
d9851fbd3cc6477db6aa0e5a09fb56a0,unknown,0,0,0
d99e5bd30f8a4135866f4400c1bcf805,deepseek-chat,670,373,1043
d99e5bd30f8a4135866f4400c1bcf805,unknown,0,0,0
d9a0403b2da84adc8e4eb4df053ff25d,ark/deepseek-v3,6616,728,7344
d9a0403b2da84adc8e4eb4df053ff25d,unknown,0,0,0
d9a1b9a4d7994d479c34b93e196d7dfa,ark/deepseek-v3,711,358,1069
d9a1b9a4d7994d479c34b93e196d7dfa,unknown,0,0,0
d9a580915f004b13b9b6b627498bc68e,deepseek-chat,658,373,1031
d9a580915f004b13b9b6b627498bc68e,unknown,0,0,0
d9a73c31d80244f9925ada622d280e7a,ark/deepseek-v3,26335,5262,31597
d9a73c31d80244f9925ada622d280e7a,deepseek-chat,136321,8208,144529
d9a73c31d80244f9925ada622d280e7a,unknown,0,0,0
d9aa145cc3954a56bc0c40c4e03306f9,ark/deepseek-v3,758,116,874
d9aa145cc3954a56bc0c40c4e03306f9,unknown,0,0,0
d9b1f99568cf4c03a970cd2fbd049cef,ark/deepseek-v3,465,93,558
d9b1f99568cf4c03a970cd2fbd049cef,unknown,0,0,0
d9bfcad0ca8e49c197a39b7800b1a37c,deepseek-chat,3066,1188,4254
d9bfcad0ca8e49c197a39b7800b1a37c,gpt-4.1,942,29,971
d9bfcad0ca8e49c197a39b7800b1a37c,unknown,0,0,0
d9c32e2a196c4b3fa42c884c18162368,ark/deepseek-v3,1455,200,1655
d9c32e2a196c4b3fa42c884c18162368,unknown,0,0,0
d9c523388dbd4a9faed1f99f5cc81bbc,ark/deepseek-v3,695,76,771
d9c523388dbd4a9faed1f99f5cc81bbc,unknown,0,0,0
d9cd3c7e0bcd4165a65890ec985f5167,deepseek-chat,710,309,1019
d9cd3c7e0bcd4165a65890ec985f5167,unknown,0,0,0
d9d9bdc071464a3c9c07a005b0842c15,deepseek-chat,2040,807,2847
d9d9bdc071464a3c9c07a005b0842c15,unknown,0,0,0
d9df2456b97242ccbcfb721ece4d1075,deepseek-chat,0,0,0
d9df2456b97242ccbcfb721ece4d1075,unknown,0,0,0
d9e37af9110641c2a4049c09effe5873,ark/deepseek-v3,3712,1536,5248
d9e37af9110641c2a4049c09effe5873,unknown,0,0,0
d9e3d24fe34d4621a26664707c83e2bb,ark/deepseek-v3,465,97,562
d9e3d24fe34d4621a26664707c83e2bb,unknown,0,0,0
d9e565950b6c4099a502f2644114237b,ark/deepseek-v3,1901,516,2417
d9e565950b6c4099a502f2644114237b,unknown,0,0,0
d9ea30d693504daf831c106a90cfab0f,ark/deepseek-v3,2229,1241,3470
d9ea30d693504daf831c106a90cfab0f,unknown,0,0,0
d9f3ad7b146b4b7e915d68a445c6aff5,ark/deepseek-v3,8802,1910,10712
d9f3ad7b146b4b7e915d68a445c6aff5,unknown,0,0,0
d9f9be56f4cb424d9ba0004692c02c12,ark/deepseek-v3,610,258,868
d9f9be56f4cb424d9ba0004692c02c12,unknown,0,0,0
d9fd8550ef0b4465807f763b7da901ac,ark/deepseek-v3,4137,2194,6331
d9fd8550ef0b4465807f763b7da901ac,unknown,0,0,0
da0281f6d5004f7a861553ebf6e50cda,ark/deepseek-v3,1507,464,1971
da0281f6d5004f7a861553ebf6e50cda,unknown,0,0,0
da08899dbdf3439cb9ed4dcb1122303c,deepseek-chat,5472,1856,7328
da08899dbdf3439cb9ed4dcb1122303c,unknown,0,0,0
da0afef3a3234e96b34323189ef51504,deepseek-chat,1346,577,1923
da0afef3a3234e96b34323189ef51504,unknown,0,0,0
da0d6204d0be444184638028eabd828d,deepseek-chat,561,207,768
da0d6204d0be444184638028eabd828d,unknown,0,0,0
da1a2441755d466994b7db5c453e891f,deepseek-chat,658,363,1021
da1a2441755d466994b7db5c453e891f,unknown,0,0,0
da2098cf04c643258186c97674520c17,ark/deepseek-v3,6649,730,7379
da2098cf04c643258186c97674520c17,unknown,0,0,0
da2c8895230248609c3d19b757c7c27a,deepseek-chat,3505,423,3928
da2c8895230248609c3d19b757c7c27a,unknown,0,0,0
da2dea054ce849aa89d81c5438591408,ark/deepseek-v3,4489,2361,6850
da2dea054ce849aa89d81c5438591408,unknown,0,0,0
da2f012988e740df9090a97fed1c55a2,deepseek-chat,969,336,1305
da2f012988e740df9090a97fed1c55a2,unknown,0,0,0
da3f9a1e8ad5485880becefae1583587,deepseek-chat,871,375,1246
da3f9a1e8ad5485880becefae1583587,unknown,0,0,0
da41395b18df4389a322342ff2f4a314,ark/deepseek-v3,6624,698,7322
da41395b18df4389a322342ff2f4a314,deepseek-chat,27187,842,28029
da41395b18df4389a322342ff2f4a314,unknown,0,0,0
da43334f940e407fb8c835218ffc1281,ark/deepseek-v3,2295,1040,3335
da43334f940e407fb8c835218ffc1281,unknown,0,0,0
da478c190413446fb4bd1059ae06750e,ark/deepseek-v3,3448,974,4422
da478c190413446fb4bd1059ae06750e,unknown,0,0,0
da4ae7382921410d9e5358d4872c9203,ark/deepseek-v3,2329,476,2805
da4ae7382921410d9e5358d4872c9203,unknown,0,0,0
da51eb3f89934cf9ac8f3849458cd03b,deepseek-chat,658,330,988
da51eb3f89934cf9ac8f3849458cd03b,unknown,0,0,0
da5c6c165e894a689440a2bdaf37fe15,deepseek-chat,1396,724,2120
da5c6c165e894a689440a2bdaf37fe15,unknown,0,0,0
da5d80ff2bee4547a1b47e8a753fecbf,ark/deepseek-v3,701,176,877
da5d80ff2bee4547a1b47e8a753fecbf,unknown,0,0,0
da5ef5c6c13c4364b7a2aea5dfb651f4,deepseek-chat,600,269,869
da5ef5c6c13c4364b7a2aea5dfb651f4,unknown,0,0,0
da61e237dc2d42049ce3328d05129235,ark/deepseek-v3,4062,770,4832
da61e237dc2d42049ce3328d05129235,unknown,0,0,0
da690a044f3f4c84bf38c43fdf37d5a4,deepseek-chat,670,277,947
da690a044f3f4c84bf38c43fdf37d5a4,unknown,0,0,0
da712eeba885493cad12ebdce2673ea4,unknown,0,0,0
da7149a8f6544191ad9bac0b6150b9e4,ark/deepseek-v3,1509,724,2233
da7149a8f6544191ad9bac0b6150b9e4,unknown,0,0,0
da776fc17142465cb25d8d5d414e913d,deepseek-chat,915,439,1354
da776fc17142465cb25d8d5d414e913d,unknown,0,0,0
da7f64c9363949e8959397fbc6d3b4e5,ark/deepseek-v3,4131,2003,6134
da7f64c9363949e8959397fbc6d3b4e5,unknown,0,0,0
da89ca43e35f423896081d23be63b1ea,deepseek-chat,510,247,757
da89ca43e35f423896081d23be63b1ea,unknown,0,0,0
da8c26fc2a584aafa99716da337cd820,ark/deepseek-v3,2280,1246,3526
da8c26fc2a584aafa99716da337cd820,unknown,0,0,0
da8f7c6405e3415586fa81d2e99d2859,ark/deepseek-v3,611,279,890
da8f7c6405e3415586fa81d2e99d2859,unknown,0,0,0
da9c046d326948d7b908b5120d78b240,deepseek-chat,2952,1320,4272
da9c046d326948d7b908b5120d78b240,unknown,0,0,0
daa10416942e4edaa0d0476bb152070b,ark/deepseek-v3,11665,2369,14034
daa10416942e4edaa0d0476bb152070b,unknown,0,0,0
daa81e5acb654c108b51431715457074,ark/deepseek-v3,4586,912,5498
daa81e5acb654c108b51431715457074,unknown,0,0,0
daab82c951254462b67f389c2659b414,ark/deepseek-v3,2924,1302,4226
daab82c951254462b67f389c2659b414,unknown,0,0,0
daaf3067d4af4614a87f3e2cdd8acd73,ark/deepseek-v3,631,213,844
daaf3067d4af4614a87f3e2cdd8acd73,unknown,0,0,0
dab0974ef4a44f6abee455f354788c1d,ark/deepseek-v3,701,176,877
dab0974ef4a44f6abee455f354788c1d,unknown,0,0,0
dab1761bfd5e416abd1cb78fec87f33e,deepseek-chat,815,384,1199
dab1761bfd5e416abd1cb78fec87f33e,unknown,0,0,0
dab187d2b4da469b8ae5e785c6a212d5,ark/deepseek-v3,3144,333,3477
dab187d2b4da469b8ae5e785c6a212d5,unknown,0,0,0
dab6810325734f7a83bfe4f5ddc659dd,ark/deepseek-v3,701,178,879
dab6810325734f7a83bfe4f5ddc659dd,unknown,0,0,0
dabc850bc9e04e8da45d3d0d322ba7e0,ark/deepseek-v3,2200,1166,3366
dabc850bc9e04e8da45d3d0d322ba7e0,unknown,0,0,0
dacbfa2f4dfc409b9197e9061eb2fb9a,deepseek-chat,5882,1297,7179
dacbfa2f4dfc409b9197e9061eb2fb9a,unknown,0,0,0
daccaad6bfad4aac942ee28074b963f9,deepseek-chat,4874,269,5143
daccaad6bfad4aac942ee28074b963f9,unknown,0,0,0
dad00902074d4b33b74399275fffeeaf,ark/deepseek-v3,467,94,561
dad00902074d4b33b74399275fffeeaf,unknown,0,0,0
dad814ba1431455bb387048ae074dcc7,ark/deepseek-v3-1,1405,898,2303
dad814ba1431455bb387048ae074dcc7,unknown,0,0,0
dadb7d90f8b84887849343aa54fb664f,deepseek-chat,2672,1263,3935
dadb7d90f8b84887849343aa54fb664f,unknown,0,0,0
dae0ce2c256647a8a4439a2d27dc8fc3,deepseek-chat,671,427,1098
dae0ce2c256647a8a4439a2d27dc8fc3,unknown,0,0,0
dae6dcef188b43b08a2729e9f32621c4,ark/deepseek-v3,1301,650,1951
dae6dcef188b43b08a2729e9f32621c4,deepseek-chat,6341,403,6744
dae6dcef188b43b08a2729e9f32621c4,unknown,0,0,0
daeca2eecc26471a9e622848a18a6be3,ark/deepseek-v3,3903,511,4414
daeca2eecc26471a9e622848a18a6be3,unknown,0,0,0
daef48a53acf41c2b1c28b88b5ec3d3a,ark/deepseek-v3,465,83,548
daef48a53acf41c2b1c28b88b5ec3d3a,unknown,0,0,0
daf2e379bc8a457a9147555fe0b58f7b,deepseek-chat,2465,1260,3725
daf2e379bc8a457a9147555fe0b58f7b,unknown,0,0,0
dafa5c7ad4f044b184b286edc9e77bef,ark/deepseek-v3,1242,508,1750
dafa5c7ad4f044b184b286edc9e77bef,unknown,0,0,0
dafbf54a2f41408bb5805a713268ea5a,ark/deepseek-v3,1091,271,1362
dafbf54a2f41408bb5805a713268ea5a,unknown,0,0,0
db0425ec5d0c40c29b58692f5ce81575,deepseek-chat,4376,1579,5955
db0425ec5d0c40c29b58692f5ce81575,gpt-4.1,4961,1520,6481
db0425ec5d0c40c29b58692f5ce81575,unknown,0,0,0
db133096acb5446da69e2367941c2374,ark/deepseek-v3,0,0,0
db133096acb5446da69e2367941c2374,unknown,0,0,0
db15c9c87e684f1595ea2c78a6e34263,ark/deepseek-v3,7682,1382,9064
db15c9c87e684f1595ea2c78a6e34263,unknown,0,0,0
db21da1a58344ba79bab229786b78cac,deepseek-chat,1424,748,2172
db21da1a58344ba79bab229786b78cac,unknown,0,0,0
db28ccde06b5419c8cd855d6ae3db29d,ark/deepseek-v3,467,95,562
db28ccde06b5419c8cd855d6ae3db29d,unknown,0,0,0
db296a1427d249aea6ffd7526028b104,deepseek-chat,561,207,768
db296a1427d249aea6ffd7526028b104,unknown,0,0,0
db2acaa4d4174ef2843a0dc9b3afa11c,deepseek-chat,561,221,782
db2acaa4d4174ef2843a0dc9b3afa11c,unknown,0,0,0
db2defb0588c41a98a6d205bad15c803,ark/deepseek-v3,71,769,840
db2defb0588c41a98a6d205bad15c803,unknown,0,0,0
db2e8610c61a4d0b9a432dbcaada9936,ark/deepseek-v3,4377,778,5155
db2e8610c61a4d0b9a432dbcaada9936,deepseek-chat,6546,147,6693
db2e8610c61a4d0b9a432dbcaada9936,unknown,0,0,0
db32ebe1df1a444bbe8425fabbd8082f,deepseek-chat,3217,1478,4695
db32ebe1df1a444bbe8425fabbd8082f,unknown,0,0,0
db39ae1d20ca486b8ae483ce1e9c3033,deepseek-chat,0,0,0
db39ae1d20ca486b8ae483ce1e9c3033,unknown,0,0,0
db3ccb4837aa4723a5a0caf4277e92ab,ark/deepseek-v3,4505,346,4851
db3ccb4837aa4723a5a0caf4277e92ab,unknown,0,0,0
db42d01f9d834e849d1d747c7b2a0037,ark/deepseek-v3,1025,442,1467
db42d01f9d834e849d1d747c7b2a0037,unknown,0,0,0
db498344d1fa4ead8c5e717a34ef222c,deepseek-chat,749,419,1168
db498344d1fa4ead8c5e717a34ef222c,unknown,0,0,0
db4e45cee96e41efb9e3f557ae050da0,ark/deepseek-v3,1067,290,1357
db4e45cee96e41efb9e3f557ae050da0,unknown,0,0,0
db58680cce334dac947bacf47217abdb,ark/deepseek-v3,1925,779,2704
db58680cce334dac947bacf47217abdb,unknown,0,0,0
db597622a71d4d329626c22ac065bee2,ark/deepseek-v3,5512,604,6116
db597622a71d4d329626c22ac065bee2,unknown,0,0,0
db5c331b0bb147929ab7a96f45dd4fae,deepseek-chat,2064,823,2887
db5c331b0bb147929ab7a96f45dd4fae,unknown,0,0,0
db613a37a9e344f5be4660c4b54f432c,ark/deepseek-v3,467,95,562
db613a37a9e344f5be4660c4b54f432c,unknown,0,0,0
db61af6d37ce4719a4f0ac2c4e17ff33,deepseek-chat,813,312,1125
db61af6d37ce4719a4f0ac2c4e17ff33,unknown,0,0,0
db659c810c3f40479c26fb5ec6703af1,deepseek-chat,1562,749,2311
db659c810c3f40479c26fb5ec6703af1,unknown,0,0,0
db6bbca0a419415387299a0b577dd8cb,deepseek-chat,3258,1163,4421
db6bbca0a419415387299a0b577dd8cb,gpt-4.1,3332,817,4149
db6bbca0a419415387299a0b577dd8cb,unknown,0,0,0
db6e1264ef2f4aab8d42bfdcd36c82d1,deepseek-chat,561,207,768
db6e1264ef2f4aab8d42bfdcd36c82d1,unknown,0,0,0
db717dd012604d6ba94bd8656e2dbe6a,ark/deepseek-v3-1,1405,700,2105
db717dd012604d6ba94bd8656e2dbe6a,unknown,0,0,0
db7f7718dca443e79a416055fb2e67d0,ark/deepseek-v3,3588,489,4077
db7f7718dca443e79a416055fb2e67d0,unknown,0,0,0
db82a6c1f9854f73957c799d13c582b7,deepseek-chat,3208,1412,4620
db82a6c1f9854f73957c799d13c582b7,gpt-4.1,4285,1120,5405
db82a6c1f9854f73957c799d13c582b7,unknown,0,0,0
db8f40504077485489cd6388c08d88c7,gpt-4.1,0,0,0
db8f40504077485489cd6388c08d88c7,unknown,0,0,0
db9011439bfe4c54b5a5b9aafa7d619b,ark/deepseek-v3,701,201,902
db9011439bfe4c54b5a5b9aafa7d619b,unknown,0,0,0
db9790c82e10435ea359ece05acb76e2,ark/deepseek-v3-1,1126,142,1268
db9790c82e10435ea359ece05acb76e2,unknown,0,0,0
db9c6731f26f47868f9b010a4b335a5b,ark/deepseek-v3,1455,230,1685
db9c6731f26f47868f9b010a4b335a5b,unknown,0,0,0
db9d2134c51e4dfa8f04376f63f73412,ark/deepseek-v3,467,93,560
db9d2134c51e4dfa8f04376f63f73412,unknown,0,0,0
db9e287bfac841178c2c00b0e884088f,ark/deepseek-v3,7818,1121,8939
db9e287bfac841178c2c00b0e884088f,unknown,0,0,0
dba888887dbd444c9e6235df128aceb7,deepseek-chat,94,369,463
dba888887dbd444c9e6235df128aceb7,unknown,0,0,0
dba8ae3c78aa4f4a9b11001589cf5339,ark/deepseek-v3,0,0,0
dba8ae3c78aa4f4a9b11001589cf5339,unknown,0,0,0
dbaad9c011804520950ea9506887169d,ark/deepseek-v3,171,1225,1396
dbaad9c011804520950ea9506887169d,deepseek-chat,56,714,770
dbaad9c011804520950ea9506887169d,unknown,0,0,0
dbad461781024475a4622d6d5bc9ce62,deepseek-chat,1304,292,1596
dbad461781024475a4622d6d5bc9ce62,gpt-4.1,1606,211,1817
dbad461781024475a4622d6d5bc9ce62,unknown,0,0,0
dbb12609300943a8a4e37efc00bc289b,deepseek-chat,2716,1117,3833
dbb12609300943a8a4e37efc00bc289b,unknown,0,0,0
dbb3b1dbd4114650803342f47089f57b,unknown,0,0,0
dbb827fff5684f4b86f44ccea22fc5fd,deepseek-chat,1846,754,2600
dbb827fff5684f4b86f44ccea22fc5fd,gpt-4.1,3079,592,3671
dbb827fff5684f4b86f44ccea22fc5fd,unknown,0,0,0
dbb8bcfac5014a46ab9cf5255cace907,ark/deepseek-v3,701,176,877
dbb8bcfac5014a46ab9cf5255cace907,unknown,0,0,0
dbb980a790554ee0a7f07b13d899f4b7,deepseek-chat,670,329,999
dbb980a790554ee0a7f07b13d899f4b7,unknown,0,0,0
dbba367caeff498c82d7a53977503aec,ark/deepseek-v3,1937,418,2355
dbba367caeff498c82d7a53977503aec,unknown,0,0,0
dbbfe16a2a6a47f6a5a1164ed84c6a35,deepseek-chat,1453,419,1872
dbbfe16a2a6a47f6a5a1164ed84c6a35,unknown,0,0,0
dbc10073c947498496ebe08fb89b8913,deepseek-chat,0,0,0
dbc10073c947498496ebe08fb89b8913,unknown,0,0,0
dbc447438bd940d884973590f1d599fa,ark/deepseek-v3,1455,238,1693
dbc447438bd940d884973590f1d599fa,unknown,0,0,0
dbcd9de6a0454325b318a6ef2c418ec8,ark/deepseek-v3,701,173,874
dbcd9de6a0454325b318a6ef2c418ec8,unknown,0,0,0
dbd935313e224f209017fb88da6cca16,ark/deepseek-v3,1091,264,1355
dbd935313e224f209017fb88da6cca16,unknown,0,0,0
dbdc49d4825c4ad8a4d121d3e2c5a2d6,ark/deepseek-v3,2552,1102,3654
dbdc49d4825c4ad8a4d121d3e2c5a2d6,unknown,0,0,0
dbe3f4022d4c4f118bbca47df41b8800,ark/deepseek-v3,467,145,612
dbe3f4022d4c4f118bbca47df41b8800,unknown,0,0,0
dbecf55f9a004e55879681d267da6b73,ark/deepseek-v3-1,1405,903,2308
dbecf55f9a004e55879681d267da6b73,unknown,0,0,0
dbed3ecc73b148fb82adb2a149ba8651,ark/deepseek-v3-1,4620,448,5068
dbed3ecc73b148fb82adb2a149ba8651,unknown,0,0,0
dbface7e4cd94b9e931d5e1efd012589,ark/deepseek-v3,465,98,563
dbface7e4cd94b9e931d5e1efd012589,unknown,0,0,0
dbfb7e9f0b9f475cb7a0a38b362f9aa8,ark/deepseek-v3,758,111,869
dbfb7e9f0b9f475cb7a0a38b362f9aa8,unknown,0,0,0
dc034a1d05c64de993c71bed5d7b373d,ark/deepseek-v3,701,176,877
dc034a1d05c64de993c71bed5d7b373d,unknown,0,0,0
dc0cdd84e3fd443783edeb0942964a2f,ark/deepseek-v3,3006,1448,4454
dc0cdd84e3fd443783edeb0942964a2f,unknown,0,0,0
dc0db85cb3c34e079e5e89e8bd63ed3e,deepseek-chat,671,349,1020
dc0db85cb3c34e079e5e89e8bd63ed3e,unknown,0,0,0
dc0ed0b088d54826a8b22233b43fd520,ark/deepseek-v3,5549,2261,7810
dc0ed0b088d54826a8b22233b43fd520,unknown,0,0,0
dc0f268fef064ef880c03d947d719c89,ark/deepseek-v3,701,200,901
dc0f268fef064ef880c03d947d719c89,unknown,0,0,0
dc113ba9b38745599717a4b22904cf3e,ark/deepseek-v3,1714,775,2489
dc113ba9b38745599717a4b22904cf3e,unknown,0,0,0
dc14f975a6d246539149500e140aa8df,ark/deepseek-v3,0,0,0
dc14f975a6d246539149500e140aa8df,unknown,0,0,0
dc1780cf28e342a6955d7686320ffbe4,ark/deepseek-v3,888,34,922
dc1780cf28e342a6955d7686320ffbe4,deepseek-chat,6795,1026,7821
dc1780cf28e342a6955d7686320ffbe4,unknown,0,0,0
dc1996c3ec8e4ef7849ae6cad21e08c0,unknown,0,0,0
dc251ca448ce409b9025308e2cde4d29,ark/deepseek-v3,467,97,564
dc251ca448ce409b9025308e2cde4d29,unknown,0,0,0
dc2eeb8c845e438d80a243b29cb00d3d,ark/deepseek-v3-1,1405,655,2060
dc2eeb8c845e438d80a243b29cb00d3d,unknown,0,0,0
dc30a0270d454e038c887e5ad8f9c928,ark/deepseek-v3,6951,1428,8379
dc30a0270d454e038c887e5ad8f9c928,unknown,0,0,0
dc32d6fab574424c82b48ed6b10530cf,deepseek-chat,1420,479,1899
dc32d6fab574424c82b48ed6b10530cf,unknown,0,0,0
dc37f2ce14ad4546b15efeefa7105ef3,deepseek-chat,2630,929,3559
dc37f2ce14ad4546b15efeefa7105ef3,unknown,0,0,0
dc3d5b11e0d34bc682ce6cc718e5ccd0,ark/deepseek-v3,1079,363,1442
dc3d5b11e0d34bc682ce6cc718e5ccd0,unknown,0,0,0
dc4527c8a05d4fcca2831b9986af6d25,ark/deepseek-v3,8022,1465,9487
dc4527c8a05d4fcca2831b9986af6d25,unknown,0,0,0
dc49d846bdf84e9cbd100a40c6b8e91b,ark/deepseek-v3,6933,1089,8022
dc49d846bdf84e9cbd100a40c6b8e91b,unknown,0,0,0
dc4caa139695473fb61d391a0fc84246,ark/deepseek-v3,2359,1175,3534
dc4caa139695473fb61d391a0fc84246,unknown,0,0,0
dc529610c69d4b7584889d866087419e,ark/deepseek-v3,563,123,686
dc529610c69d4b7584889d866087419e,unknown,0,0,0
dc56a0c0f0874ede8ce9ab942fa2a33c,ark/deepseek-v3,758,90,848
dc56a0c0f0874ede8ce9ab942fa2a33c,unknown,0,0,0
dc5d469cc11b4e739a2cf259bdb85c97,ark/deepseek-v3,1455,216,1671
dc5d469cc11b4e739a2cf259bdb85c97,unknown,0,0,0
dc6fd5ec395944ddbf45327d88ce10c6,ark/deepseek-v3-1,1126,137,1263
dc6fd5ec395944ddbf45327d88ce10c6,unknown,0,0,0
dc737e4aac8745e7a938e078f3f26e3d,deepseek-chat,2624,1219,3843
dc737e4aac8745e7a938e078f3f26e3d,unknown,0,0,0
dc7960c1e1354673b340a107efd26357,ark/deepseek-v3,640,115,755
dc7960c1e1354673b340a107efd26357,unknown,0,0,0
dc82d5e90e2a4bd8975cdbc0e261b575,deepseek-chat,2525,809,3334
dc82d5e90e2a4bd8975cdbc0e261b575,unknown,0,0,0
dc8342e6557c493b8d43b5260927f920,ark/deepseek-v3,467,96,563
dc8342e6557c493b8d43b5260927f920,unknown,0,0,0
dc83b605652b4eb7bde49c81895d700d,ark/deepseek-v3,6429,1126,7555
dc83b605652b4eb7bde49c81895d700d,unknown,0,0,0
dc8a980733e844868240f712a5dc44e9,ark/deepseek-v3,708,222,930
dc8a980733e844868240f712a5dc44e9,unknown,0,0,0
dc8acc3a2a5a4ec68e251718d84832e3,deepseek-chat,0,0,0
dc8acc3a2a5a4ec68e251718d84832e3,unknown,0,0,0
dc8d3e36794045658fa2b42c405ac2db,deepseek-chat,561,207,768
dc8d3e36794045658fa2b42c405ac2db,unknown,0,0,0
dc9d5b06566641a09313ee1d797ef4a9,ark/deepseek-v3,758,102,860
dc9d5b06566641a09313ee1d797ef4a9,unknown,0,0,0
dca7555a1f6e47c39124f8ca1538345d,ark/deepseek-v3,1837,368,2205
dca7555a1f6e47c39124f8ca1538345d,unknown,0,0,0
dcac70145d5e4894a91e9b482ef9063c,ark/deepseek-v3,467,114,581
dcac70145d5e4894a91e9b482ef9063c,unknown,0,0,0
dcad9ebc06c443649671f0e7163e1669,ark/deepseek-v3,1251,215,1466
dcad9ebc06c443649671f0e7163e1669,unknown,0,0,0
dcb0b35359ff46f5b0ed35cd8fd1a343,ark/kimi-k2,1703,838,2541
dcb0b35359ff46f5b0ed35cd8fd1a343,gpt-4.1,1968,387,2355
dcb0b35359ff46f5b0ed35cd8fd1a343,unknown,0,0,0
dcbb9c668fa8427881134c629866b22a,deepseek-chat,658,341,999
dcbb9c668fa8427881134c629866b22a,unknown,0,0,0
dce71952c96347cca5fcaf0f1f3cdf47,unknown,0,0,0
dcee2526f110403db391f9bae345349f,ark/deepseek-v3,1064,265,1329
dcee2526f110403db391f9bae345349f,unknown,0,0,0
dcf152ae3c7546978f252205098d9559,ark/deepseek-v3,5982,698,6680
dcf152ae3c7546978f252205098d9559,unknown,0,0,0
dcf1ebfbcc904070aed474d89e11559c,ark/deepseek-v3,6713,1719,8432
dcf1ebfbcc904070aed474d89e11559c,unknown,0,0,0
dcf32bc2210e41e3a8d1be14f43775b2,deepseek-chat,1054,404,1458
dcf32bc2210e41e3a8d1be14f43775b2,gpt-4.1,1417,360,1777
dcf32bc2210e41e3a8d1be14f43775b2,unknown,0,0,0
dcf9e4fc9cee4fd6acc4839d6c5cf896,ark/deepseek-v3,758,97,855
dcf9e4fc9cee4fd6acc4839d6c5cf896,unknown,0,0,0
dcfd465c577b49088ea2b7c4dee76649,deepseek-chat,886,333,1219
dcfd465c577b49088ea2b7c4dee76649,unknown,0,0,0
dcff2e2d007b4110a97655337f064ad1,ark/deepseek-v3,5959,722,6681
dcff2e2d007b4110a97655337f064ad1,unknown,0,0,0
dd093627cc6848d198a2ff133c008aa6,ark/deepseek-v3,2209,1197,3406
dd093627cc6848d198a2ff133c008aa6,unknown,0,0,0
dd0df791de9f456c8f4a53ecc9c94956,ark/deepseek-v3,467,96,563
dd0df791de9f456c8f4a53ecc9c94956,unknown,0,0,0
dd17dd12d0e346058b0722df6b25e7c3,deepseek-chat,0,0,0
dd17dd12d0e346058b0722df6b25e7c3,unknown,0,0,0
dd1d7e52be9a46eebcbb374fdc8155e6,ark/deepseek-v3,1061,363,1424
dd1d7e52be9a46eebcbb374fdc8155e6,unknown,0,0,0
dd21df0f907f40c1af38f8be9b2acd62,ark/deepseek-v3,4210,657,4867
dd21df0f907f40c1af38f8be9b2acd62,unknown,0,0,0
dd27619630df457e89acd802421db2ce,ark/deepseek-v3,675,377,1052
dd27619630df457e89acd802421db2ce,unknown,0,0,0
dd27f4fa7220434798c5d83c0c34f0cb,ark/deepseek-v3,467,106,573
dd27f4fa7220434798c5d83c0c34f0cb,unknown,0,0,0
dd292f71d2e5444780ee57c639154590,deepseek-chat,2276,743,3019
dd292f71d2e5444780ee57c639154590,unknown,0,0,0
dd3839a136e24513a212caf8ac54aa3b,ark/deepseek-v3,457,65,522
dd3839a136e24513a212caf8ac54aa3b,unknown,0,0,0
dd38d0891b004a8b8898d16dd1c51f20,ark/deepseek-v3-1,1064,422,1486
dd38d0891b004a8b8898d16dd1c51f20,unknown,0,0,0
dd435ed8b8704c6d8f9cf6df742983bf,ark/deepseek-v3,6643,729,7372
dd435ed8b8704c6d8f9cf6df742983bf,unknown,0,0,0
dd47a7dc93d94d3186217e8360813510,ark/deepseek-v3,0,0,0
dd47a7dc93d94d3186217e8360813510,unknown,0,0,0
dd520b731c224d6eaaecc3f4a484c187,ark/deepseek-v3,467,96,563
dd520b731c224d6eaaecc3f4a484c187,unknown,0,0,0
dd5ee21e7d444f9e95fd3a1b7045c014,deepseek-chat,0,0,0
dd5ee21e7d444f9e95fd3a1b7045c014,unknown,0,0,0
dd68c2fa87104d5a8c5c3651c94e0f7a,ark/deepseek-v3,3985,1597,5582
dd68c2fa87104d5a8c5c3651c94e0f7a,unknown,0,0,0
dd6dad8649ab4a91bcc218a22b9efa09,ark/deepseek-v3,2023,1012,3035
dd6dad8649ab4a91bcc218a22b9efa09,unknown,0,0,0
dd71008a7a4545f292766db7ec5082ab,deepseek-chat,857,446,1303
dd71008a7a4545f292766db7ec5082ab,unknown,0,0,0
dd743b0cb7b942c5b408ff5cdec4e8b1,ark/deepseek-v3,1455,209,1664
dd743b0cb7b942c5b408ff5cdec4e8b1,unknown,0,0,0
dd7b4d2f4bc14e92b9926b61866fbfc2,ark/deepseek-v3,6091,1943,8034
dd7b4d2f4bc14e92b9926b61866fbfc2,gpt-4.1,673,33,706
dd7b4d2f4bc14e92b9926b61866fbfc2,unknown,0,0,0
dd7c25b2a362492887524f861e8cc717,ark/deepseek-v3,1064,389,1453
dd7c25b2a362492887524f861e8cc717,unknown,0,0,0
dd7c95d08d674034912b9503b0397dfe,deepseek-chat,793,245,1038
dd7c95d08d674034912b9503b0397dfe,unknown,0,0,0
dd7e3cd5217a4c3f8643f48f457038b2,ark/deepseek-v3,0,0,0
dd7e3cd5217a4c3f8643f48f457038b2,unknown,0,0,0
dd81fd8198a946b9aa69c08ac14bfdc0,ark/deepseek-v3,467,80,547
dd81fd8198a946b9aa69c08ac14bfdc0,unknown,0,0,0
dd83614c72ec466cba3179ca4d246a0c,ark/deepseek-v3,5986,667,6653
dd83614c72ec466cba3179ca4d246a0c,unknown,0,0,0
dd8d285957b04de5bed51dc40fb716a8,deepseek-chat,2172,1403,3575
dd8d285957b04de5bed51dc40fb716a8,unknown,0,0,0
dd8ee450588a4b13b62479b0dce40331,deepseek-chat,671,373,1044
dd8ee450588a4b13b62479b0dce40331,unknown,0,0,0
dd95356bb41846119a7e61bca9d247ad,deepseek-chat,0,0,0
dd95356bb41846119a7e61bca9d247ad,unknown,0,0,0
ddb087c2afce4d6696c9ff85ad7d3ec5,unknown,0,0,0
ddb1fa1362124b5b99209dba0c775ae1,ark/deepseek-v3,1158,879,2037
ddb1fa1362124b5b99209dba0c775ae1,unknown,0,0,0
ddb71b2e123b4c9bb504b2d26b3d7ae7,ark/deepseek-v3,6160,1718,7878
ddb71b2e123b4c9bb504b2d26b3d7ae7,gpt-4.1,1274,90,1364
ddb71b2e123b4c9bb504b2d26b3d7ae7,unknown,0,0,0
ddb7ddcb53184456a4b569007e881901,ark/deepseek-v3-1,1405,776,2181
ddb7ddcb53184456a4b569007e881901,unknown,0,0,0
ddbc129c009a46c2b3bba0df7beacb0c,deepseek-chat,2116,631,2747
ddbc129c009a46c2b3bba0df7beacb0c,unknown,0,0,0
ddc1376a9456406fb8cabb8ac8392d2c,deepseek-chat,561,206,767
ddc1376a9456406fb8cabb8ac8392d2c,unknown,0,0,0
ddc25385238845d6bd97478da0290946,deepseek-chat,1053,377,1430
ddc25385238845d6bd97478da0290946,gpt-4.1,1419,367,1786
ddc25385238845d6bd97478da0290946,unknown,0,0,0
dde721037d3d434a83b1bd3ba9c7a316,ark/deepseek-v3,1152,767,1919
dde721037d3d434a83b1bd3ba9c7a316,unknown,0,0,0
dde8d2a74b64456785a9464f46abaf5c,ark/deepseek-v3,0,0,0
dde8d2a74b64456785a9464f46abaf5c,unknown,0,0,0
dde9b38623cd4874a7a381bf0b18009c,deepseek-chat,1063,289,1352
dde9b38623cd4874a7a381bf0b18009c,unknown,0,0,0
ddecc552094046c585d66a7546db82cd,unknown,0,0,0
ddf1c8a3524f4d488cd29a5b56386438,ark/deepseek-v3-1,942,321,1263
ddf1c8a3524f4d488cd29a5b56386438,unknown,0,0,0
ddf9e92c15f746da9a2e2d992a9b99ca,deepseek-chat,896,365,1261
ddf9e92c15f746da9a2e2d992a9b99ca,unknown,0,0,0
de0519e90ce8454ca8af2a27b5bc02bd,ark/deepseek-v3,2649,1364,4013
de0519e90ce8454ca8af2a27b5bc02bd,unknown,0,0,0
de0cc6117d6f48afa4716de75fb78c38,ark/deepseek-v3-1,1933,1073,3006
de0cc6117d6f48afa4716de75fb78c38,unknown,0,0,0
de1dcd91f57f4806b694828167d9228a,ark/deepseek-v3,1837,353,2190
de1dcd91f57f4806b694828167d9228a,unknown,0,0,0
de250cfe388140f8aadfb099e5019443,ark/deepseek-v3,467,98,565
de250cfe388140f8aadfb099e5019443,unknown,0,0,0
de2db4a614e0427084b2ee955237c542,ark/deepseek-v3,465,97,562
de2db4a614e0427084b2ee955237c542,unknown,0,0,0
de347f838d3145e6a84de6def732a239,ark/deepseek-v3,467,94,561
de347f838d3145e6a84de6def732a239,unknown,0,0,0
de3be448caf048389baed99181618b7e,deepseek-chat,671,360,1031
de3be448caf048389baed99181618b7e,unknown,0,0,0
de3e37c406184ec2bdef2d113c85ddc4,ark/deepseek-v3,13444,2522,15966
de3e37c406184ec2bdef2d113c85ddc4,unknown,0,0,0
de404277dde2415c8bca132d2f965e92,deepseek-chat,561,207,768
de404277dde2415c8bca132d2f965e92,unknown,0,0,0
de42a98cc9e8444ebadab78c3a70dfb4,ark/deepseek-v3-1,1877,619,2496
de42a98cc9e8444ebadab78c3a70dfb4,unknown,0,0,0
de42ed8a94454153908039cc9addd7b4,ark/deepseek-v3,3728,657,4385
de42ed8a94454153908039cc9addd7b4,unknown,0,0,0
de464a612bb74dc5b0b802326f63e08a,deepseek-chat,561,207,768
de464a612bb74dc5b0b802326f63e08a,unknown,0,0,0
de4765a08c9d4efb9bb34cb0a534e31e,deepseek-chat,671,360,1031
de4765a08c9d4efb9bb34cb0a534e31e,unknown,0,0,0
de4ba3b113444a6499088d6f644cedad,ark/deepseek-v3,2340,1154,3494
de4ba3b113444a6499088d6f644cedad,unknown,0,0,0
de4f21bb8c1e4e63a2303548545bb388,ark/deepseek-v3,3143,289,3432
de4f21bb8c1e4e63a2303548545bb388,unknown,0,0,0
de6443f733ad4e409d57bc4d60826444,ark/deepseek-v3,0,0,0
de6443f733ad4e409d57bc4d60826444,unknown,0,0,0
de6d9b8763cd4050b72494d121e063df,deepseek-chat,3627,1305,4932
de6d9b8763cd4050b72494d121e063df,unknown,0,0,0
de6f3b3bccf74c8d986c58915f551ba9,deepseek-chat,561,207,768
de6f3b3bccf74c8d986c58915f551ba9,unknown,0,0,0
de7ac9115b6742a3b961203b8e64ea53,ark/deepseek-v3,467,94,561
de7ac9115b6742a3b961203b8e64ea53,unknown,0,0,0
de7bf209756940329776c1f289693edd,ark/deepseek-v3,2959,1621,4580
de7bf209756940329776c1f289693edd,unknown,0,0,0
de7d2273c21c47c4af5a568763eb93d1,deepseek-chat,0,0,0
de7d2273c21c47c4af5a568763eb93d1,unknown,0,0,0
de7e476e14e84794a73dd347010a5ed9,ark/deepseek-v3,4206,2182,6388
de7e476e14e84794a73dd347010a5ed9,unknown,0,0,0
de8a1642725a44468d5ab65df6a334ae,deepseek-chat,2267,911,3178
de8a1642725a44468d5ab65df6a334ae,unknown,0,0,0
de9d20cdf927469bac8e2212f93d780c,ark/deepseek-v3,467,95,562
de9d20cdf927469bac8e2212f93d780c,unknown,0,0,0
de9eaa87f02840f0a57dcac06ff8dba1,ark/deepseek-v3,0,0,0
de9eaa87f02840f0a57dcac06ff8dba1,unknown,0,0,0
dea02cda28094fbf8abec848c535d9f0,ark/deepseek-v3,6055,1578,7633
dea02cda28094fbf8abec848c535d9f0,gpt-4.1,642,21,663
dea02cda28094fbf8abec848c535d9f0,unknown,0,0,0
dea7fac2a62a428a956516c39c87bd56,deepseek-chat,897,239,1136
dea7fac2a62a428a956516c39c87bd56,unknown,0,0,0
dea8c4f03ba44f2a8fab6965bf4af1f4,ark/deepseek-v3,2455,452,2907
dea8c4f03ba44f2a8fab6965bf4af1f4,unknown,0,0,0
deacd0c010314ba8a11a4e2697f00694,deepseek-chat,2747,1008,3755
deacd0c010314ba8a11a4e2697f00694,unknown,0,0,0
deb2b0f4f2424d9a812551445665dbac,ark/deepseek-v3,2040,998,3038
deb2b0f4f2424d9a812551445665dbac,unknown,0,0,0
deb6c715d9644cd0962f8d3378997d3c,ark/deepseek-v3-1,1834,797,2631
deb6c715d9644cd0962f8d3378997d3c,unknown,0,0,0
deb8432f864249c28b4159d0e6965bfe,ark/deepseek-v3,1708,531,2239
deb8432f864249c28b4159d0e6965bfe,unknown,0,0,0
debe673565ba4af0bfbfa19d7d2e568b,ark/deepseek-v3,1220,562,1782
debe673565ba4af0bfbfa19d7d2e568b,unknown,0,0,0
debfb9d53ffa4ae5a3f0c4b6dcd6ed61,deepseek-chat,3228,1062,4290
debfb9d53ffa4ae5a3f0c4b6dcd6ed61,gpt-4.1,2380,836,3216
debfb9d53ffa4ae5a3f0c4b6dcd6ed61,unknown,0,0,0
debug-03d4959167dd428b91600a378da2b1c7,ark/deepseek-v3,550,676,1226
debug-03d4959167dd428b91600a378da2b1c7,unknown,0,0,0
debug-08a23bf302c5436a9a44dc5914fe176d,ark/deepseek-v3,1976,158,2134
debug-08a23bf302c5436a9a44dc5914fe176d,unknown,0,0,0
debug-09ac7a9501384051863231ce0d4ff630,deepseek-chat,1154,389,1543
debug-09ac7a9501384051863231ce0d4ff630,unknown,0,0,0
debug-0c0081921a7447fa99aaea8e6a0cae90,ark/deepseek-v3,1102,517,1619
debug-0c0081921a7447fa99aaea8e6a0cae90,unknown,0,0,0
debug-110c35df11d341de864fa6ab5b73fa12,ark/deepseek-v3,3706,763,4469
debug-110c35df11d341de864fa6ab5b73fa12,unknown,0,0,0
debug-18bdbc0fc28f43f6981ef8a65234ba71,ark/deepseek-v3,1994,558,2552
debug-18bdbc0fc28f43f6981ef8a65234ba71,unknown,0,0,0
debug-1b643097241245b09f28e1b288c53b37,ark/deepseek-v3,1364,260,1624
debug-1b643097241245b09f28e1b288c53b37,unknown,0,0,0
debug-1b8f2e49c724422d8391810b4c5a0dc6,ark/deepseek-v3,1746,664,2410
debug-1b8f2e49c724422d8391810b4c5a0dc6,unknown,0,0,0
debug-1c401d26b2384df1b61c89301ab11949,deepseek-chat,1004,472,1476
debug-1c401d26b2384df1b61c89301ab11949,unknown,0,0,0
debug-1fdfff2f520b4011b448823b26dee76a,deepseek-chat,882,600,1482
debug-1fdfff2f520b4011b448823b26dee76a,unknown,0,0,0
debug-27432c6904954afea5ec1b5f6772999c,ark/deepseek-v3,3400,1331,4731
debug-27432c6904954afea5ec1b5f6772999c,unknown,0,0,0
debug-29c3863cd59342c284bea0a89fdc59b6,gpt-4o-search-preview,0,0,0
debug-29c3863cd59342c284bea0a89fdc59b6,unknown,0,0,0
debug-2bd61cc17be94cab9eb1ac63cb55e1dc,ark/deepseek-v3,1294,245,1539
debug-2bd61cc17be94cab9eb1ac63cb55e1dc,unknown,0,0,0
debug-38398b57c7674261a64afaa02fb6cd5f,deepseek-chat,1256,170,1426
debug-38398b57c7674261a64afaa02fb6cd5f,unknown,0,0,0
debug-3e01d2dfb098463f819dd184a1b4beaa,ark/deepseek-v3,3348,706,4054
debug-3e01d2dfb098463f819dd184a1b4beaa,unknown,0,0,0
debug-4095bcdc9c41480f8fcce35fa4c2de53,ark/deepseek-v3,9956,3746,13702
debug-4095bcdc9c41480f8fcce35fa4c2de53,unknown,0,0,0
debug-4905dc0547134fc08624d9b572bb9abe,deepseek-chat,3856,2208,6064
debug-4905dc0547134fc08624d9b572bb9abe,unknown,0,0,0
debug-4a7747eb54f6436e8f38de691aca93d1,deepseek-chat,4296,2001,6297
debug-4a7747eb54f6436e8f38de691aca93d1,unknown,0,0,0
debug-4bfc9570f98f4222824c580901c8f0e6,deepseek-chat,1394,772,2166
debug-4bfc9570f98f4222824c580901c8f0e6,unknown,0,0,0
debug-52022a9f52c04ebdb430a12b4c976be7,ark/deepseek-v3,984,522,1506
debug-52022a9f52c04ebdb430a12b4c976be7,unknown,0,0,0
debug-65ad6497098147839418a8744db8f431,ark/deepseek-v3,7160,1281,8441
debug-65ad6497098147839418a8744db8f431,unknown,0,0,0
debug-695877d157a346118f651e79d9cced88,gpt-4-0613,1306,1207,2513
debug-695877d157a346118f651e79d9cced88,unknown,0,0,0
debug-69753b0b3bde41d3a949f324137651a2,gpt-4-0613,1136,845,1981
debug-69753b0b3bde41d3a949f324137651a2,unknown,0,0,0
debug-719bedd427954b578c92c28a3d25f58d,deepseek-chat,0,0,0
debug-719bedd427954b578c92c28a3d25f58d,unknown,0,0,0
debug-74e2a3f7cf3d4944892bb3f2f6022551,ark/deepseek-v3,2332,401,2733
debug-74e2a3f7cf3d4944892bb3f2f6022551,unknown,0,0,0
debug-79479ffc91054e4189c536bca0d96cb4,deepseek-chat,3016,1486,4502
debug-79479ffc91054e4189c536bca0d96cb4,unknown,0,0,0
debug-79a72a75d44e44cda54ec5b43775b39d,ark/deepseek-v3,11106,2755,13861
debug-79a72a75d44e44cda54ec5b43775b39d,unknown,0,0,0
debug-7d7402b4428a4319bba11a23ce815aa0,deepseek-chat,7028,4259,11287
debug-7d7402b4428a4319bba11a23ce815aa0,unknown,0,0,0
debug-83773e90364a485681f5ac854832e08e,ark/deepseek-v3,231,852,1083
debug-83773e90364a485681f5ac854832e08e,gpt-3.5-turbo,137,280,417
debug-83773e90364a485681f5ac854832e08e,unknown,0,0,0
debug-8f4c82f713c941f6902ec908d13c69c2,ark/deepseek-v3,1194,193,1387
debug-8f4c82f713c941f6902ec908d13c69c2,unknown,0,0,0
debug-8fdf9d892c25489c9fe765fbeb294664,deepseek-chat,1334,920,2254
debug-8fdf9d892c25489c9fe765fbeb294664,unknown,0,0,0
debug-913286ffe8f34ce6b2f75ba38b3a0bca,ark/deepseek-v3,9520,3202,12722
debug-913286ffe8f34ce6b2f75ba38b3a0bca,unknown,0,0,0
debug-91cd127efa694f23be23a6e7d555d77d,deepseek-chat,3264,305,3569
debug-91cd127efa694f23be23a6e7d555d77d,qwen/qwen-turbo,1774,223,1997
debug-91cd127efa694f23be23a6e7d555d77d,unknown,0,0,0
debug-91cf81cab1a64951b8863040ec349d9f,deepseek-chat,3250,1748,4998
debug-91cf81cab1a64951b8863040ec349d9f,unknown,0,0,0
debug-935b044f09d640ba83fc92a1299569a8,ark/deepseek-v3,1364,315,1679
debug-935b044f09d640ba83fc92a1299569a8,unknown,0,0,0
debug-96a9511dec044cb299837d334a7d80c7,ark/deepseek-v3,1046,192,1238
debug-96a9511dec044cb299837d334a7d80c7,gpt-4.1,1266,177,1443
debug-96a9511dec044cb299837d334a7d80c7,unknown,0,0,0
debug-9762f9a8b2f149a3b9ec5a05de6fad05,ark/deepseek-v3,2632,490,3122
debug-9762f9a8b2f149a3b9ec5a05de6fad05,unknown,0,0,0
debug-9e76c61466cf492fbc2c75d175c6ec08,ark/deepseek-v3,1410,306,1716
debug-9e76c61466cf492fbc2c75d175c6ec08,unknown,0,0,0
debug-a1deaca5b6af4814abeb1f85b82150bf,ark/deepseek-v3,3444,297,3741
debug-a1deaca5b6af4814abeb1f85b82150bf,unknown,0,0,0
debug-a2f7f67a25444421be884785c0bc3c2a,deepseek-chat,3624,2167,5791
debug-a2f7f67a25444421be884785c0bc3c2a,unknown,0,0,0
debug-a3c32a62f17e4edd8cc758ed5acc1324,ark/deepseek-v3,1654,508,2162
debug-a3c32a62f17e4edd8cc758ed5acc1324,unknown,0,0,0
debug-a5055fb81b5e44fc91bf33c712bc8a94,ark/deepseek-v3,1258,166,1424
debug-a5055fb81b5e44fc91bf33c712bc8a94,unknown,0,0,0
debug-aac0d52975654771bb56df9cc09f4867,ark/deepseek-v3,1670,520,2190
debug-aac0d52975654771bb56df9cc09f4867,unknown,0,0,0
debug-b10370d988f44452b113a0a70f4be414,deepseek-chat,3822,1160,4982
debug-b10370d988f44452b113a0a70f4be414,unknown,0,0,0
debug-b3e4f9aac82b46bca64f488f8b48ecb3,ark/deepseek-r1,1294,2515,3809
debug-b3e4f9aac82b46bca64f488f8b48ecb3,unknown,0,0,0
debug-b669465a72ec4d76a2b62f319fd4d76c,deepseek-chat,930,477,1407
debug-b669465a72ec4d76a2b62f319fd4d76c,unknown,0,0,0
debug-b7f59d4c60ea4a33a562f4c14c6e15d2,gpt-4o-mini,1856,2385,4241
debug-b7f59d4c60ea4a33a562f4c14c6e15d2,unknown,0,0,0
debug-b82810ff90294e4e8c2ba31f4b6dea4e,ark/deepseek-v3,1248,179,1427
debug-b82810ff90294e4e8c2ba31f4b6dea4e,unknown,0,0,0
debug-b8f2b48bc8da4238bf6a6c2b5ffcae13,ark/deepseek-v3,2680,1471,4151
debug-b8f2b48bc8da4238bf6a6c2b5ffcae13,unknown,0,0,0
debug-bbd72811a6f945969e1b314300f46002,deepseek-chat,1150,297,1447
debug-bbd72811a6f945969e1b314300f46002,unknown,0,0,0
debug-bd7f51c36d7942adb0c53661920b9851,ark/deepseek-v3,21208,5187,26395
debug-bd7f51c36d7942adb0c53661920b9851,unknown,0,0,0
debug-bf3941541d93472f978df9d0fba63391,ark/deepseek-v3,4050,905,4955
debug-bf3941541d93472f978df9d0fba63391,unknown,0,0,0
debug-c041ad16a29d404594eba0f9dea6e684,ark/deepseek-v3,1248,358,1606
debug-c041ad16a29d404594eba0f9dea6e684,unknown,0,0,0
debug-c13b8797de0345539d649871cb890058,ark/deepseek-v3,1366,157,1523
debug-c13b8797de0345539d649871cb890058,unknown,0,0,0
debug-c18ee4458f8d4578af7bf5052c862bb7,ark/deepseek-v3,18442,7202,25644
debug-c18ee4458f8d4578af7bf5052c862bb7,unknown,0,0,0
debug-c543e6fa6eac4f138cc550846989ab05,deepseek-chat,1162,439,1601
debug-c543e6fa6eac4f138cc550846989ab05,unknown,0,0,0
debug-c710b59a470d442bba5bb05db91a0552,gpt-4-0613,2064,2512,4576
debug-c710b59a470d442bba5bb05db91a0552,unknown,0,0,0
debug-cc7a6ac914214e31af09e08c9726c3ba,ark/deepseek-v3,1034,216,1250
debug-cc7a6ac914214e31af09e08c9726c3ba,unknown,0,0,0
debug-ccad519ca6014b2692a93242cd2cca8c,ark/deepseek-v3,3324,836,4160
debug-ccad519ca6014b2692a93242cd2cca8c,unknown,0,0,0
debug-cf3c412f9d6b4886aefc06aa161e5f83,gpt-4-0613,3264,1453,4717
debug-cf3c412f9d6b4886aefc06aa161e5f83,unknown,0,0,0
debug-d1c41c7cbdc64938be753b3fb9f1388b,ark/deepseek-v3,1296,881,2177
debug-d1c41c7cbdc64938be753b3fb9f1388b,unknown,0,0,0
debug-d28cab208a804d62b27ffeab9503f76d,ark/deepseek-v3,2788,516,3304
debug-d28cab208a804d62b27ffeab9503f76d,unknown,0,0,0
debug-d5456ba6202c46cb89a608b147fd07b7,deepseek-chat,10,76,86
debug-d5456ba6202c46cb89a608b147fd07b7,unknown,0,0,0
debug-d731e24836a74ab2a19967c7e17a8f23,deepseek-chat,1216,415,1631
debug-d731e24836a74ab2a19967c7e17a8f23,unknown,0,0,0
debug-d7b1429f51b54fec84ac61d0fae20a88,ark/deepseek-v3,2444,3507,5951
debug-d7b1429f51b54fec84ac61d0fae20a88,unknown,0,0,0
debug-da29543ec32847929936a83c65de8264,deepseek-chat,1362,534,1896
debug-da29543ec32847929936a83c65de8264,unknown,0,0,0
debug-de7f20bba6f3440cb250752e12757228,deepseek-chat,2078,406,2484
debug-de7f20bba6f3440cb250752e12757228,unknown,0,0,0
debug-debb9e0d0a8047f9b907f5a12deea154,ark/deepseek-r1,2516,5558,8074
debug-debb9e0d0a8047f9b907f5a12deea154,unknown,0,0,0
debug-e0107e34f5c24a9a9359c3fba6fe684d,ark/deepseek-v3,5742,1283,7025
debug-e0107e34f5c24a9a9359c3fba6fe684d,unknown,0,0,0
debug-e07c33db4cdd42f69cca8d5a36e44c6c,ark/deepseek-v3,2516,520,3036
debug-e07c33db4cdd42f69cca8d5a36e44c6c,unknown,0,0,0
debug-e2c048e92de44f228b7a7e6d60063c2b,ark/deepseek-v3,17244,3445,20689
debug-e2c048e92de44f228b7a7e6d60063c2b,unknown,0,0,0
debug-e54f584965474de7989a90891b51ab7b,ark/deepseek-v3,2908,599,3507
debug-e54f584965474de7989a90891b51ab7b,unknown,0,0,0
debug-e84149dcb9984afa9973a49bfa798b6d,ark/deepseek-v3,1452,197,1649
debug-e84149dcb9984afa9973a49bfa798b6d,unknown,0,0,0
debug-ed6af733101b429182572dc6eebf9074,gpt-4-0613,1648,0,1648
debug-ed6af733101b429182572dc6eebf9074,unknown,0,0,0
debug-ef0dbfb9aff3405ea9ec70c5946854c9,ark/deepseek-v3,1372,859,2231
debug-ef0dbfb9aff3405ea9ec70c5946854c9,unknown,0,0,0
debug-f15fbd8d26384ad6b33b11e752a97168,deepseek-chat,7024,3124,10148
debug-f15fbd8d26384ad6b33b11e752a97168,unknown,0,0,0
debug-f35adde17f1c46b1a351ab132caf116c,gpt-4-0613,1588,153,1741
debug-f35adde17f1c46b1a351ab132caf116c,unknown,0,0,0
debug-f9c6646b73744d1e8927dfdb0bd318c8,ark/deepseek-v3,1288,218,1506
debug-f9c6646b73744d1e8927dfdb0bd318c8,unknown,0,0,0
decbc1042ae545b090529174f52cb6dc,ark/deepseek-v3-1,1329,825,2154
decbc1042ae545b090529174f52cb6dc,unknown,0,0,0
ded70591eefc404591a4e936d99b7757,ark/deepseek-v3,14812,2786,17598
ded70591eefc404591a4e936d99b7757,unknown,0,0,0
dee1e1d2cec1408db2bf55e8334f742f,deepseek-chat,561,215,776
dee1e1d2cec1408db2bf55e8334f742f,unknown,0,0,0
dee24bf66479475ea2f4382babe4f72b,ark/deepseek-v3,0,0,0
dee24bf66479475ea2f4382babe4f72b,unknown,0,0,0
dee46ff47e8649719d66aa3744abc2d8,ark/deepseek-v3,467,97,564
dee46ff47e8649719d66aa3744abc2d8,unknown,0,0,0
dee5e600c11a44beac86a251c99b71a4,deepseek-chat,561,206,767
dee5e600c11a44beac86a251c99b71a4,unknown,0,0,0
dee7cf4dd21d440eb20b33a9141072eb,deepseek-chat,670,322,992
dee7cf4dd21d440eb20b33a9141072eb,unknown,0,0,0
deea2e470ba24207bf60ae232cb02538,ark/deepseek-v3,1455,266,1721
deea2e470ba24207bf60ae232cb02538,unknown,0,0,0
deed3f60ab014783874fdab7dd57ae6c,unknown,0,0,0
deefa0726618473ba39f74f58f52e3a5,ark/deepseek-v3,8221,1207,9428
deefa0726618473ba39f74f58f52e3a5,unknown,0,0,0
def4c8b0cd9246eea726805a7b7abce3,ark/deepseek-v3,5855,2525,8380
def4c8b0cd9246eea726805a7b7abce3,unknown,0,0,0
def6bc13da1b4f03b428db149127379d,ark/deepseek-v3,6119,1694,7813
def6bc13da1b4f03b428db149127379d,gpt-4.1,637,18,655
def6bc13da1b4f03b428db149127379d,unknown,0,0,0
defcca6f15fa4cb1af22609e6ad92e1d,ark/deepseek-v3,467,91,558
defcca6f15fa4cb1af22609e6ad92e1d,unknown,0,0,0
defdef5df914412d97a49db7faf9edb2,deepseek-chat,2085,929,3014
defdef5df914412d97a49db7faf9edb2,unknown,0,0,0
df02ed8de6c94b8bb6d3b0be88e29dbd,ark/deepseek-v3-1,1105,493,1598
df02ed8de6c94b8bb6d3b0be88e29dbd,unknown,0,0,0
df02fd5e23db4c4e94636538c2457dae,ark/deepseek-v3,14033,2849,16882
df02fd5e23db4c4e94636538c2457dae,unknown,0,0,0
df06af64c0744c28bf850b58f655e40c,ark/deepseek-v3-1,4106,2485,6591
df06af64c0744c28bf850b58f655e40c,unknown,0,0,0
df25ba14fe184adab3e0b2783710e906,deepseek-chat,2280,751,3031
df25ba14fe184adab3e0b2783710e906,unknown,0,0,0
df2a2163c79946afbbaa5773fa66d398,ark/deepseek-v3,5858,8441,14299
df2a2163c79946afbbaa5773fa66d398,unknown,0,0,0
df2d9f78593a4e7483de83843b871d73,ark/deepseek-v3-1,1405,877,2282
df2d9f78593a4e7483de83843b871d73,unknown,0,0,0
df33c2b7ac8c467d8e3f7f92447cf2b8,deepseek-chat,973,385,1358
df33c2b7ac8c467d8e3f7f92447cf2b8,gpt-4.1,1418,318,1736
df33c2b7ac8c467d8e3f7f92447cf2b8,unknown,0,0,0
df39c32a7cc542769f283976a55e8e2f,deepseek-chat,561,221,782
df39c32a7cc542769f283976a55e8e2f,unknown,0,0,0
df3a35eb0d4b4c05827eb8d4ae2a0e3b,deepseek-chat,671,492,1163
df3a35eb0d4b4c05827eb8d4ae2a0e3b,unknown,0,0,0
df3b272fcb934efda57f120f69735e53,deepseek-chat,0,0,0
df3b272fcb934efda57f120f69735e53,unknown,0,0,0
df3fdfb53ba24318baa1a37a9b7ba214,deepseek-chat,1053,383,1436
df3fdfb53ba24318baa1a37a9b7ba214,gpt-4.1,941,28,969
df3fdfb53ba24318baa1a37a9b7ba214,unknown,0,0,0
df411177edb24b01929ccc905238ba77,ark/deepseek-v3,798,193,991
df411177edb24b01929ccc905238ba77,unknown,0,0,0
df52afb3b7c34718846fa7ff39ae0cf8,ark/deepseek-v3,1455,211,1666
df52afb3b7c34718846fa7ff39ae0cf8,unknown,0,0,0
df5532e20cb74d4ab7c92cc8ea04c7f2,deepseek-chat,1554,422,1976
df5532e20cb74d4ab7c92cc8ea04c7f2,unknown,0,0,0
df561c8fc0d342c8acec08b82b562e74,deepseek-chat,820,449,1269
df561c8fc0d342c8acec08b82b562e74,unknown,0,0,0
df59019916da46f6a13c5fba4fb32bc2,ark/deepseek-v3,465,94,559
df59019916da46f6a13c5fba4fb32bc2,unknown,0,0,0
df6197e6e68f4e80a36f3b0028491922,deepseek-chat,561,207,768
df6197e6e68f4e80a36f3b0028491922,unknown,0,0,0
df690cd80cb84d928c2a36b1a78501fb,ark/deepseek-v3,4727,908,5635
df690cd80cb84d928c2a36b1a78501fb,unknown,0,0,0
df6b042c16df4d5ea0b303006426245c,ark/deepseek-v3,467,96,563
df6b042c16df4d5ea0b303006426245c,unknown,0,0,0
df6e242b46af4ef889f2d64a263a6a72,ark/deepseek-v3,0,0,0
df6e242b46af4ef889f2d64a263a6a72,unknown,0,0,0
df741dd53d7a4c88bc5b617e18c02d01,deepseek-chat,3372,1380,4752
df741dd53d7a4c88bc5b617e18c02d01,gpt-4.1,3386,964,4350
df741dd53d7a4c88bc5b617e18c02d01,unknown,0,0,0
df75bce8bd48456c8d3b2da526df31aa,ark/deepseek-v3,7751,1932,9683
df75bce8bd48456c8d3b2da526df31aa,gpt-4.1,640,20,660
df75bce8bd48456c8d3b2da526df31aa,unknown,0,0,0
df7bfac1d3b84a459eb58f67f7c156eb,deepseek-chat,670,309,979
df7bfac1d3b84a459eb58f67f7c156eb,unknown,0,0,0
df7de89891eb4f209818cc5fe57f66ae,deepseek-chat,0,0,0
df7de89891eb4f209818cc5fe57f66ae,unknown,0,0,0
df81f5c826b34c35b6dad135d2df597b,ark/deepseek-v3,701,199,900
df81f5c826b34c35b6dad135d2df597b,unknown,0,0,0
df8ae7a01e2340b0a1bcbd9b093872a1,ark/deepseek-v3,1455,234,1689
df8ae7a01e2340b0a1bcbd9b093872a1,unknown,0,0,0
df8b86c011d3494cb89950cd57eda2b1,deepseek-chat,3488,1446,4934
df8b86c011d3494cb89950cd57eda2b1,gpt-4.1,5089,920,6009
df8b86c011d3494cb89950cd57eda2b1,unknown,0,0,0
df8cec823fb44ba987f7e94abfc81bf4,deepseek-chat,934,230,1164
df8cec823fb44ba987f7e94abfc81bf4,gpt-4.1,672,263,935
df8cec823fb44ba987f7e94abfc81bf4,unknown,0,0,0
df970aef8c924de7b6415f18c150c9a2,deepseek-chat,670,305,975
df970aef8c924de7b6415f18c150c9a2,unknown,0,0,0
df98fdae958a40fcb2ddd6ae73a60b9a,ark/deepseek-v3,30157,5709,35866
df98fdae958a40fcb2ddd6ae73a60b9a,unknown,0,0,0
dfa0300347d940ebb267eb832a138c1b,ark/deepseek-v3,6196,1796,7992
dfa0300347d940ebb267eb832a138c1b,ark/deepseek-v3-1,0,0,0
dfa0300347d940ebb267eb832a138c1b,gpt-4.1,653,29,682
dfa0300347d940ebb267eb832a138c1b,unknown,0,0,0
dfa3e66bfd0a4f5095889f935d773bd4,ark/deepseek-v3-1,1405,810,2215
dfa3e66bfd0a4f5095889f935d773bd4,unknown,0,0,0
dfa83cbc603043b797226b2d82a0d3c4,ark/deepseek-v3,2130,1066,3196
dfa83cbc603043b797226b2d82a0d3c4,unknown,0,0,0
dfab25f5f5cd40088251689e1fd05bc9,deepseek-chat,600,300,900
dfab25f5f5cd40088251689e1fd05bc9,unknown,0,0,0
dfae7f6f56c34d5bbf08c38aa409d91e,ark/deepseek-v3,1170,412,1582
dfae7f6f56c34d5bbf08c38aa409d91e,unknown,0,0,0
dfb49ab9963a432a9c70936fdc84497f,ark/deepseek-v3,13455,2555,16010
dfb49ab9963a432a9c70936fdc84497f,deepseek-chat,9494,320,9814
dfb49ab9963a432a9c70936fdc84497f,unknown,0,0,0
dfc4cb9b437f44c0848db7d153c17a80,ark/deepseek-v3,467,98,565
dfc4cb9b437f44c0848db7d153c17a80,unknown,0,0,0
dfc586fe46fe4012a4094c5bf8ad5068,deepseek-chat,892,374,1266
dfc586fe46fe4012a4094c5bf8ad5068,unknown,0,0,0
dfcf745ca828403eb6affbd72a3868ae,ark/deepseek-v3,0,0,0
dfcf745ca828403eb6affbd72a3868ae,unknown,0,0,0
dfd36efbbe484181b2e7b9dc376bd66f,deepseek-chat,939,235,1174
dfd36efbbe484181b2e7b9dc376bd66f,gpt-4.1,679,243,922
dfd36efbbe484181b2e7b9dc376bd66f,unknown,0,0,0
dfdf29bf22cf4b869589e632ac36d4c2,ark/deepseek-v3,5773,1184,6957
dfdf29bf22cf4b869589e632ac36d4c2,unknown,0,0,0
dfe43e6c7a234add943e6b548cd0e71e,deepseek-chat,837,386,1223
dfe43e6c7a234add943e6b548cd0e71e,unknown,0,0,0
dfe58d85cdf64fc6b8023034db022142,ark/deepseek-v3,467,93,560
dfe58d85cdf64fc6b8023034db022142,unknown,0,0,0
dfeeaf7207684961b307f11e99dbe1b4,ark/deepseek-v3,1455,202,1657
dfeeaf7207684961b307f11e99dbe1b4,unknown,0,0,0
dff9dd65dac44d6389bc203b97bd0788,deepseek-chat,670,323,993
dff9dd65dac44d6389bc203b97bd0788,unknown,0,0,0
dffd21fe91cc4672b5770d881aa92025,deepseek-chat,561,207,768
dffd21fe91cc4672b5770d881aa92025,unknown,0,0,0
dffdf7300fe846c2bb7d3afc9164bb09,ark/deepseek-v3,465,90,555
dffdf7300fe846c2bb7d3afc9164bb09,unknown,0,0,0
e005345b71134610bde6566dad583d00,ark/deepseek-v3,0,0,0
e005345b71134610bde6566dad583d00,unknown,0,0,0
e00725eb8335413983b83f439fbe539b,ark/deepseek-v3,1455,188,1643
e00725eb8335413983b83f439fbe539b,unknown,0,0,0
e00e51ce432444f195a867a87df9eca1,deepseek-chat,670,367,1037
e00e51ce432444f195a867a87df9eca1,unknown,0,0,0
e011b7f8fa6f4e62bcd4706dd84645c5,deepseek-chat,670,320,990
e011b7f8fa6f4e62bcd4706dd84645c5,unknown,0,0,0
e011d09955bb459bb15eb9be38162e15,deepseek-chat,2697,1040,3737
e011d09955bb459bb15eb9be38162e15,unknown,0,0,0
e018b51cdb954cdfb28571d0c0f5ac3d,unknown,0,0,0
e0194615761242d79b629fe33b8b9e2e,ark/deepseek-v3,702,403,1105
e0194615761242d79b629fe33b8b9e2e,unknown,0,0,0
e0194a80989e4d19b6a039ae6707fcbf,unknown,0,0,0
e026a2bc269147a381b4b25c55863c35,ark/deepseek-v3,1455,228,1683
e026a2bc269147a381b4b25c55863c35,unknown,0,0,0
e02a0e3c52e246dc98c582ce9f9630a7,ark/deepseek-v3,6142,1853,7995
e02a0e3c52e246dc98c582ce9f9630a7,gpt-4.1,642,23,665
e02a0e3c52e246dc98c582ce9f9630a7,unknown,0,0,0
e03626387ba6477ab0a7de974a23154e,ark/deepseek-v3,758,114,872
e03626387ba6477ab0a7de974a23154e,unknown,0,0,0
e0426dda93b24e6d91c86a718bd544ec,deepseek-chat,4159,412,4571
e0426dda93b24e6d91c86a718bd544ec,unknown,0,0,0
e0430d39e2dc45159cbf74c52f29589c,deepseek-chat,561,206,767
e0430d39e2dc45159cbf74c52f29589c,unknown,0,0,0
e043692cdc4741398aa86a5b7fa97177,ark/deepseek-v3-1,5070,1908,6978
e051495e21764a21b9578c509b2c0350,ark/deepseek-v3,467,95,562
e051495e21764a21b9578c509b2c0350,unknown,0,0,0
e051e99cbbf84c8e87b5b009837d478e,deepseek-chat,2594,1637,4231
e051e99cbbf84c8e87b5b009837d478e,unknown,0,0,0
e053099412aa4dcfbae45eb30cf95288,ark/deepseek-v3,1131,361,1492
e053099412aa4dcfbae45eb30cf95288,unknown,0,0,0
e058ad6d5d274294867f5faef4cfd877,deepseek-chat,1523,810,2333
e058ad6d5d274294867f5faef4cfd877,gpt-4.1,2210,364,2574
e058ad6d5d274294867f5faef4cfd877,unknown,0,0,0
e05a924fa321451d96029bd75baff102,ark/deepseek-v3,465,109,574
e05a924fa321451d96029bd75baff102,unknown,0,0,0
e05c608212c04befa382400b8af7382b,ark/deepseek-v3-1,0,0,0
e05c608212c04befa382400b8af7382b,unknown,0,0,0
e061224e66f84cc18ec58879c2263ce9,deepseek-chat,6448,988,7436
e061224e66f84cc18ec58879c2263ce9,unknown,0,0,0
e0698ca0d3b7494ab10b9e41aa7d2625,deepseek-chat,2803,1283,4086
e0698ca0d3b7494ab10b9e41aa7d2625,unknown,0,0,0
e06b090c2f01451a91328be7b242c9d2,ark/deepseek-v3-1,1405,932,2337
e06b090c2f01451a91328be7b242c9d2,unknown,0,0,0
e0741b810a09481e98637f8b5abae701,ark/deepseek-v3,5904,1360,7264
e0741b810a09481e98637f8b5abae701,unknown,0,0,0
e0763b8289b646b7bdfc2782ed0582c0,deepseek-chat,1055,413,1468
e0763b8289b646b7bdfc2782ed0582c0,gpt-4.1,1420,263,1683
e0763b8289b646b7bdfc2782ed0582c0,unknown,0,0,0
e07a6c0d307547a18a421e562678b898,deepseek-chat,670,341,1011
e07a6c0d307547a18a421e562678b898,gpt-4.1,943,71,1014
e07a6c0d307547a18a421e562678b898,unknown,0,0,0
e07e24544c6b49acb9e204d0c95feac1,ark/deepseek-v3-1,1405,725,2130
e07e24544c6b49acb9e204d0c95feac1,unknown,0,0,0
e08255f5c98449739595b9d320caa508,deepseek-chat,2261,707,2968
e08255f5c98449739595b9d320caa508,unknown,0,0,0
e087c620de1148fe9cd6de02f2eb00f4,deepseek-chat,670,345,1015
e087c620de1148fe9cd6de02f2eb00f4,unknown,0,0,0
e095d5adb6174898a687cf9897c22c1b,ark/deepseek-v3,6034,1580,7614
e095d5adb6174898a687cf9897c22c1b,deepseek-chat,7117,435,7552
e095d5adb6174898a687cf9897c22c1b,gpt-4.1,642,22,664
e095d5adb6174898a687cf9897c22c1b,unknown,0,0,0
e09bfa8a773148ebbc3198409c5dc78f,ark/deepseek-v3,467,97,564
e09bfa8a773148ebbc3198409c5dc78f,unknown,0,0,0
e0a6066cb59748abbd25b61df026b50d,deepseek-chat,561,207,768
e0a6066cb59748abbd25b61df026b50d,unknown,0,0,0
e0a729a785c94f87828959b4cb0ede99,deepseek-chat,2125,1596,3721
e0a729a785c94f87828959b4cb0ede99,unknown,0,0,0
e0af1ae960ef40a0a7bd91cb897d2455,ark/deepseek-v3,701,177,878
e0af1ae960ef40a0a7bd91cb897d2455,unknown,0,0,0
e0b05f254bcc48e88d3d4166884220f8,deepseek-chat,561,207,768
e0b05f254bcc48e88d3d4166884220f8,unknown,0,0,0
e0b94a9f055d46b0b0a4786c85f92fbc,ark/deepseek-v3,2309,388,2697
e0b94a9f055d46b0b0a4786c85f92fbc,unknown,0,0,0
e0bcd64b51ec473597fa2ecf93a291ea,deepseek-chat,671,465,1136
e0bcd64b51ec473597fa2ecf93a291ea,unknown,0,0,0
e0c0274c24d84f35be3f488174c672db,ark/deepseek-v3,6929,1446,8375
e0c0274c24d84f35be3f488174c672db,unknown,0,0,0
e0c3bf133d854354b9fd7ed08d49f354,ark/deepseek-v3,5347,893,6240
e0c3bf133d854354b9fd7ed08d49f354,deepseek-chat,263,634,897
e0c3bf133d854354b9fd7ed08d49f354,unknown,0,0,0
e0c3e90cb5f148b78d5028b88050ad01,ark/deepseek-v3,1455,214,1669
e0c3e90cb5f148b78d5028b88050ad01,unknown,0,0,0
e0c78e43c58c47cf8792db26c9005b41,ark/deepseek-v3,672,123,795
e0c78e43c58c47cf8792db26c9005b41,unknown,0,0,0
e0c9332c79704082b6eb46e36c41ae4c,ark/deepseek-v3,643,284,927
e0c9332c79704082b6eb46e36c41ae4c,unknown,0,0,0
e0d366f7479447cabc4732b3457ce989,ark/deepseek-v3,0,0,0
e0d366f7479447cabc4732b3457ce989,unknown,0,0,0
e0decec804544ee7b6b314f0d97b3927,deepseek-chat,561,207,768
e0decec804544ee7b6b314f0d97b3927,unknown,0,0,0
e0df9fc6f5654f1495e33a5b0fa1388f,deepseek-chat,658,319,977
e0df9fc6f5654f1495e33a5b0fa1388f,unknown,0,0,0
e0e5697032dc490d8c3b902a5b908600,deepseek-chat,2612,1073,3685
e0e5697032dc490d8c3b902a5b908600,unknown,0,0,0
e0e5a38162274f93965541d6a591de7a,ark/deepseek-v3-1,528,362,890
e0e5a38162274f93965541d6a591de7a,unknown,0,0,0
e0e6f9f182c04b8eaed47f0eb43652d8,ark/deepseek-v3,465,98,563
e0e6f9f182c04b8eaed47f0eb43652d8,unknown,0,0,0
e0f3e848190d4993b57d6dbc7ce97e71,ark/deepseek-v3,1120,294,1414
e0f3e848190d4993b57d6dbc7ce97e71,unknown,0,0,0
e0f9ca313795452dab64657881789517,ark/deepseek-v3,1213,510,1723
e0f9ca313795452dab64657881789517,deepseek-chat,6222,228,6450
e0f9ca313795452dab64657881789517,unknown,0,0,0
e0ff5c7d3a274319aebe11ffd755acf1,deepseek-chat,971,467,1438
e0ff5c7d3a274319aebe11ffd755acf1,unknown,0,0,0
e0ffa06d5ff44c2a8afd44cee3aa3b0a,ark/deepseek-v3,1091,310,1401
e0ffa06d5ff44c2a8afd44cee3aa3b0a,unknown,0,0,0
e10d0333af754da49f32f25a9f6cf9c8,ark/deepseek-v3,2396,374,2770
e10d0333af754da49f32f25a9f6cf9c8,deepseek-chat,24581,1749,26330
e10d0333af754da49f32f25a9f6cf9c8,unknown,0,0,0
e10f57d844d74f5fa2c360af5e1f44e6,ark/deepseek-v3,0,0,0
e10f57d844d74f5fa2c360af5e1f44e6,unknown,0,0,0
e112c3d6fcdf49b0ae86ab78c389f8e9,deepseek-chat,738,296,1034
e112c3d6fcdf49b0ae86ab78c389f8e9,unknown,0,0,0
e1153bc5a26b4673abb74c5b510cb084,ark/deepseek-v3,0,0,0
e1153bc5a26b4673abb74c5b510cb084,unknown,0,0,0
e119a21ddf7a44fab29f7f7f125ed49d,ark/deepseek-v3,6609,762,7371
e119a21ddf7a44fab29f7f7f125ed49d,unknown,0,0,0
e120af5c13194bc5bd8f9e9de01e329e,ark/deepseek-v3,1251,236,1487
e120af5c13194bc5bd8f9e9de01e329e,unknown,0,0,0
e12868e9ce2b49ff916ae1b53b138292,ark/kimi-k2,691,304,995
e12868e9ce2b49ff916ae1b53b138292,unknown,0,0,0
e13520366ffa42d08e5961a0d087848f,ark/deepseek-v3-1,700,299,999
e13520366ffa42d08e5961a0d087848f,unknown,0,0,0
e13955f1801b45f59cc2c493feb4a0e1,deepseek-chat,3399,1575,4974
e13955f1801b45f59cc2c493feb4a0e1,unknown,0,0,0
e13d22fbf1964203bf8178952d19c7e9,ark/deepseek-v3,1455,208,1663
e13d22fbf1964203bf8178952d19c7e9,unknown,0,0,0
e1407cecee3244bb96b42a68a5ad48be,ark/deepseek-v3,1455,240,1695
e1407cecee3244bb96b42a68a5ad48be,deepseek-chat,4426,45,4471
e1407cecee3244bb96b42a68a5ad48be,unknown,0,0,0
e1410224fca740f885944feb9394440d,deepseek-chat,905,351,1256
e1410224fca740f885944feb9394440d,unknown,0,0,0
e1478b186e56472fa45c48771b084ffc,ark/deepseek-v3,1088,336,1424
e1478b186e56472fa45c48771b084ffc,unknown,0,0,0
e14fcc77814e45ca88924a651ad6fe74,ark/deepseek-v3-1,0,0,0
e14fcc77814e45ca88924a651ad6fe74,unknown,0,0,0
e15495efb1a44da4a7c30a762bde6986,deepseek-chat,561,229,790
e15495efb1a44da4a7c30a762bde6986,unknown,0,0,0
e1566679b70040bca6f81520bd1a1757,deepseek-chat,561,207,768
e1566679b70040bca6f81520bd1a1757,unknown,0,0,0
e159be6b853e4c0e912e62fb1af32be8,ark/deepseek-v3-1,20221,5308,25529
e159be6b853e4c0e912e62fb1af32be8,unknown,0,0,0
e15aac9f204444c596984880d4a379f5,ark/kimi-k2,1599,1184,2783
e15aac9f204444c596984880d4a379f5,deepseek-chat,13778,1028,14806
e15aac9f204444c596984880d4a379f5,gpt-4.1,3857,592,4449
e15aac9f204444c596984880d4a379f5,unknown,0,0,0
e169797c68b547d9b135d69a03cf3f6a,ark/deepseek-v3-1,3163,1249,4412
e169797c68b547d9b135d69a03cf3f6a,unknown,0,0,0
e16c28ee44f34ca59f9ad5ca23ef8afb,deepseek-chat,2298,640,2938
e16c28ee44f34ca59f9ad5ca23ef8afb,unknown,0,0,0
e16f49b6c0124b3dae62ef664121fb1a,unknown,0,0,0
e16fb7e6b446480b9155ff053aa5dc76,deepseek-chat,2314,1393,3707
e16fb7e6b446480b9155ff053aa5dc76,unknown,0,0,0
e171187792d143179bd28f8e28d2da3b,ark/deepseek-v3,6693,1830,8523
e171187792d143179bd28f8e28d2da3b,gpt-4.1,644,21,665
e171187792d143179bd28f8e28d2da3b,unknown,0,0,0
e1744567a84d486ba692159c49c5e8f1,deepseek-chat,561,207,768
e1744567a84d486ba692159c49c5e8f1,unknown,0,0,0
e17a481b335b4eaca83b25445aee719e,ark/deepseek-v3,1509,625,2134
e17a481b335b4eaca83b25445aee719e,unknown,0,0,0
e17e349539a2410c9ad6af76edd7a7bc,deepseek-chat,1054,437,1491
e17e349539a2410c9ad6af76edd7a7bc,gpt-4.1,945,28,973
e17e349539a2410c9ad6af76edd7a7bc,unknown,0,0,0
e18261ed138340fa975db3d3af6fbefe,ark/deepseek-v3,5933,1579,7512
e18261ed138340fa975db3d3af6fbefe,gpt-4.1,638,28,666
e18261ed138340fa975db3d3af6fbefe,unknown,0,0,0
e18429208dba420f9ca23c45934e3938,ark/deepseek-v3,0,0,0
e18429208dba420f9ca23c45934e3938,unknown,0,0,0
e1859e73d113496798a3588730f50a2c,ark/deepseek-v3,3145,281,3426
e1859e73d113496798a3588730f50a2c,unknown,0,0,0
e18a304e952d4744a780093559eedb8a,ark/deepseek-v3,1205,531,1736
e18a304e952d4744a780093559eedb8a,unknown,0,0,0
e18fce3be98f4650850c45561e73cea5,ark/deepseek-v3,3143,301,3444
e18fce3be98f4650850c45561e73cea5,unknown,0,0,0
e19190e3d91f40818d7cdb216db8ecce,ark/deepseek-v3,3144,319,3463
e19190e3d91f40818d7cdb216db8ecce,unknown,0,0,0
e19358300a0d4bac8c53d43c1f598598,ark/deepseek-v3,4328,824,5152
e19358300a0d4bac8c53d43c1f598598,deepseek-chat,40983,8815,49798
e19358300a0d4bac8c53d43c1f598598,unknown,0,0,0
e19ab86c12474c60a6a4aea7226f1c33,deepseek-chat,2920,1091,4011
e19ab86c12474c60a6a4aea7226f1c33,gpt-4.1,1153,492,1645
e19ab86c12474c60a6a4aea7226f1c33,unknown,0,0,0
e1a6bad232c641f48bfcbdded6dc0056,deepseek-chat,864,62,926
e1a6bad232c641f48bfcbdded6dc0056,unknown,0,0,0
e1a9e41efd7b43598c3f806e3811345d,deepseek-chat,561,207,768
e1a9e41efd7b43598c3f806e3811345d,unknown,0,0,0
e1b2d0841d734b078c16610d80271a81,ark/deepseek-v3,2396,455,2851
e1b2d0841d734b078c16610d80271a81,ark/deepseek-v3-1,0,0,0
e1b2d0841d734b078c16610d80271a81,unknown,0,0,0
e1b3751119c3430c9f3057058151a27f,unknown,0,0,0
e1b437321d034e1a8b85a6c2922ac21b,ark/deepseek-v3,690,269,959
e1b437321d034e1a8b85a6c2922ac21b,deepseek-chat,12399,471,12870
e1b437321d034e1a8b85a6c2922ac21b,unknown,0,0,0
e1b8acb104d047dc80f37985d6ed9809,deepseek-chat,671,465,1136
e1b8acb104d047dc80f37985d6ed9809,unknown,0,0,0
e1bdecba990941fba3b06f9070c25e50,deepseek-chat,1389,362,1751
e1bdecba990941fba3b06f9070c25e50,gpt-4.1,2306,501,2807
e1bdecba990941fba3b06f9070c25e50,unknown,0,0,0
e1c39751b87c47508a9131225a318579,deepseek-chat,671,325,996
e1c39751b87c47508a9131225a318579,unknown,0,0,0
e1c42f2c7a5d4504977a3d27c82f362d,ark/deepseek-v3-1,1405,946,2351
e1c42f2c7a5d4504977a3d27c82f362d,unknown,0,0,0
e1d166b842e7485e96689ae3be65786e,ark/deepseek-v3,1806,825,2631
e1d166b842e7485e96689ae3be65786e,ark/deepseek-v3-1,0,0,0
e1d166b842e7485e96689ae3be65786e,unknown,0,0,0
e1d1dc20747040149e2d88de2f0f8b38,deepseek-chat,0,0,0
e1d1dc20747040149e2d88de2f0f8b38,unknown,0,0,0
e1d7f34139a24ce1adc2d77507e4f668,ark/deepseek-v3,0,0,0
e1d7f34139a24ce1adc2d77507e4f668,unknown,0,0,0
e1e151b8c2de4ccf81414068e69c31f9,ark/deepseek-v3,618,386,1004
e1e151b8c2de4ccf81414068e69c31f9,unknown,0,0,0
e1ea99c247e3466d868b1dca66fc3c1d,ark/deepseek-v3,1256,593,1849
e1ea99c247e3466d868b1dca66fc3c1d,unknown,0,0,0
e1ec7ebfddd54ca99caf6634ec494cca,ark/deepseek-v3,0,0,0
e1ec7ebfddd54ca99caf6634ec494cca,unknown,0,0,0
e1ed6789c4ef4e9a935e41497d7f5169,ark/deepseek-v3,1147,640,1787
e1ed6789c4ef4e9a935e41497d7f5169,unknown,0,0,0
e1f1d83c902a483683a5f6295e9bac40,deepseek-chat,1413,585,1998
e1f1d83c902a483683a5f6295e9bac40,unknown,0,0,0
e1f6c189ad4b403a875caf08a787f6ba,deepseek-chat,2196,1560,3756
e1f6c189ad4b403a875caf08a787f6ba,unknown,0,0,0
e1f6e04d64414fb2af34a01348be280f,deepseek-chat,2089,1388,3477
e1f6e04d64414fb2af34a01348be280f,unknown,0,0,0
e1fbea23f0e04ed883a51858de163016,ark/deepseek-v3,2253,1094,3347
e1fbea23f0e04ed883a51858de163016,unknown,0,0,0
e20222456e2f40b98ee98ae8370743a0,unknown,0,0,0
e21781b10e2e4a7596df11c0b8598b7b,deepseek-chat,671,352,1023
e21781b10e2e4a7596df11c0b8598b7b,unknown,0,0,0
e21a0216d97e41a6b5c852e1c58057f5,ark/kimi-k2,1703,186,1889
e21a0216d97e41a6b5c852e1c58057f5,gpt-4.1,3128,565,3693
e21a0216d97e41a6b5c852e1c58057f5,unknown,0,0,0
e21d81b556b44a9aa8c1a44cd5339378,ark/deepseek-v3,465,102,567
e21d81b556b44a9aa8c1a44cd5339378,unknown,0,0,0
e22cd77fc2ab485e86039b25146f0358,ark/deepseek-v3,1567,1033,2600
e22cd77fc2ab485e86039b25146f0358,unknown,0,0,0
e22d0930c34344ffafba4575a928a751,deepseek-chat,561,206,767
e22d0930c34344ffafba4575a928a751,unknown,0,0,0
e23358110fcf488696a27e12c8ef0bbb,deepseek-chat,3297,1101,4398
e23358110fcf488696a27e12c8ef0bbb,unknown,0,0,0
e23d840fffbb428c81493ee618d93d3a,ark/deepseek-v3,1323,490,1813
e23d840fffbb428c81493ee618d93d3a,unknown,0,0,0
e24347baee834a8c928883f5195b871d,ark/deepseek-v3-1,1086,234,1320
e24347baee834a8c928883f5195b871d,unknown,0,0,0
e243f29ce08b48ef86ae96fb9f48233a,ark/deepseek-v3,3144,301,3445
e243f29ce08b48ef86ae96fb9f48233a,unknown,0,0,0
e2456003a1554ba2b32d2b6131c3c51c,ark/deepseek-v3,1130,312,1442
e2456003a1554ba2b32d2b6131c3c51c,deepseek-chat,41362,3031,44393
e2456003a1554ba2b32d2b6131c3c51c,unknown,0,0,0
e247266534a24a4a8dd9d843ca84b1e8,deepseek-chat,1219,375,1594
e247266534a24a4a8dd9d843ca84b1e8,unknown,0,0,0
e249577c524f4e64bdc0d63a6397b666,ark/deepseek-v3,1819,945,2764
e249577c524f4e64bdc0d63a6397b666,unknown,0,0,0
e249b17f32294139aa1c2bb1cb229705,deepseek-chat,1390,563,1953
e249b17f32294139aa1c2bb1cb229705,unknown,0,0,0
e24a07c369e54d6ab2839cab43361275,deepseek-chat,561,206,767
e24a07c369e54d6ab2839cab43361275,unknown,0,0,0
e250b04e6a1d4bcbbea9d64a64754cc3,ark/deepseek-v3,1455,242,1697
e250b04e6a1d4bcbbea9d64a64754cc3,unknown,0,0,0
e25508b72a5d45b7a703a8bf4a0babb8,ark/deepseek-v3,2508,1126,3634
e25508b72a5d45b7a703a8bf4a0babb8,unknown,0,0,0
e2647f6f805f43558df8a2a5a0aecda4,deepseek-chat,732,317,1049
e2647f6f805f43558df8a2a5a0aecda4,unknown,0,0,0
e264ba2cb2344a12b84a855db4b700c1,deepseek-chat,907,484,1391
e264ba2cb2344a12b84a855db4b700c1,unknown,0,0,0
e2677107b7b94e74837a74327c974d52,ark/deepseek-v3,465,85,550
e2677107b7b94e74837a74327c974d52,unknown,0,0,0
e26bb176a7554a8ab2741749379bdd7d,deepseek-chat,980,457,1437
e26bb176a7554a8ab2741749379bdd7d,unknown,0,0,0
e26e37d58f5e484db6a7e5032e18485c,ark/deepseek-v3,0,0,0
e26e37d58f5e484db6a7e5032e18485c,unknown,0,0,0
e26f511e494e4b16aaa911c63129dca4,deepseek-chat,0,0,0
e26f511e494e4b16aaa911c63129dca4,unknown,0,0,0
e27c0381ddca402f83fd14a1ddbe655a,ark/deepseek-v3-1,1405,960,2365
e27c0381ddca402f83fd14a1ddbe655a,unknown,0,0,0
e27eba6d8352461fb74b2e6f6ef78343,deepseek-chat,561,221,782
e27eba6d8352461fb74b2e6f6ef78343,unknown,0,0,0
e28304f33a1c4b3d8752d3ca1bb557a9,deepseek-chat,671,482,1153
e28304f33a1c4b3d8752d3ca1bb557a9,unknown,0,0,0
e298fe2a65d948c29c90ae759c466851,ark/deepseek-v3,467,129,596
e298fe2a65d948c29c90ae759c466851,unknown,0,0,0
e29bdede692249ddb60c19abdebd7e5f,ark/deepseek-v3,1154,526,1680
e29bdede692249ddb60c19abdebd7e5f,unknown,0,0,0
e29be07f89354b8096d37ecfd3f72384,deepseek-chat,0,0,0
e29be07f89354b8096d37ecfd3f72384,unknown,0,0,0
e2a1c5a8e1314628ba546744b84fd52e,deepseek-chat,561,207,768
e2a1c5a8e1314628ba546744b84fd52e,unknown,0,0,0
e2a95eaae5f24ede9ea8ca20a898f15b,deepseek-chat,670,360,1030
e2a95eaae5f24ede9ea8ca20a898f15b,gpt-4.1,941,86,1027
e2a95eaae5f24ede9ea8ca20a898f15b,unknown,0,0,0
e2b3b7406699495a8ef11b45343808ea,ark/deepseek-v3,701,178,879
e2b3b7406699495a8ef11b45343808ea,unknown,0,0,0
e2b80d49f9884b908b15385ee5402786,ark/deepseek-v3,15396,2728,18124
e2b80d49f9884b908b15385ee5402786,deepseek-chat,5082,98,5180
e2b80d49f9884b908b15385ee5402786,unknown,0,0,0
e2c5fcdbf5db477582f2ac6fd4508be7,deepseek-chat,671,410,1081
e2c5fcdbf5db477582f2ac6fd4508be7,unknown,0,0,0
e2d087cb4dfd4d5f987228944ad6cd73,ark/deepseek-v3,1455,240,1695
e2d087cb4dfd4d5f987228944ad6cd73,unknown,0,0,0
e2d5c72efe5440f1bc6a849af8e52664,deepseek-chat,716,286,1002
e2d5c72efe5440f1bc6a849af8e52664,unknown,0,0,0
e2d6b0209190437594ca5acb3dde7348,ark/kimi-k2,886,546,1432
e2d6b0209190437594ca5acb3dde7348,unknown,0,0,0
e2dd7d0a9c854cfe93b1c9c665289a82,deepseek-chat,3291,1497,4788
e2dd7d0a9c854cfe93b1c9c665289a82,gpt-4.1,3369,827,4196
e2dd7d0a9c854cfe93b1c9c665289a82,unknown,0,0,0
e2e1cf1245b544f995d6c331a4875ffa,ark/deepseek-v3,465,95,560
e2e1cf1245b544f995d6c331a4875ffa,unknown,0,0,0
e2e257c8dcc040a9b93c15dbfa50084f,deepseek-chat,1807,683,2490
e2e257c8dcc040a9b93c15dbfa50084f,unknown,0,0,0
e2e2eba4f64b482aa2c7e68886cb41d1,ark/deepseek-v3,2981,649,3630
e2e2eba4f64b482aa2c7e68886cb41d1,unknown,0,0,0
e2f72564e5d1442b8c88fe7563bafa80,ark/deepseek-v3,701,180,881
e2f72564e5d1442b8c88fe7563bafa80,unknown,0,0,0
e2f9650874934e7fae1506072bda6642,ark/deepseek-v3,467,89,556
e2f9650874934e7fae1506072bda6642,unknown,0,0,0
e2fffb273754447f8de4af57f119eeec,ark/deepseek-v3-1,4392,652,5044
e2fffb273754447f8de4af57f119eeec,unknown,0,0,0
e3061d5c40464278919fd6f621826598,deepseek-chat,934,236,1170
e3061d5c40464278919fd6f621826598,gpt-4.1,672,261,933
e3061d5c40464278919fd6f621826598,unknown,0,0,0
e3067e27f92d4e439e9ec16240b2ea78,ark/deepseek-v3,3143,289,3432
e3067e27f92d4e439e9ec16240b2ea78,unknown,0,0,0
e308ffdc17cd4c868e9933c68d9c35ac,ark/deepseek-v3,1251,217,1468
e308ffdc17cd4c868e9933c68d9c35ac,deepseek-chat,4864,104,4968
e308ffdc17cd4c868e9933c68d9c35ac,unknown,0,0,0
e3097c9da35e4a569eae68d8da8097b0,deepseek-chat,1372,407,1779
e3097c9da35e4a569eae68d8da8097b0,unknown,0,0,0
e30a6883d09345cfbdb344b79f700203,ark/deepseek-v3,465,95,560
e30a6883d09345cfbdb344b79f700203,unknown,0,0,0
e30ad320037a402abc89a586a778f5a0,ark/deepseek-v3,8785,1041,9826
e30ad320037a402abc89a586a778f5a0,unknown,0,0,0
e30cbd87346046858645f04bf23d9ed9,ark/deepseek-v3,14036,2727,16763
e30cbd87346046858645f04bf23d9ed9,unknown,0,0,0
e30d307fc81844bb9fd485ed5f13e028,deepseek-chat,670,340,1010
e30d307fc81844bb9fd485ed5f13e028,unknown,0,0,0
e31321521c3f43d1b0f879e32822f87a,ark/deepseek-v3,3144,286,3430
e31321521c3f43d1b0f879e32822f87a,unknown,0,0,0
e31bd0d6984042c990d676e38163e7b2,deepseek-chat,671,353,1024
e31bd0d6984042c990d676e38163e7b2,unknown,0,0,0
e31ea779c82842e9a04cc1ea467bc23b,ark/deepseek-v3,1907,922,2829
e31ea779c82842e9a04cc1ea467bc23b,unknown,0,0,0
e327ee1c4d1c4355a3bf07e6977adb90,deepseek-chat,6468,1377,7845
e327ee1c4d1c4355a3bf07e6977adb90,unknown,0,0,0
e32a01bfc9114d61b53a4c21f4f129ac,ark/deepseek-v3,1837,356,2193
e32a01bfc9114d61b53a4c21f4f129ac,unknown,0,0,0
e32d00559b55461b921452007bcfc9c2,deepseek-chat,1356,584,1940
e32d00559b55461b921452007bcfc9c2,unknown,0,0,0
e32ee76f57794b529c631017754fb98c,ark/deepseek-v3,467,130,597
e32ee76f57794b529c631017754fb98c,unknown,0,0,0
e332ab818c8f4e3391861c70ed7cbccc,ark/deepseek-v3,2036,407,2443
e332ab818c8f4e3391861c70ed7cbccc,unknown,0,0,0
e334abb2218142cc9ab963a592ff239a,deepseek-chat,670,345,1015
e334abb2218142cc9ab963a592ff239a,unknown,0,0,0
e33c9caff5ed4f899cda9a1526996f66,ark/deepseek-v3,1231,646,1877
e33c9caff5ed4f899cda9a1526996f66,unknown,0,0,0
e33fbdc0f6264597843fdd77300e188d,ark/deepseek-v3,3144,293,3437
e33fbdc0f6264597843fdd77300e188d,unknown,0,0,0
e342b515b10f4c9ca122b1170491ef06,ark/deepseek-v3,0,0,0
e342b515b10f4c9ca122b1170491ef06,unknown,0,0,0
e342d9dc05fd42eeaaca1389b657d4f8,ark/deepseek-v3,6120,1913,8033
e342d9dc05fd42eeaaca1389b657d4f8,gpt-4.1,644,24,668
e342d9dc05fd42eeaaca1389b657d4f8,unknown,0,0,0
e3494c0ed6294ceeb4596a6084254f6a,ark/deepseek-v3,29463,5250,34713
e3494c0ed6294ceeb4596a6084254f6a,unknown,0,0,0
e351c0aefd254b1ca15dfb26f5af1c84,deepseek-chat,2214,1024,3238
e351c0aefd254b1ca15dfb26f5af1c84,unknown,0,0,0
e35fbe1b0aae456b82a7ffcb346ebb98,ark/kimi-k2,0,0,0
e35fbe1b0aae456b82a7ffcb346ebb98,unknown,0,0,0
e365ee3fc0d542f19aa46fcb1dd6f846,deepseek-chat,2456,804,3260
e365ee3fc0d542f19aa46fcb1dd6f846,unknown,0,0,0
e3669980eda644b6a3347579b482880d,ark/deepseek-v3,5928,1282,7210
e3669980eda644b6a3347579b482880d,unknown,0,0,0
e36d2787b0e24e6096883457722d0eab,deepseek-chat,3435,1289,4724
e36d2787b0e24e6096883457722d0eab,unknown,0,0,0
e37207b55b5c483db08ba42fe9e97fc8,ark/deepseek-v3,467,114,581
e37207b55b5c483db08ba42fe9e97fc8,unknown,0,0,0
e37ae9ada38941cfbb1f4054f83f299e,ark/deepseek-v3,6641,790,7431
e37ae9ada38941cfbb1f4054f83f299e,unknown,0,0,0
e37d893334034abab960e06decfc8401,ark/deepseek-v3,7048,1961,9009
e37d893334034abab960e06decfc8401,gpt-4.1,1921,148,2069
e37d893334034abab960e06decfc8401,unknown,0,0,0
e37ecb14420646598ef425b3370b14d1,ark/deepseek-v3,29979,5743,35722
e37ecb14420646598ef425b3370b14d1,unknown,0,0,0
e3861a3eba9f4d62a9cc7a93487ef205,ark/deepseek-v3,467,94,561
e3861a3eba9f4d62a9cc7a93487ef205,unknown,0,0,0
e387653c828f46fbbb500a8899cc8d6a,deepseek-chat,795,377,1172
e387653c828f46fbbb500a8899cc8d6a,unknown,0,0,0
e393799d73d64617b674da9c6cc60f17,ark/deepseek-v3,1089,315,1404
e393799d73d64617b674da9c6cc60f17,unknown,0,0,0
e396a1b0a0ab46f2a6c094063b72c729,ark/deepseek-v3-1,1151,554,1705
e396a1b0a0ab46f2a6c094063b72c729,unknown,0,0,0
e399e0f4be0842c7b4038453c0d967e5,ark/deepseek-v3,467,110,577
e399e0f4be0842c7b4038453c0d967e5,unknown,0,0,0
e39d7034a7ff4baea809d58a4fb9e9bc,ark/deepseek-v3,0,0,0
e39d7034a7ff4baea809d58a4fb9e9bc,unknown,0,0,0
e3a78730fe5e42b0a6836e4b28c9f89d,ark/deepseek-v3,6137,1735,7872
e3a78730fe5e42b0a6836e4b28c9f89d,gpt-4.1,639,20,659
e3a78730fe5e42b0a6836e4b28c9f89d,unknown,0,0,0
e3b27d59836744f884285227b2381fb5,ark/deepseek-v3,1176,719,1895
e3b27d59836744f884285227b2381fb5,unknown,0,0,0
e3b59e5d53b74cdab3ee2c7e90640b93,deepseek-chat,2393,902,3295
e3b59e5d53b74cdab3ee2c7e90640b93,unknown,0,0,0
e3c07a5b41b34ab3865d9f1cd0044ec8,ark/deepseek-v3,4398,284,4682
e3c07a5b41b34ab3865d9f1cd0044ec8,unknown,0,0,0
e3c685e481514bd4bdfba3ec68d85e9e,deepseek-chat,8980,1539,10519
e3c685e481514bd4bdfba3ec68d85e9e,unknown,0,0,0
e3c700688da949fe8cef643bb71f2c40,ark/deepseek-v3-1,2609,406,3015
e3c700688da949fe8cef643bb71f2c40,unknown,0,0,0
e3c94ad3c20a4c9b8aa48d13ba0de594,ark/deepseek-v3,1455,230,1685
e3c94ad3c20a4c9b8aa48d13ba0de594,unknown,0,0,0
e3d887acc6654af38b185334a65b64b7,ark/deepseek-v3,6936,874,7810
e3d887acc6654af38b185334a65b64b7,unknown,0,0,0
e3d9cb8cbd884a149c3224f5ae59d32b,ark/deepseek-v3,14037,2664,16701
e3d9cb8cbd884a149c3224f5ae59d32b,unknown,0,0,0
e3df9cf6c465447aaa757a31f57f644c,ark/deepseek-v3,933,204,1137
e3df9cf6c465447aaa757a31f57f644c,unknown,0,0,0
e3e1aee3b1ae4b7c86d33566a60cec9f,deepseek-chat,1359,618,1977
e3e1aee3b1ae4b7c86d33566a60cec9f,unknown,0,0,0
e3e891dcaf734bbc9580f98ffd7e6e39,gpt-4-0613,336,279,615
e3e891dcaf734bbc9580f98ffd7e6e39,unknown,0,0,0
e3f24fdb306847c4b1aba422f3b62913,ark/deepseek-v3,467,93,560
e3f24fdb306847c4b1aba422f3b62913,unknown,0,0,0
e3f308fd3729468d8e3bea68a539a2d7,deepseek-chat,2113,517,2630
e3f308fd3729468d8e3bea68a539a2d7,unknown,0,0,0
e3f42e98754e4144832a2f01e1f8d005,deepseek-chat,2264,1023,3287
e3f42e98754e4144832a2f01e1f8d005,unknown,0,0,0
e40158991f9141afa5c547316a4b3861,ark/deepseek-v3,467,88,555
e40158991f9141afa5c547316a4b3861,unknown,0,0,0
e402f2c908ea46d48029abbe0deb9b90,ark/deepseek-v3,467,82,549
e402f2c908ea46d48029abbe0deb9b90,unknown,0,0,0
e403a897665148fc9787ff5eab5950ca,deepseek-chat,933,245,1178
e403a897665148fc9787ff5eab5950ca,gpt-4.1,673,325,998
e403a897665148fc9787ff5eab5950ca,unknown,0,0,0
e404e478c7724bbb85835d51a7708f72,ark/deepseek-v3,5912,1384,7296
e404e478c7724bbb85835d51a7708f72,unknown,0,0,0
e41563aff02a40ce997735a9f1e5514a,ark/deepseek-v3,1251,215,1466
e41563aff02a40ce997735a9f1e5514a,unknown,0,0,0
e41f33de3a7e40d1b9cd236a45c6db2b,ark/deepseek-v3,1695,878,2573
e41f33de3a7e40d1b9cd236a45c6db2b,unknown,0,0,0
e41fa7b7a6264ad0ac3930dc1a3e6ea8,ark/deepseek-v3,467,105,572
e41fa7b7a6264ad0ac3930dc1a3e6ea8,unknown,0,0,0
e4220606f22142c882816824e0ce628d,ark/deepseek-v3,1455,202,1657
e4220606f22142c882816824e0ce628d,unknown,0,0,0
e42bb1ce33e6475fa8fe87778ba7a242,ark/deepseek-v3,3144,315,3459
e42bb1ce33e6475fa8fe87778ba7a242,unknown,0,0,0
e42ccca5822840709bb4315643b4dcf7,ark/deepseek-v3,6959,1362,8321
e42ccca5822840709bb4315643b4dcf7,unknown,0,0,0
e43ac20d03704316926fd6c275dccb01,ark/deepseek-v3-1,2583,906,3489
e43ac20d03704316926fd6c275dccb01,unknown,0,0,0
e44d463a92494bdaa34cbeb0ad110dc4,deepseek-chat,671,412,1083
e44d463a92494bdaa34cbeb0ad110dc4,unknown,0,0,0
e450ad692eca4f73889509118f7f8fac,ark/deepseek-v3,1455,181,1636
e450ad692eca4f73889509118f7f8fac,unknown,0,0,0
e450f5eeffbc48d08dfcdc0921c7b85c,deepseek-chat,1435,375,1810
e450f5eeffbc48d08dfcdc0921c7b85c,unknown,0,0,0
e45988b0287b472a84a10201afd0f839,ark/deepseek-v3,701,180,881
e45988b0287b472a84a10201afd0f839,unknown,0,0,0
e45ede97314a463f9d69c7a37a16f30c,deepseek-chat,2483,527,3010
e45ede97314a463f9d69c7a37a16f30c,unknown,0,0,0
e45f04e687774c64955b5456d5c3ad88,ark/deepseek-v3,13449,2644,16093
e45f04e687774c64955b5456d5c3ad88,unknown,0,0,0
e45f08c78f644d33b605117b1f398af0,ark/deepseek-v3,6265,1257,7522
e45f08c78f644d33b605117b1f398af0,unknown,0,0,0
e46060d566f04c48a0de429026310558,deepseek-chat,561,221,782
e46060d566f04c48a0de429026310558,unknown,0,0,0
e463d9973fe7417291fe398e42eab3c9,deepseek-chat,670,356,1026
e463d9973fe7417291fe398e42eab3c9,unknown,0,0,0
e464ba2b6de34cab985340530d8265d4,ark/deepseek-v3,701,176,877
e464ba2b6de34cab985340530d8265d4,unknown,0,0,0
e465775114c943efa7443e3933f4caac,deepseek-chat,670,345,1015
e465775114c943efa7443e3933f4caac,unknown,0,0,0
e46cfa6e8ad942c09b44e5f30db41a12,ark/deepseek-v3,467,96,563
e46cfa6e8ad942c09b44e5f30db41a12,unknown,0,0,0
e46d79cb26b149c4b130ccf60c792612,ark/deepseek-v3,712,296,1008
e46d79cb26b149c4b130ccf60c792612,unknown,0,0,0
e4716d02a8b443afa5275154aa2a56d3,deepseek-chat,911,425,1336
e4716d02a8b443afa5275154aa2a56d3,unknown,0,0,0
e47376a67685412a86f239c59d99373d,unknown,0,0,0
e48753dd84ec43e984d34fc3a44e6c2e,ark/deepseek-v3,2862,1465,4327
e48753dd84ec43e984d34fc3a44e6c2e,unknown,0,0,0
e48a68741f5043a4b405cc3bf477c482,deepseek-chat,1366,547,1913
e48a68741f5043a4b405cc3bf477c482,unknown,0,0,0
e48b92282d794aafb0d90d04c2e63527,ark/deepseek-v3,0,0,0
e48b92282d794aafb0d90d04c2e63527,unknown,0,0,0
e496ebe9f12543658a5d643d540bda19,deepseek-chat,8249,910,9159
e496ebe9f12543658a5d643d540bda19,unknown,0,0,0
e4aa32a6495b4682b82bff4400af0b64,ark/deepseek-v3,465,85,550
e4aa32a6495b4682b82bff4400af0b64,unknown,0,0,0
e4ab1b5c51f94c64bb8c24e243a00283,ark/deepseek-v3,3143,311,3454
e4ab1b5c51f94c64bb8c24e243a00283,unknown,0,0,0
e4ad59cca9984829bd0cff378657724b,ark/deepseek-v3-1,1844,730,2574
e4ad59cca9984829bd0cff378657724b,unknown,0,0,0
e4b09e55b2ec4bf8872cbf7af1a855ec,deepseek-chat,670,345,1015
e4b09e55b2ec4bf8872cbf7af1a855ec,unknown,0,0,0
e4b53010b9704b18a4190c2549450621,deepseek-chat,671,364,1035
e4b53010b9704b18a4190c2549450621,unknown,0,0,0
e4bed496efa0486e91c32b0faaf56f66,ark/deepseek-v3,1949,932,2881
e4bed496efa0486e91c32b0faaf56f66,unknown,0,0,0
e4c15ce91df8439b946d029830b1eb7a,ark/deepseek-v3-1,1405,659,2064
e4c15ce91df8439b946d029830b1eb7a,unknown,0,0,0
e4c4aed4d2234d139837b46929eabc1d,ark/deepseek-v3,758,268,1026
e4c4aed4d2234d139837b46929eabc1d,deepseek-chat,6521,260,6781
e4c4aed4d2234d139837b46929eabc1d,unknown,0,0,0
e4c9fe2fabf94faf8614eee0eb00a5ec,ark/deepseek-v3,701,178,879
e4c9fe2fabf94faf8614eee0eb00a5ec,unknown,0,0,0
e4d64f9c819d45799ca802362ef36898,ark/deepseek-v3,3144,360,3504
e4d64f9c819d45799ca802362ef36898,unknown,0,0,0
e4d8440bbf294e6e9a6b0e5c38e22d17,ark/deepseek-v3,1455,184,1639
e4d8440bbf294e6e9a6b0e5c38e22d17,unknown,0,0,0
e4e4f667919845c0846dc770d8972188,ark/deepseek-v3,467,147,614
e4e4f667919845c0846dc770d8972188,unknown,0,0,0
e4eff352214f4be586b8738bf6b21187,ark/deepseek-v3,6351,832,7183
e4eff352214f4be586b8738bf6b21187,unknown,0,0,0
e4fa56db2363425984d4241816df7a9f,ark/deepseek-v3,2713,1505,4218
e4fa56db2363425984d4241816df7a9f,unknown,0,0,0
e4fa6f5f1bd34106a39543b2e208f2ab,deepseek-chat,671,421,1092
e4fa6f5f1bd34106a39543b2e208f2ab,unknown,0,0,0
e50c53c2fdb049f393c82fd42a43a2c5,deepseek-chat,1747,840,2587
e50c53c2fdb049f393c82fd42a43a2c5,unknown,0,0,0
e50f78aa451e452d9ec18bd72afd012c,deepseek-chat,670,366,1036
e50f78aa451e452d9ec18bd72afd012c,unknown,0,0,0
e51accef2a8b4f4496432d091a9b615d,deepseek-chat,813,258,1071
e51accef2a8b4f4496432d091a9b615d,unknown,0,0,0
e51c47a566274093b02e70f762e61e3f,ark/deepseek-v3,467,86,553
e51c47a566274093b02e70f762e61e3f,unknown,0,0,0
e51fe069aab74951a1a1cc588217bf62,deepseek-chat,2163,1296,3459
e51fe069aab74951a1a1cc588217bf62,unknown,0,0,0
e525f6ca2ee44dca96b94328019da208,ark/deepseek-v3,1060,428,1488
e525f6ca2ee44dca96b94328019da208,unknown,0,0,0
e52695fcfb6e42e68a7167b400f0db61,ark/deepseek-v3,1447,616,2063
e52695fcfb6e42e68a7167b400f0db61,unknown,0,0,0
e52ea0335850477ca42ef01c7701d9df,deepseek-chat,2602,974,3576
e52ea0335850477ca42ef01c7701d9df,unknown,0,0,0
e52f3c958b5f4d1ba02848fd27671135,ark/deepseek-v3,1065,302,1367
e52f3c958b5f4d1ba02848fd27671135,unknown,0,0,0
e531b9e9d7dd40019d645046223566df,deepseek-chat,671,369,1040
e531b9e9d7dd40019d645046223566df,unknown,0,0,0
e5354333af004467b83f0fba5e0d4a11,ark/deepseek-v3,3144,299,3443
e5354333af004467b83f0fba5e0d4a11,unknown,0,0,0
e53c07a4ac464f7590e0d50c942dafea,ark/deepseek-v3-1,1127,489,1616
e53c07a4ac464f7590e0d50c942dafea,unknown,0,0,0
e540a25d8c79451eb869286168d79211,ark/deepseek-v3,467,86,553
e540a25d8c79451eb869286168d79211,unknown,0,0,0
e5425129cb884b24bc07b65329826ff3,ark/deepseek-v3-1,0,0,0
e5425129cb884b24bc07b65329826ff3,unknown,0,0,0
e54a45d74417440eac7ef8c002b7e1d9,ark/deepseek-v3,1944,400,2344
e54a45d74417440eac7ef8c002b7e1d9,unknown,0,0,0
e54c052c76834ef28418e4b7a1edb4ba,ark/deepseek-v3,1089,281,1370
e54c052c76834ef28418e4b7a1edb4ba,unknown,0,0,0
e55ce27cae6e475f854fe0a36f3786fa,ark/deepseek-v3,1170,641,1811
e55ce27cae6e475f854fe0a36f3786fa,unknown,0,0,0
e5692b3bc8a546808d812e442c827d1c,ark/deepseek-v3,5491,1254,6745
e5692b3bc8a546808d812e442c827d1c,unknown,0,0,0
e56f0b6d77624f139a641e6bff0b118a,ark/deepseek-v3,1089,316,1405
e56f0b6d77624f139a641e6bff0b118a,unknown,0,0,0
e570fc88277245708d1df2acbf7e7198,deepseek-chat,561,207,768
e570fc88277245708d1df2acbf7e7198,unknown,0,0,0
e5724bf262074688a91419c548d9a615,deepseek-chat,3345,1007,4352
e5724bf262074688a91419c548d9a615,unknown,0,0,0
e57d3b32643e44728bdae11725e9033c,ark/deepseek-v3-1,1405,719,2124
e57d3b32643e44728bdae11725e9033c,unknown,0,0,0
e5807a35b3994bfea0d44ff5d8ed2c4c,deepseek-chat,670,356,1026
e5807a35b3994bfea0d44ff5d8ed2c4c,unknown,0,0,0
e58148d947d040958487a33c3580e3b5,ark/deepseek-v3,8238,1318,9556
e58148d947d040958487a33c3580e3b5,unknown,0,0,0
e58384e01db645418f57a8fbf60dbbe0,ark/deepseek-v3,467,97,564
e58384e01db645418f57a8fbf60dbbe0,unknown,0,0,0
e58fbca898ff470998aef5553affd419,ark/deepseek-v3,1150,290,1440
e58fbca898ff470998aef5553affd419,unknown,0,0,0
e5939df6f8c546ab95cf522617da0fb3,ark/deepseek-v3-1,3132,1132,4264
e5939df6f8c546ab95cf522617da0fb3,unknown,0,0,0
e59414f4e6334494a72ea46770b7ec65,deepseek-chat,741,311,1052
e59414f4e6334494a72ea46770b7ec65,unknown,0,0,0
e595c44ecea54daaba6fda461be430b9,ark/deepseek-v3,12998,2056,15054
e595c44ecea54daaba6fda461be430b9,unknown,0,0,0
e596cd041e95436caeca94fb46bebf12,deepseek-chat,561,206,767
e596cd041e95436caeca94fb46bebf12,unknown,0,0,0
e59ed57db2224d96bfcfdb0d46825c8b,deepseek-chat,945,316,1261
e59ed57db2224d96bfcfdb0d46825c8b,unknown,0,0,0
e5abf7641e7f4ed0bc96644e4f069842,deepseek-chat,878,373,1251
e5abf7641e7f4ed0bc96644e4f069842,unknown,0,0,0
e5b48933873947808cd89fd8592b1d87,ark/deepseek-v3,8245,1722,9967
e5b48933873947808cd89fd8592b1d87,unknown,0,0,0
e5b72ecb58d94b13a86de33767c63d6b,ark/deepseek-v3,9555,1072,10627
e5b72ecb58d94b13a86de33767c63d6b,unknown,0,0,0
e5ba4941c46e4fffa21e82b524b5fcf3,deepseek-chat,0,0,0
e5ba4941c46e4fffa21e82b524b5fcf3,unknown,0,0,0
e5bbaad222304753b76c80ee2c97e98a,ark/deepseek-v3,465,94,559
e5bbaad222304753b76c80ee2c97e98a,unknown,0,0,0
e5c8a5e258274df8a9d434e0bcaa87f8,ark/deepseek-v3-1,1405,986,2391
e5c8a5e258274df8a9d434e0bcaa87f8,unknown,0,0,0
e5c8f2f92f8647d3a6ed6591a28bfcde,deepseek-chat,671,368,1039
e5c8f2f92f8647d3a6ed6591a28bfcde,unknown,0,0,0
e5d3d072df4548eb88367f73c55c2a13,ark/deepseek-v3,988,216,1204
e5d3d072df4548eb88367f73c55c2a13,unknown,0,0,0
e5d6052bc7a44393ae03150ca5d6301b,ark/deepseek-v3,758,104,862
e5d6052bc7a44393ae03150ca5d6301b,unknown,0,0,0
e5da0f40ae3544ad8bc2021b033f33c2,ark/deepseek-v3,6007,1868,7875
e5da0f40ae3544ad8bc2021b033f33c2,gpt-4.1,640,20,660
e5da0f40ae3544ad8bc2021b033f33c2,unknown,0,0,0
e5dadeb4fc814dd195aed81b0ac6bf58,deepseek-chat,5857,1526,7383
e5dadeb4fc814dd195aed81b0ac6bf58,unknown,0,0,0
e5dd7bba1a14430a9b79f18b2154c5fd,deepseek-chat,781,386,1167
e5dd7bba1a14430a9b79f18b2154c5fd,unknown,0,0,0
e601718ee0b341578e993c47840201fb,ark/deepseek-v3,3164,427,3591
e601718ee0b341578e993c47840201fb,unknown,0,0,0
e6053aa8c0c447b385e424c69f131b46,ark/deepseek-v3,2217,361,2578
e6053aa8c0c447b385e424c69f131b46,unknown,0,0,0
e60c808f53994a79919033ef5e6b4aa7,unknown,0,0,0
e60ebccdda17458baff6269b17099585,deepseek-chat,1365,380,1745
e60ebccdda17458baff6269b17099585,unknown,0,0,0
e61134c7d9554b6eb5257b01ccd08389,ark/deepseek-v3-1,4464,1710,6174
e61134c7d9554b6eb5257b01ccd08389,gpt-4.1,3135,990,4125
e61134c7d9554b6eb5257b01ccd08389,unknown,0,0,0
e61457f849a2434ebb22dae031736218,ark/deepseek-v3,5912,1332,7244
e61457f849a2434ebb22dae031736218,unknown,0,0,0
e622f28b7f2d4b6d88bed40fe35b258c,ark/deepseek-v3,14032,2400,16432
e622f28b7f2d4b6d88bed40fe35b258c,unknown,0,0,0
e63cfef2e35b4becb3f9831b14c833ea,deepseek-chat,1435,435,1870
e63cfef2e35b4becb3f9831b14c833ea,unknown,0,0,0
e64511a7ebf9471985398029401feb7b,ark/deepseek-v3,3145,326,3471
e64511a7ebf9471985398029401feb7b,unknown,0,0,0
e64d41588bef45b39700496831badc13,deepseek-chat,887,438,1325
e64d41588bef45b39700496831badc13,unknown,0,0,0
e656898347944dbd81088a2669a33f06,deepseek-chat,658,303,961
e656898347944dbd81088a2669a33f06,unknown,0,0,0
e65d36f48b8c4ca3845b00651dc2acda,deepseek-chat,1718,783,2501
e65d36f48b8c4ca3845b00651dc2acda,unknown,0,0,0
e665599b068b46ca9de8c036503a2252,deepseek-chat,2637,1429,4066
e665599b068b46ca9de8c036503a2252,unknown,0,0,0
e66da9fb577f42f9ae89b13509941533,deepseek-chat,0,0,0
e66da9fb577f42f9ae89b13509941533,unknown,0,0,0
e673d4f58d604ddfb263be57bc1aee3a,ark/deepseek-v3,1768,812,2580
e673d4f58d604ddfb263be57bc1aee3a,unknown,0,0,0
e67458ee137140f3853f033d0168f04b,deepseek-chat,8786,2002,10788
e67458ee137140f3853f033d0168f04b,unknown,0,0,0
e67f94d3e3f7409482169c8cf4f233b7,ark/deepseek-v3,612,330,942
e67f94d3e3f7409482169c8cf4f233b7,unknown,0,0,0
e68558752bcb4f4781bf3595c4b7e41e,ark/deepseek-v3,1187,485,1672
e68558752bcb4f4781bf3595c4b7e41e,unknown,0,0,0
e685b4d71ccd42c5815e5e9a51d56ce9,deepseek-chat,0,0,0
e685b4d71ccd42c5815e5e9a51d56ce9,unknown,0,0,0
e68b7a58369647b8aaa27c0a6628f8a2,deepseek-chat,910,330,1240
e68b7a58369647b8aaa27c0a6628f8a2,unknown,0,0,0
e6917f8ae0264218b5ca6a568470b33a,ark/deepseek-v3,2616,268,2884
e6917f8ae0264218b5ca6a568470b33a,unknown,0,0,0
e6941107b4eb47e79028dd6bf1a15faf,ark/deepseek-v3,13444,2623,16067
e6941107b4eb47e79028dd6bf1a15faf,unknown,0,0,0
e69e24c78c594b508c7e1f8f161bc415,deepseek-chat,1030,382,1412
e69e24c78c594b508c7e1f8f161bc415,gpt-4.1,1417,282,1699
e69e24c78c594b508c7e1f8f161bc415,unknown,0,0,0
e6a3b7da1529438d9d24c1a7d4c88260,deepseek-chat,671,395,1066
e6a3b7da1529438d9d24c1a7d4c88260,unknown,0,0,0
e6a3c82077b844d7b8e358191c71151a,ark/deepseek-v3,1455,181,1636
e6a3c82077b844d7b8e358191c71151a,unknown,0,0,0
e6b46c36412943549fa301ada35e0128,deepseek-chat,561,221,782
e6b46c36412943549fa301ada35e0128,unknown,0,0,0
e6bf313731844f7baa8fce8fc4c74199,ark/deepseek-v3,701,181,882
e6bf313731844f7baa8fce8fc4c74199,unknown,0,0,0
e6d9de92dfe0411997d148b23a466d89,ark/deepseek-v3,5469,754,6223
e6d9de92dfe0411997d148b23a466d89,unknown,0,0,0
e6db10f822e24be2a4e7e18283a19d40,ark/deepseek-v3,1234,574,1808
e6db10f822e24be2a4e7e18283a19d40,unknown,0,0,0
e6e0009a559f4c79a9d318f9efb3fba4,ark/deepseek-v3,8198,1414,9612
e6e0009a559f4c79a9d318f9efb3fba4,unknown,0,0,0
e6eb9b09399049b29e3a2a06fe69a7c1,deepseek-chat,658,288,946
e6eb9b09399049b29e3a2a06fe69a7c1,unknown,0,0,0
e6ebfef2a0434ea38d0c9c8fadbc50c6,deepseek-chat,236,1606,1842
e6ebfef2a0434ea38d0c9c8fadbc50c6,unknown,0,0,0
e6f493e98cc54dd780430e6394566336,ark/deepseek-v3,6607,769,7376
e6f493e98cc54dd780430e6394566336,unknown,0,0,0
e6f631a7f537436e8314490ff59eee0b,ark/deepseek-v3,465,92,557
e6f631a7f537436e8314490ff59eee0b,unknown,0,0,0
e7008a159ab64fafbfbaa3f8960001b7,deepseek-chat,0,0,0
e7008a159ab64fafbfbaa3f8960001b7,unknown,0,0,0
e70d7a0a19d349938cf6ea369e67504b,deepseek-chat,1120,313,1433
e70d7a0a19d349938cf6ea369e67504b,unknown,0,0,0
e70e434b4a7d4cb7a2a04d19c91e63a6,deepseek-chat,2867,848,3715
e70e434b4a7d4cb7a2a04d19c91e63a6,unknown,0,0,0
e70f9c89e96e4b34bff3a64d79d4b66f,ark/deepseek-v3,1503,807,2310
e70f9c89e96e4b34bff3a64d79d4b66f,unknown,0,0,0
e71358a2f25e49809a92ea490ea1aaed,deepseek-chat,2667,1051,3718
e71358a2f25e49809a92ea490ea1aaed,unknown,0,0,0
e71891ccee914e8e989b0256901b17f5,ark/deepseek-v3-1,2888,1041,3929
e71891ccee914e8e989b0256901b17f5,unknown,0,0,0
e7189bc4f7ba4d06b7f7779ebafce2d5,ark/deepseek-v3,0,0,0
e7189bc4f7ba4d06b7f7779ebafce2d5,unknown,0,0,0
e729f8ef2a1d42d8bddaef33f7aeb2fb,ark/deepseek-v3,758,108,866
e729f8ef2a1d42d8bddaef33f7aeb2fb,unknown,0,0,0
e72fe7f228e2466a87beb95ad5b2e5ad,deepseek-chat,1305,293,1598
e72fe7f228e2466a87beb95ad5b2e5ad,gpt-4.1,1609,269,1878
e72fe7f228e2466a87beb95ad5b2e5ad,unknown,0,0,0
e73722e0e3204fc29725bb3fa1ebca95,deepseek-chat,1340,579,1919
e73722e0e3204fc29725bb3fa1ebca95,unknown,0,0,0
e738bd2f90604b578a736b64696cc0d8,deepseek-chat,670,324,994
e738bd2f90604b578a736b64696cc0d8,unknown,0,0,0
e739d0076fe64bdfaa4e074fbe96f443,ark/deepseek-v3,701,196,897
e739d0076fe64bdfaa4e074fbe96f443,unknown,0,0,0
e73a06c1173046509508946c53394d5e,ark/deepseek-v3,1455,187,1642
e73a06c1173046509508946c53394d5e,unknown,0,0,0
e73aaabaafc34ac4aa4f2dadf1528a6b,deepseek-chat,821,379,1200
e73aaabaafc34ac4aa4f2dadf1528a6b,unknown,0,0,0
e7415fc2ebdb4e04a2ebc9fbc2d7178f,deepseek-chat,1055,387,1442
e7415fc2ebdb4e04a2ebc9fbc2d7178f,gpt-4.1,941,28,969
e7415fc2ebdb4e04a2ebc9fbc2d7178f,unknown,0,0,0
e741be978c5f420a9774a5e8ecb02e52,ark/deepseek-v3,1947,360,2307
e741be978c5f420a9774a5e8ecb02e52,unknown,0,0,0
e747b3f66a7d4f10bcaeda5ae0e0ab62,ark/deepseek-v3,5148,1682,6830
e747b3f66a7d4f10bcaeda5ae0e0ab62,gpt-4.1,1300,103,1403
e747b3f66a7d4f10bcaeda5ae0e0ab62,unknown,0,0,0
e74eed200b4e49bdb120eb3bc13d9c72,deepseek-chat,2061,761,2822
e74eed200b4e49bdb120eb3bc13d9c72,unknown,0,0,0
e750e4747a874591ba71e66794f7051a,ark/deepseek-v3-1,4398,686,5084
e750e4747a874591ba71e66794f7051a,unknown,0,0,0
e757c4f0ff0d4879b3c9add892b0767f,ark/deepseek-v3,5165,1461,6626
e757c4f0ff0d4879b3c9add892b0767f,deepseek-chat,11645,551,12196
e757c4f0ff0d4879b3c9add892b0767f,unknown,0,0,0
e75b3af8b5464b10a3b7fc0337067daa,ark/deepseek-v3,3048,1289,4337
e75b3af8b5464b10a3b7fc0337067daa,unknown,0,0,0
e75c0f47fb3f4ac4875ec7c52ea983b0,deepseek-chat,956,456,1412
e75c0f47fb3f4ac4875ec7c52ea983b0,unknown,0,0,0
e75d876c1a2e43ffb8a9c9f2ee2f3236,ark/deepseek-v3,0,0,0
e75d876c1a2e43ffb8a9c9f2ee2f3236,unknown,0,0,0
e76f1a87510548c2ae86d20d10ad65ea,ark/deepseek-v3-1,1329,973,2302
e76f1a87510548c2ae86d20d10ad65ea,unknown,0,0,0
e7724d7fc397459c9c52526fb8ca377a,deepseek-chat,2219,584,2803
e7724d7fc397459c9c52526fb8ca377a,unknown,0,0,0
e7728e3c4c3440db82d9ab8f6caabde8,deepseek-chat,815,406,1221
e7728e3c4c3440db82d9ab8f6caabde8,unknown,0,0,0
e772c816d71846ca84df1fdce4a85bec,deepseek-chat,1368,870,2238
e772c816d71846ca84df1fdce4a85bec,unknown,0,0,0
e77b37bb4732469c9f59bd081e0cd905,ark/deepseek-v3,2989,238,3227
e77b37bb4732469c9f59bd081e0cd905,unknown,0,0,0
e78080b283b14182b0dae2950c80ed50,deepseek-chat,1371,353,1724
e78080b283b14182b0dae2950c80ed50,unknown,0,0,0
e78655aa347349b3928af9c961ada551,ark/deepseek-v3,10082,1788,11870
e78655aa347349b3928af9c961ada551,unknown,0,0,0
e793b32a42b44931918be86645f4f8f3,ark/deepseek-v3,0,0,0
e793b32a42b44931918be86645f4f8f3,unknown,0,0,0
e797f3f54cae494492199e3b14c9f8c2,deepseek-chat,2281,906,3187
e797f3f54cae494492199e3b14c9f8c2,unknown,0,0,0
e7992b061b9f40569f7c60365b31146e,deepseek-chat,942,239,1181
e7992b061b9f40569f7c60365b31146e,gpt-4.1,682,268,950
e7992b061b9f40569f7c60365b31146e,unknown,0,0,0
e799e5590aa44199acde98fd2a332c1f,deepseek-chat,1197,652,1849
e799e5590aa44199acde98fd2a332c1f,unknown,0,0,0
e79c0f47f56446eababb62b8eea78587,ark/deepseek-v3,2396,421,2817
e79c0f47f56446eababb62b8eea78587,unknown,0,0,0
e7a0554a89c14723a8c46a0a26fe8ca3,deepseek-chat,670,278,948
e7a0554a89c14723a8c46a0a26fe8ca3,unknown,0,0,0
e7aeb9a1115c45b0bbab7badfb49ff8d,ark/deepseek-v3,467,95,562
e7aeb9a1115c45b0bbab7badfb49ff8d,unknown,0,0,0
e7b15f3d100846e1b9ab84f7ddf246af,unknown,0,0,0
e7b4b83e5b2f47b4999618604e807ba2,ark/deepseek-v3,1292,642,1934
e7b4b83e5b2f47b4999618604e807ba2,unknown,0,0,0
e7b84076f9754f928eca8dda410c3ea4,ark/deepseek-v3,701,195,896
e7b84076f9754f928eca8dda410c3ea4,unknown,0,0,0
e7bf9e60a2114071859b5f8bd07cb50d,ark/deepseek-v3,751,446,1197
e7bf9e60a2114071859b5f8bd07cb50d,unknown,0,0,0
e7cee8f92b0949338f98938eaf2b5823,deepseek-chat,759,236,995
e7cee8f92b0949338f98938eaf2b5823,unknown,0,0,0
e7d145a3b25147528e2e42ce78770b9f,ark/deepseek-v3,1732,842,2574
e7d145a3b25147528e2e42ce78770b9f,unknown,0,0,0
e7d937ae9d4046eb959f79c1c499f76f,ark/deepseek-v3,467,94,561
e7d937ae9d4046eb959f79c1c499f76f,unknown,0,0,0
e7daa86661054d24a7e75dd0d34d648a,ark/deepseek-v3,685,348,1033
e7daa86661054d24a7e75dd0d34d648a,unknown,0,0,0
e7dd3269757444fc9691b1167c325e21,ark/deepseek-v3,3092,463,3555
e7dd3269757444fc9691b1167c325e21,unknown,0,0,0
e7ea9f7b315f4ab6be58747f21fc5f2e,ark/deepseek-v3,2401,437,2838
e7ea9f7b315f4ab6be58747f21fc5f2e,unknown,0,0,0
e7f079412642445f9a124d1f9cd6d9a8,ark/deepseek-v3,1041,381,1422
e7f079412642445f9a124d1f9cd6d9a8,unknown,0,0,0
e7f9f502822a4243a00e6250bc3aa234,deepseek-chat,707,282,989
e7f9f502822a4243a00e6250bc3aa234,unknown,0,0,0
e7facb96549344ac98678b10c7215649,deepseek-chat,670,370,1040
e7facb96549344ac98678b10c7215649,unknown,0,0,0
e800fa12a2a44e01b5405473289f1981,deepseek-chat,2218,379,2597
e800fa12a2a44e01b5405473289f1981,unknown,0,0,0
e8040049bf5f4fff8d36dea2cb7a2e72,ark/deepseek-v3,467,94,561
e8040049bf5f4fff8d36dea2cb7a2e72,unknown,0,0,0
e8093c03f3a04428b8336107179f785d,deepseek-chat,670,276,946
e8093c03f3a04428b8336107179f785d,unknown,0,0,0
e80bc62e174044ae80f7845855651e34,deepseek-chat,5875,1898,7773
e80bc62e174044ae80f7845855651e34,unknown,0,0,0
e81712cebe054dd4ab592f10bdff7357,ark/deepseek-v3,1455,213,1668
e81712cebe054dd4ab592f10bdff7357,unknown,0,0,0
e82987db304648a48048f00203a5011e,ark/deepseek-v3-1,933,276,1209
e82987db304648a48048f00203a5011e,unknown,0,0,0
e82b1b5a2c93424c9e70bc0eddd8ab70,deepseek-chat,1038,333,1371
e82b1b5a2c93424c9e70bc0eddd8ab70,unknown,0,0,0
e83168df8eb14b3dba2214790080e37f,ark/deepseek-v3,701,193,894
e83168df8eb14b3dba2214790080e37f,unknown,0,0,0
e835a4ace2544b42b68cef5ed20f0755,ark/deepseek-v3,1089,333,1422
e835a4ace2544b42b68cef5ed20f0755,unknown,0,0,0
e8364d0d53a6470f88aa75d16da129df,ark/deepseek-v3,1837,401,2238
e8364d0d53a6470f88aa75d16da129df,unknown,0,0,0
e83bae4746c8460686a1b90e1805ceb6,deepseek-chat,818,317,1135
e83bae4746c8460686a1b90e1805ceb6,unknown,0,0,0
e83ed3a4c8ca4ed7ba2ba7d386df1db1,ark/deepseek-v3,465,94,559
e83ed3a4c8ca4ed7ba2ba7d386df1db1,unknown,0,0,0
e83ff64a2627441e86dceea19bea6cc8,deepseek-chat,1438,621,2059
e83ff64a2627441e86dceea19bea6cc8,unknown,0,0,0
e84649eed9db48809cec272bb224395c,ark/deepseek-v3,2288,984,3272
e84649eed9db48809cec272bb224395c,unknown,0,0,0
e84658473ea44f778c1bc79446e701d2,deepseek-chat,1497,412,1909
e84658473ea44f778c1bc79446e701d2,unknown,0,0,0
e847d2c38b26451185ce3427918cd304,ark/deepseek-v3,1315,609,1924
e847d2c38b26451185ce3427918cd304,unknown,0,0,0
e84b02c265834c2db8235f19c5cead0e,ark/deepseek-v3,1091,300,1391
e84b02c265834c2db8235f19c5cead0e,unknown,0,0,0
e8549527e0654f54bf8604be0bb629f6,ark/deepseek-v3,1455,220,1675
e8549527e0654f54bf8604be0bb629f6,unknown,0,0,0
e85c96548bf445e19fcc681b5656603a,deepseek-chat,3647,1294,4941
e85c96548bf445e19fcc681b5656603a,gpt-4.1,4237,897,5134
e85c96548bf445e19fcc681b5656603a,unknown,0,0,0
e860d74436464aeaa92df5563fd07d0e,deepseek-chat,1436,1181,2617
e860d74436464aeaa92df5563fd07d0e,unknown,0,0,0
e86f6f6366fa401f8a01af47fc109930,ark/deepseek-v3,0,0,0
e86f6f6366fa401f8a01af47fc109930,unknown,0,0,0
e884ecf52a714f428de33306ee3a80d1,ark/deepseek-v3,666,373,1039
e884ecf52a714f428de33306ee3a80d1,unknown,0,0,0
e88556d03b1d4781a93c1cbe994418d0,ark/deepseek-v3-1,528,259,787
e88556d03b1d4781a93c1cbe994418d0,unknown,0,0,0
e88702f59c0641859e26f4f0cfb481b2,ark/deepseek-v3,1455,266,1721
e88702f59c0641859e26f4f0cfb481b2,unknown,0,0,0
e88b892841eb4e7f8f3176029d2ebe7d,unknown,0,0,0
e8a2896b02664302bbe7ca0b38e23091,ark/deepseek-v3,1089,350,1439
e8a2896b02664302bbe7ca0b38e23091,unknown,0,0,0
e8a53b5094e8440fa97586deb02f2bb3,ark/deepseek-v3,14030,2451,16481
e8a53b5094e8440fa97586deb02f2bb3,deepseek-chat,18853,1505,20358
e8a53b5094e8440fa97586deb02f2bb3,unknown,0,0,0
e8a8b13b6dff47769f19ea32771c5b6e,ark/deepseek-v3,1089,357,1446
e8a8b13b6dff47769f19ea32771c5b6e,unknown,0,0,0
e8a8d29bf09b4174930a083b06483409,ark/deepseek-v3-1,1093,378,1471
e8a8d29bf09b4174930a083b06483409,unknown,0,0,0
e8c473610f80413fad6eefb17bac244b,ark/deepseek-v3,1061,317,1378
e8c473610f80413fad6eefb17bac244b,unknown,0,0,0
e8c54cee1701400e968842ea7d9c2b29,ark/deepseek-v3,467,93,560
e8c54cee1701400e968842ea7d9c2b29,unknown,0,0,0
e8c9e46cd2164223a3da9f8698c2a154,deepseek-chat,561,207,768
e8c9e46cd2164223a3da9f8698c2a154,unknown,0,0,0
e8d7d80063214bef80db121c60c818e4,ark/deepseek-v3-1,0,0,0
e8d7d80063214bef80db121c60c818e4,unknown,0,0,0
e8db52d5873e46ee974104c833779124,ark/deepseek-v3,3136,940,4076
e8db52d5873e46ee974104c833779124,unknown,0,0,0
e8e431f4cae9421d9e7ee167b0f6f1f2,ark/deepseek-v3,3144,295,3439
e8e431f4cae9421d9e7ee167b0f6f1f2,unknown,0,0,0
e8e698f2cac343ad87473f785a75e3f5,ark/deepseek-v3,1640,956,2596
e8e698f2cac343ad87473f785a75e3f5,unknown,0,0,0
e8ed79bdc28c4e4d91fbccf7e0a9f640,deepseek-chat,1400,887,2287
e8ed79bdc28c4e4d91fbccf7e0a9f640,unknown,0,0,0
e8f0072292744a888e43999393c5b2e9,ark/deepseek-v3,1837,365,2202
e8f0072292744a888e43999393c5b2e9,unknown,0,0,0
e8f32b5cc8044bdcbc2ba6d69282f521,ark/deepseek-v3,1091,316,1407
e8f32b5cc8044bdcbc2ba6d69282f521,unknown,0,0,0
e8f3b7f9a2bb48b0869f191d0c7686b5,deepseek-chat,1681,509,2190
e8f3b7f9a2bb48b0869f191d0c7686b5,unknown,0,0,0
e8f549d02e934587b56e3ba0425dc424,ark/deepseek-v3-1,1405,875,2280
e8f549d02e934587b56e3ba0425dc424,unknown,0,0,0
e8f5cd18814a45728fad9bbb9ec929d1,ark/deepseek-v3,2696,335,3031
e8f5cd18814a45728fad9bbb9ec929d1,unknown,0,0,0
e8f7dc7bbc804bf286ffb4eab05eebee,deepseek-chat,0,0,0
e8f7dc7bbc804bf286ffb4eab05eebee,unknown,0,0,0
e8fc054c81514dc1b63ea5764717a669,ark/deepseek-v3,1735,1045,2780
e8fc054c81514dc1b63ea5764717a669,unknown,0,0,0
e8fd116d27374718bfa80c319d991eb9,ark/deepseek-v3,5672,1130,6802
e8fd116d27374718bfa80c319d991eb9,unknown,0,0,0
e8fe431e119d4aadbc16de4e88b3f24e,ark/deepseek-v3,0,0,0
e8fe431e119d4aadbc16de4e88b3f24e,unknown,0,0,0
e9015b3dfb584cc28216bde45d7cd1ac,deepseek-chat,1192,740,1932
e9015b3dfb584cc28216bde45d7cd1ac,unknown,0,0,0
e9053b358e0a4fa6b750213f32e55361,deepseek-chat,1378,185,1563
e9053b358e0a4fa6b750213f32e55361,unknown,0,0,0
e908046592ae48caa11bfe37a0b47718,deepseek-chat,671,359,1030
e908046592ae48caa11bfe37a0b47718,unknown,0,0,0
e90efc1fd95347508ba2fa800b244f10,deepseek-chat,671,352,1023
e90efc1fd95347508ba2fa800b244f10,unknown,0,0,0
e913481615974a84a7a5738b23716b54,deepseek-chat,658,301,959
e913481615974a84a7a5738b23716b54,unknown,0,0,0
e913c23308ef4b1aadd98c722f6f104b,ark/deepseek-v3,3143,304,3447
e913c23308ef4b1aadd98c722f6f104b,unknown,0,0,0
e9142f4d75764949a9e2d2ef2887d677,deepseek-chat,0,0,0
e9142f4d75764949a9e2d2ef2887d677,unknown,0,0,0
e91a6347b62e478eb1830bc61bd5e8c5,ark/deepseek-v3,576,134,710
e91a6347b62e478eb1830bc61bd5e8c5,unknown,0,0,0
e926d9dc0772443c80a050330debb06e,ark/deepseek-v3,6213,1759,7972
e926d9dc0772443c80a050330debb06e,gpt-4.1,641,22,663
e926d9dc0772443c80a050330debb06e,unknown,0,0,0
e92ff53dda3e455598f8f763c3bb33e5,ark/deepseek-v3,0,0,0
e92ff53dda3e455598f8f763c3bb33e5,unknown,0,0,0
e934d2b4200342d7bcb5ee6177eefce4,deepseek-chat,10130,2976,13106
e934d2b4200342d7bcb5ee6177eefce4,unknown,0,0,0
e93ea04a54bd40a28cf682905df2edd9,ark/deepseek-v3,1455,228,1683
e93ea04a54bd40a28cf682905df2edd9,unknown,0,0,0
e941ee355c784718b61d366183db1279,ark/deepseek-v3,5737,853,6590
e941ee355c784718b61d366183db1279,unknown,0,0,0
e945eee29f444286bd8d920de409075f,deepseek-chat,6489,685,7174
e945eee29f444286bd8d920de409075f,unknown,0,0,0
e9504cc0e8b345ac8297db7bc8000b0c,deepseek-chat,0,0,0
e9504cc0e8b345ac8297db7bc8000b0c,unknown,0,0,0
e9570e9ff0e746718ecfd92bd2217c57,ark/deepseek-v3,685,345,1030
e9570e9ff0e746718ecfd92bd2217c57,unknown,0,0,0
e95c6f080c4d457da9f0188b96e90300,ark/deepseek-v3-1,1405,903,2308
e95c6f080c4d457da9f0188b96e90300,unknown,0,0,0
e964bb8f08604b14a8801c15eae95b97,ark/deepseek-v3-1,955,298,1253
e964bb8f08604b14a8801c15eae95b97,unknown,0,0,0
e965e3a2699b4c5581e80994862c5dc6,ark/deepseek-v3-1,528,262,790
e965e3a2699b4c5581e80994862c5dc6,unknown,0,0,0
e966de75bbd84b4a82480b7121746ce3,ark/deepseek-v3,1164,528,1692
e966de75bbd84b4a82480b7121746ce3,unknown,0,0,0
e969d74a4d6f48879af6c75c953b7928,deepseek-chat,561,206,767
e969d74a4d6f48879af6c75c953b7928,unknown,0,0,0
e96c84ef8eb541b187b8bff4b29bc6c6,ark/deepseek-v3,6431,1024,7455
e96c84ef8eb541b187b8bff4b29bc6c6,unknown,0,0,0
e96dc8b375374d20984290088acaf25b,ark/deepseek-v3,2983,591,3574
e96dc8b375374d20984290088acaf25b,unknown,0,0,0
e96fdec22e004632a0148bb7bf4465a6,deepseek-chat,2088,960,3048
e96fdec22e004632a0148bb7bf4465a6,unknown,0,0,0
e972f84e6aa44928bf5565437dc4511b,deepseek-chat,3217,1298,4515
e972f84e6aa44928bf5565437dc4511b,gpt-4.1,3341,835,4176
e972f84e6aa44928bf5565437dc4511b,unknown,0,0,0
e976844f8a394969877d17bf0034bfba,ark/deepseek-v3,467,86,553
e976844f8a394969877d17bf0034bfba,unknown,0,0,0
e977fa00278041ceb4d7bcc82945310f,deepseek-chat,0,0,0
e977fa00278041ceb4d7bcc82945310f,unknown,0,0,0
e98364fbb75f484e8ce56aa6bab8cf4f,deepseek-chat,2126,1569,3695
e98364fbb75f484e8ce56aa6bab8cf4f,unknown,0,0,0
e983746dfb5b4f1eb8670bf4dce0c456,ark/deepseek-v3,1455,199,1654
e983746dfb5b4f1eb8670bf4dce0c456,unknown,0,0,0
e9846cf276414038add51277d5f05b09,ark/deepseek-v3,467,94,561
e9846cf276414038add51277d5f05b09,unknown,0,0,0
e984be9327d84ea090d873bcf0004952,deepseek-chat,789,440,1229
e984be9327d84ea090d873bcf0004952,unknown,0,0,0
e987f9049fa847c5971a6fa1973fa5e6,ark/deepseek-v3,3441,1493,4934
e987f9049fa847c5971a6fa1973fa5e6,unknown,0,0,0
e98a9ef2394048b5aedc270e70434c84,ark/deepseek-v3,8175,1459,9634
e98a9ef2394048b5aedc270e70434c84,unknown,0,0,0
e9a672e6188744529bbe293886ad015a,ark/deepseek-v3,6015,1643,7658
e9a672e6188744529bbe293886ad015a,gpt-4.1,640,20,660
e9a672e6188744529bbe293886ad015a,unknown,0,0,0
e9b28555038241f098713bc701fe326b,ark/deepseek-v3,2523,1419,3942
e9b28555038241f098713bc701fe326b,unknown,0,0,0
e9b43776adcd418d81a371ad55ca95f8,ark/deepseek-v3-1,1405,819,2224
e9b43776adcd418d81a371ad55ca95f8,unknown,0,0,0
e9c0e2430b9647938abc3434f13e6658,ark/deepseek-v3,4320,2657,6977
e9c0e2430b9647938abc3434f13e6658,unknown,0,0,0
e9c28672073741b583cedc77755950cf,ark/deepseek-v3,38965,6301,45266
e9c28672073741b583cedc77755950cf,unknown,0,0,0
e9c3448ce3af4fa68b7177469784b7ff,deepseek-chat,561,207,768
e9c3448ce3af4fa68b7177469784b7ff,unknown,0,0,0
e9cc4e2033264ea7a718dfc1af6a6901,ark/deepseek-v3,465,94,559
e9cc4e2033264ea7a718dfc1af6a6901,unknown,0,0,0
e9ce4c52cc0a415799ac3556d263540b,deepseek-chat,940,356,1296
e9ce4c52cc0a415799ac3556d263540b,unknown,0,0,0
e9e020c7f54c488dbf188c34ba72000a,ark/deepseek-v3,1837,361,2198
e9e020c7f54c488dbf188c34ba72000a,unknown,0,0,0
e9e18bab2c4240a69a5f6a215b5be912,ark/deepseek-v3,467,97,564
e9e18bab2c4240a69a5f6a215b5be912,unknown,0,0,0
e9e2933325104ad697a0ed77fc92a951,ark/deepseek-v3-1,1405,657,2062
e9e2933325104ad697a0ed77fc92a951,unknown,0,0,0
e9ec8c06ed414252975fae23414033a8,ark/deepseek-v3,465,89,554
e9ec8c06ed414252975fae23414033a8,unknown,0,0,0
e9f0199bfdfb461e92d71b2841749afb,ark/deepseek-v3,2366,1301,3667
e9f0199bfdfb461e92d71b2841749afb,unknown,0,0,0
e9f12907ae0f4466b372f53255c83d8a,ark/deepseek-v3,2309,1201,3510
e9f12907ae0f4466b372f53255c83d8a,unknown,0,0,0
e9f6ad15f3364e64aa99a92806bedeb0,ark/kimi-k2,0,0,0
e9f6ad15f3364e64aa99a92806bedeb0,deepseek-chat,2815,1041,3856
e9f6ad15f3364e64aa99a92806bedeb0,gpt-4.1,3167,397,3564
e9f6ad15f3364e64aa99a92806bedeb0,unknown,0,0,0
e9f6e05716144cc7a070fab550a60a09,deepseek-chat,949,375,1324
e9f6e05716144cc7a070fab550a60a09,unknown,0,0,0
e9fd696cb6b546b497e892f36f438955,deepseek-chat,2642,1488,4130
e9fd696cb6b546b497e892f36f438955,unknown,0,0,0
e9fd6f6489f645aaa283605c3ab48f1a,deepseek-chat,1357,980,2337
e9fd6f6489f645aaa283605c3ab48f1a,unknown,0,0,0
ea02ab49977a4a598dbaf081025f1b78,ark/deepseek-v3-1,4620,407,5027
ea02ab49977a4a598dbaf081025f1b78,unknown,0,0,0
ea02f044205249338f89ab3194d59124,deepseek-chat,4314,1035,5349
ea02f044205249338f89ab3194d59124,unknown,0,0,0
ea0e9ab64b9e4067918ae7809ddecec3,ark/deepseek-v3,701,197,898
ea0e9ab64b9e4067918ae7809ddecec3,unknown,0,0,0
ea108b0336114910aac66008f3536be3,ark/deepseek-v3,0,0,0
ea108b0336114910aac66008f3536be3,unknown,0,0,0
ea109707572741f0b802196616e9b613,deepseek-chat,1294,289,1583
ea109707572741f0b802196616e9b613,unknown,0,0,0
ea16b69f4ab84297a0c4e88b115a7372,ark/deepseek-v3,1274,487,1761
ea16b69f4ab84297a0c4e88b115a7372,unknown,0,0,0
ea1c895b540a44ec93ad251b37202c25,deepseek-chat,2637,387,3024
ea1c895b540a44ec93ad251b37202c25,unknown,0,0,0
ea20826c5e9a4345b1b504462a6aa3ad,deepseek-chat,671,370,1041
ea20826c5e9a4345b1b504462a6aa3ad,unknown,0,0,0
ea211d24e46b456f893fef4c281d1474,ark/deepseek-v3-1,1405,791,2196
ea211d24e46b456f893fef4c281d1474,unknown,0,0,0
ea21784bfca14265bb5b89d0deda5882,deepseek-chat,780,493,1273
ea21784bfca14265bb5b89d0deda5882,unknown,0,0,0
ea29648b1ea54822bf7f3c9b1e54d999,deepseek-chat,671,349,1020
ea29648b1ea54822bf7f3c9b1e54d999,unknown,0,0,0
ea2bcc39cd5748de9a7f349694c34e82,ark/deepseek-v3,0,0,0
ea2bcc39cd5748de9a7f349694c34e82,unknown,0,0,0
ea3648eb411b478b97cfeec2a983e487,ark/deepseek-v3,758,80,838
ea3648eb411b478b97cfeec2a983e487,unknown,0,0,0
ea39f702193a4c838778f7c6caecaf2a,ark/deepseek-v3,0,0,0
ea39f702193a4c838778f7c6caecaf2a,unknown,0,0,0
ea4206bb136f417e82edea10d251b87c,deepseek-chat,951,317,1268
ea4206bb136f417e82edea10d251b87c,unknown,0,0,0
ea441fa5444442a38eda1df5df0168aa,deepseek-chat,3246,1460,4706
ea441fa5444442a38eda1df5df0168aa,gpt-4.1,3345,1001,4346
ea441fa5444442a38eda1df5df0168aa,unknown,0,0,0
ea460ce1c4c6420ca53a901cfab097ea,ark/deepseek-v3,465,118,583
ea460ce1c4c6420ca53a901cfab097ea,unknown,0,0,0
ea4624e9cda44f3e94350b87639e12a2,ark/deepseek-v3-1,1517,812,2329
ea51cc0e602446398ae678bc87a0322c,ark/deepseek-v3,6045,1839,7884
ea51cc0e602446398ae678bc87a0322c,deepseek-chat,7424,404,7828
ea51cc0e602446398ae678bc87a0322c,gpt-4.1,642,22,664
ea51cc0e602446398ae678bc87a0322c,unknown,0,0,0
ea56772fdd114b17a26b93f9ce59ca71,ark/deepseek-v3,467,93,560
ea56772fdd114b17a26b93f9ce59ca71,unknown,0,0,0
ea5a69d3d88241f0be94102fcc22a902,ark/deepseek-v3,4170,1445,5615
ea5a69d3d88241f0be94102fcc22a902,unknown,0,0,0
ea5d4f2a978d4e62a248b3ba95982df1,ark/deepseek-v3-1,1405,899,2304
ea5d4f2a978d4e62a248b3ba95982df1,unknown,0,0,0
ea60333d831e4f19ac20dfafc030cd40,ark/deepseek-v3,1253,594,1847
ea60333d831e4f19ac20dfafc030cd40,unknown,0,0,0
ea610be9b2624714b2672268a924bb37,ark/deepseek-v3,1852,937,2789
ea610be9b2624714b2672268a924bb37,unknown,0,0,0
ea61e90359234dc38574571d3dfb7884,deepseek-chat,2882,195,3077
ea61e90359234dc38574571d3dfb7884,unknown,0,0,0
ea620edfe5b54584a0fe74eed2016961,deepseek-chat,1483,493,1976
ea620edfe5b54584a0fe74eed2016961,unknown,0,0,0
ea6378b646a74f8389fa89f985720ca3,ark/deepseek-v3,467,98,565
ea6378b646a74f8389fa89f985720ca3,unknown,0,0,0
ea73826812574cd9afec8ae27f2b2e68,ark/deepseek-v3,1455,208,1663
ea73826812574cd9afec8ae27f2b2e68,unknown,0,0,0
ea781f6d64d64f84a677270495eec6ea,deepseek-chat,3731,937,4668
ea781f6d64d64f84a677270495eec6ea,gpt-4.1,3478,668,4146
ea781f6d64d64f84a677270495eec6ea,unknown,0,0,0
ea783680344c4ee090b280c4e34137bf,ark/deepseek-v3,1089,272,1361
ea783680344c4ee090b280c4e34137bf,unknown,0,0,0
ea8ea7a0c36c4720ba52374c1c10068a,ark/deepseek-v3,13457,2351,15808
ea8ea7a0c36c4720ba52374c1c10068a,unknown,0,0,0
ea8eacc762fe4c089463d6c0d737ab80,deepseek-chat,671,350,1021
ea8eacc762fe4c089463d6c0d737ab80,unknown,0,0,0
ea925174a7794e73b1d55d44042313e4,ark/deepseek-v3,2227,1017,3244
ea925174a7794e73b1d55d44042313e4,unknown,0,0,0
ea929bf1591f4a3290549743a7bbec6b,ark/deepseek-v3-1,1329,1080,2409
ea929bf1591f4a3290549743a7bbec6b,unknown,0,0,0
ea954eb4adfc4c448f908c539862efac,ark/deepseek-v3,467,97,564
ea954eb4adfc4c448f908c539862efac,unknown,0,0,0
ea975e87538c471faa249275195cf2b9,deepseek-chat,0,0,0
ea975e87538c471faa249275195cf2b9,unknown,0,0,0
ea9c09c72e1f49eca55e5ed2689610d0,deepseek-chat,835,375,1210
ea9c09c72e1f49eca55e5ed2689610d0,unknown,0,0,0
eaa0f91d688c4d7e87d8357b2d09d174,deepseek-chat,5759,1818,7577
eaa0f91d688c4d7e87d8357b2d09d174,gpt-4.1,4105,772,4877
eaa0f91d688c4d7e87d8357b2d09d174,unknown,0,0,0
eaa1bd3f5a0b4272bc6f8a0c180c295b,deepseek-chat,670,328,998
eaa1bd3f5a0b4272bc6f8a0c180c295b,unknown,0,0,0
eaacff8733924b93b49e5c93d31ede33,ark/deepseek-v3,465,90,555
eaacff8733924b93b49e5c93d31ede33,unknown,0,0,0
eaad183315c74f7abad322c8f9359aab,ark/deepseek-v3,701,177,878
eaad183315c74f7abad322c8f9359aab,unknown,0,0,0
eaae42cbccc24c92974efd69f6f4ac16,deepseek-chat,561,207,768
eaae42cbccc24c92974efd69f6f4ac16,unknown,0,0,0
eab07b5e8c0d42ffa66a04dd8df1b169,deepseek-chat,670,354,1024
eab07b5e8c0d42ffa66a04dd8df1b169,unknown,0,0,0
eab3185d326347c3bced46e28e08e483,ark/deepseek-v3-1,3745,1930,5675
eab3185d326347c3bced46e28e08e483,unknown,0,0,0
eab498f93bc14a3dbf604609944f4657,ark/deepseek-v3,2398,449,2847
eab498f93bc14a3dbf604609944f4657,unknown,0,0,0
eabd7f2a3aa446598eb6febd4e37c4bf,deepseek-chat,968,324,1292
eabd7f2a3aa446598eb6febd4e37c4bf,unknown,0,0,0
eabd8ab0d44440249a02214858de0055,deepseek-chat,878,518,1396
eabd8ab0d44440249a02214858de0055,unknown,0,0,0
eabf59bd7ddf4f2f9c4257c23a8d9a78,deepseek-chat,671,514,1185
eabf59bd7ddf4f2f9c4257c23a8d9a78,unknown,0,0,0
eac1c9564ce74c2fbd77266487fe4960,deepseek-chat,0,0,0
eac1c9564ce74c2fbd77266487fe4960,unknown,0,0,0
eac23a81db82425aa6ff21fa550f3225,ark/deepseek-v3,2319,1159,3478
eac23a81db82425aa6ff21fa550f3225,unknown,0,0,0
eac467f8afef4a50889b0a6332b090f2,ark/deepseek-v3-1,1405,778,2183
eac467f8afef4a50889b0a6332b090f2,unknown,0,0,0
eac64292d3d2420c8742e299499684d3,deepseek-chat,960,407,1367
eac64292d3d2420c8742e299499684d3,unknown,0,0,0
eacd31f787524e988d42a57cc00b4ecf,ark/deepseek-v3,4909,1327,6236
eacd31f787524e988d42a57cc00b4ecf,unknown,0,0,0
eacea285069a4b2a89a7a06295f0ad0d,ark/deepseek-v3,5954,1864,7818
eacea285069a4b2a89a7a06295f0ad0d,gpt-4.1,681,45,726
eacea285069a4b2a89a7a06295f0ad0d,unknown,0,0,0
eacfbf5a7cbe439e8295d352fcc4e0b7,ark/deepseek-v3,6616,743,7359
eacfbf5a7cbe439e8295d352fcc4e0b7,unknown,0,0,0
ead090d1f81c4329a49b42a1076b546a,deepseek-chat,0,0,0
ead090d1f81c4329a49b42a1076b546a,unknown,0,0,0
ead50d6fe5d148bb8c0949b3cf11102f,ark/deepseek-v3,701,178,879
ead50d6fe5d148bb8c0949b3cf11102f,unknown,0,0,0
ead92c2fbc6a401ebdb4a969fc70f0b4,ark/deepseek-v3,465,92,557
ead92c2fbc6a401ebdb4a969fc70f0b4,deepseek-chat,6133,202,6335
ead92c2fbc6a401ebdb4a969fc70f0b4,unknown,0,0,0
eadc8a803ab54878b906a2d4b7d0272c,ark/deepseek-v3,758,114,872
eadc8a803ab54878b906a2d4b7d0272c,unknown,0,0,0
eadf115ca756445aa0d7f4c9b56b4532,ark/deepseek-v3,465,91,556
eadf115ca756445aa0d7f4c9b56b4532,unknown,0,0,0
eae15f7ccbda4ba6ae374aa0d123b180,deepseek-chat,3588,1746,5334
eae15f7ccbda4ba6ae374aa0d123b180,unknown,0,0,0
eae1a79292604f53bea926a23bd275e4,deepseek-chat,2157,1100,3257
eae1a79292604f53bea926a23bd275e4,unknown,0,0,0
eae6629b3da84d99a0a6c6b36df4d06f,deepseek-chat,1485,289,1774
eae6629b3da84d99a0a6c6b36df4d06f,unknown,0,0,0
eaea2b5996b14816bdc27c809261aaee,ark/deepseek-v3,0,0,0
eaea2b5996b14816bdc27c809261aaee,unknown,0,0,0
eaeb66e897ce4a73aff5293c55d0fb66,deepseek-chat,1042,402,1444
eaeb66e897ce4a73aff5293c55d0fb66,gpt-4.1,1417,297,1714
eaeb66e897ce4a73aff5293c55d0fb66,unknown,0,0,0
eaeb6f34b4d242389f0f5d11a30cad0c,ark/deepseek-v3,1455,204,1659
eaeb6f34b4d242389f0f5d11a30cad0c,unknown,0,0,0
eaef50f820a5438399e9f370cc4a030c,ark/deepseek-v3,6100,1804,7904
eaef50f820a5438399e9f370cc4a030c,gpt-4.1,646,25,671
eaef50f820a5438399e9f370cc4a030c,unknown,0,0,0
eaf9eb85394247ebaf3bd24642ea165f,ark/deepseek-v3,1988,992,2980
eaf9eb85394247ebaf3bd24642ea165f,unknown,0,0,0
eb035e79522d469fb546c8212fe52e29,deepseek-chat,670,375,1045
eb035e79522d469fb546c8212fe52e29,unknown,0,0,0
eb071a2a806f45f59b3d1b85c6bfa8e7,unknown,0,0,0
eb079a0154bb4af591fae2247939ee40,deepseek-chat,2165,908,3073
eb079a0154bb4af591fae2247939ee40,unknown,0,0,0
eb2696e3aafa4f21b97a42d56cd267e1,deepseek-chat,671,420,1091
eb2696e3aafa4f21b97a42d56cd267e1,unknown,0,0,0
eb2cc99cbed24e69923cfd2d1f3b32de,deepseek-chat,0,0,0
eb2cc99cbed24e69923cfd2d1f3b32de,unknown,0,0,0
eb2e3bcece284d96809f3b22cc0fc8f6,ark/deepseek-v3,1088,297,1385
eb2e3bcece284d96809f3b22cc0fc8f6,unknown,0,0,0
eb30dd6eda6b4f90baa84b845bbe6180,ark/deepseek-v3,3668,917,4585
eb30dd6eda6b4f90baa84b845bbe6180,unknown,0,0,0
eb34ff186184429f987163557b11b2b6,deepseek-chat,670,375,1045
eb34ff186184429f987163557b11b2b6,unknown,0,0,0
eb370622254c4c5391e9f0ad4ffbcc50,ark/deepseek-v3,1455,185,1640
eb370622254c4c5391e9f0ad4ffbcc50,unknown,0,0,0
eb48dbc96dba4be7801478626fff810f,ark/deepseek-v3,467,129,596
eb48dbc96dba4be7801478626fff810f,unknown,0,0,0
eb4e7cebd7ba4ea58b8828838d645920,deepseek-chat,1364,540,1904
eb4e7cebd7ba4ea58b8828838d645920,unknown,0,0,0
eb504ae5083b42bba181d77d1f521621,deepseek-chat,1627,1189,2816
eb504ae5083b42bba181d77d1f521621,unknown,0,0,0
eb5121283ecb4e838e375879166504cb,ark/deepseek-v3,0,0,0
eb5121283ecb4e838e375879166504cb,unknown,0,0,0
eb57c4c7135641cda7381433eb365bf2,ark/deepseek-v3,467,93,560
eb57c4c7135641cda7381433eb365bf2,unknown,0,0,0
eb58b2be61964810a8f7a52dab08ceaa,deepseek-chat,3285,2025,5310
eb58b2be61964810a8f7a52dab08ceaa,unknown,0,0,0
eb59c1ad246a4133a19d80b44dfa6264,unknown,0,0,0
eb687780b6914a0485010250ebebf79a,ark/deepseek-v3,2477,1150,3627
eb687780b6914a0485010250ebebf79a,unknown,0,0,0
eb7259d939c74991ac13c03b0a73a3bd,deepseek-chat,671,505,1176
eb7259d939c74991ac13c03b0a73a3bd,unknown,0,0,0
eb76ab8594fe4a49a1eccbf245366a5b,ark/deepseek-v3,8195,1278,9473
eb76ab8594fe4a49a1eccbf245366a5b,deepseek-chat,550,814,1364
eb76ab8594fe4a49a1eccbf245366a5b,unknown,0,0,0
eb7dca223497414aacd4dec3df613631,gpt-4.1,774,95,869
eb7dca223497414aacd4dec3df613631,unknown,0,0,0
eb81b1474b794f7e88781bed860c72fe,ark/deepseek-v3,8273,1246,9519
eb81b1474b794f7e88781bed860c72fe,unknown,0,0,0
eb85c5a4d6f24bfca19f1c2e7c0af58c,ark/deepseek-v3,1741,1095,2836
eb85c5a4d6f24bfca19f1c2e7c0af58c,unknown,0,0,0
eb8ae1fc383c46c7ae8e9d391a064820,ark/deepseek-v3,2401,448,2849
eb8ae1fc383c46c7ae8e9d391a064820,unknown,0,0,0
eb93923e087e40559d835e9f1f43e5c6,ark/deepseek-v3,1849,230,2079
eb93923e087e40559d835e9f1f43e5c6,unknown,0,0,0
eb97b9b511fc42f490dc45580590d960,deepseek-chat,6580,3208,9788
eb97b9b511fc42f490dc45580590d960,gpt-4.1,5647,1125,6772
eb97b9b511fc42f490dc45580590d960,unknown,0,0,0
eb980ec8b0114c18908dec8abcb78920,ark/deepseek-v3,467,91,558
eb980ec8b0114c18908dec8abcb78920,unknown,0,0,0
eb98ce24244748daabbba1ff41323bc5,ark/deepseek-v3,6431,1071,7502
eb98ce24244748daabbba1ff41323bc5,unknown,0,0,0
eb9ba679c71d4055b138b7d8dfb2c503,ark/deepseek-v3,1455,201,1656
eb9ba679c71d4055b138b7d8dfb2c503,deepseek-chat,205,195,400
eb9ba679c71d4055b138b7d8dfb2c503,unknown,0,0,0
eb9bcc38e18646e9a93a64bf23225311,ark/deepseek-v3,693,341,1034
eb9bcc38e18646e9a93a64bf23225311,unknown,0,0,0
eb9f6dd1a7144a1bbc33ec5365b82edf,deepseek-chat,561,207,768
eb9f6dd1a7144a1bbc33ec5365b82edf,unknown,0,0,0
eba9563383464432b9cefa10d404944e,ark/deepseek-v3,1656,235,1891
eba9563383464432b9cefa10d404944e,unknown,0,0,0
eba9baccb32e470e91730bc00fe3b902,ark/deepseek-v3,467,83,550
eba9baccb32e470e91730bc00fe3b902,unknown,0,0,0
ebab1cfa1c7c4459a54f80c44437ad12,ark/deepseek-v3,711,118,829
ebab1cfa1c7c4459a54f80c44437ad12,unknown,0,0,0
ebac13e0b9e24d34bb5064124ba83c79,ark/deepseek-v3,1785,636,2421
ebac13e0b9e24d34bb5064124ba83c79,unknown,0,0,0
ebafaac21e1d40acb1292b0a926ec520,ark/deepseek-v3,609,248,857
ebafaac21e1d40acb1292b0a926ec520,unknown,0,0,0
ebb7f525b3cd4a04a7a8aa191f259e40,ark/deepseek-v3,467,92,559
ebb7f525b3cd4a04a7a8aa191f259e40,unknown,0,0,0
ebbc5357b4b04a07be86414612c1ea86,deepseek-chat,671,389,1060
ebbc5357b4b04a07be86414612c1ea86,unknown,0,0,0
ebbce5f59c5649b8a2724eb54e8651d9,ark/deepseek-v3,833,149,982
ebbce5f59c5649b8a2724eb54e8651d9,unknown,0,0,0
ebc0bdd29de64568b4a57bda0e8ac898,deepseek-chat,1438,1162,2600
ebc0bdd29de64568b4a57bda0e8ac898,unknown,0,0,0
ebca3994d99f47b8a8e3ca395fd6d984,ark/deepseek-v3-1,961,291,1252
ebca3994d99f47b8a8e3ca395fd6d984,unknown,0,0,0
ebce5fb0c81445299c87976a09078b98,ark/deepseek-v3,465,97,562
ebce5fb0c81445299c87976a09078b98,unknown,0,0,0
ebd6e3476d3f4edc9c47ec844539fd2a,ark/deepseek-v3,2177,1083,3260
ebd6e3476d3f4edc9c47ec844539fd2a,unknown,0,0,0
ebd77382f9c54620b5669ec68814ec88,deepseek-chat,671,359,1030
ebd77382f9c54620b5669ec68814ec88,unknown,0,0,0
ebdb23c54aa64effba615648e42d5398,deepseek-chat,1315,285,1600
ebdb23c54aa64effba615648e42d5398,gpt-4.1,1623,291,1914
ebdb23c54aa64effba615648e42d5398,unknown,0,0,0
ebe80ce11bac4575922ff4594b38ccd9,deepseek-chat,3254,1479,4733
ebe80ce11bac4575922ff4594b38ccd9,gpt-4.1,3350,866,4216
ebe80ce11bac4575922ff4594b38ccd9,unknown,0,0,0
ebf20ffe0b524420a3e69c4ec3bc26a6,ark/deepseek-v3,467,104,571
ebf20ffe0b524420a3e69c4ec3bc26a6,unknown,0,0,0
ebf71374d9b64b94a621c24f1c6fb943,ark/deepseek-v3,5735,1148,6883
ebf71374d9b64b94a621c24f1c6fb943,deepseek-chat,6258,232,6490
ebf71374d9b64b94a621c24f1c6fb943,unknown,0,0,0
ebf825a563eb4924b72af4131350f51f,ark/deepseek-v3,5659,1125,6784
ebf825a563eb4924b72af4131350f51f,unknown,0,0,0
ebfd640e2cbd45198bce3e9ca742744c,ark/deepseek-v3,467,96,563
ebfd640e2cbd45198bce3e9ca742744c,unknown,0,0,0
ec00800b28144065976fa7e2e2850560,gpt-4o-mini,1546,320,1866
ec00800b28144065976fa7e2e2850560,unknown,0,0,0
ec016242c0ca452c840b6fce1ef77455,deepseek-chat,802,317,1119
ec016242c0ca452c840b6fce1ef77455,unknown,0,0,0
ec12ba16bc2e402bb779b07681b2a5a6,ark/deepseek-v3,1455,250,1705
ec12ba16bc2e402bb779b07681b2a5a6,unknown,0,0,0
ec13bf4f3fba4c34929091430c230870,ark/deepseek-v3,3144,281,3425
ec13bf4f3fba4c34929091430c230870,unknown,0,0,0
ec177a2ff107402b8e06ee88ec766b25,deepseek-chat,1392,701,2093
ec177a2ff107402b8e06ee88ec766b25,unknown,0,0,0
ec1868b299a24cd3bb22d796bef3d7cd,deepseek-chat,2852,1127,3979
ec1868b299a24cd3bb22d796bef3d7cd,unknown,0,0,0
ec293ed8cbf64d8489b69535fa1c061d,deepseek-chat,0,0,0
ec293ed8cbf64d8489b69535fa1c061d,unknown,0,0,0
ec31ed641cf5439cb8fbe62b74d33951,deepseek-chat,671,381,1052
ec31ed641cf5439cb8fbe62b74d33951,unknown,0,0,0
ec34188257ae45ba9559afc30f30129f,ark/deepseek-v3,1455,206,1661
ec34188257ae45ba9559afc30f30129f,unknown,0,0,0
ec4801879593478ca1da89f6ac137d8a,ark/deepseek-v3,3996,755,4751
ec4801879593478ca1da89f6ac137d8a,unknown,0,0,0
ec4803cc11004317b8e239fb9cb2d139,ark/deepseek-v3,679,286,965
ec4803cc11004317b8e239fb9cb2d139,unknown,0,0,0
ec4e3e02ea1442c39ab51286aa898cae,deepseek-chat,1545,400,1945
ec4e3e02ea1442c39ab51286aa898cae,unknown,0,0,0
ec5aa1adc83c4148bcb4e0a173a745a4,ark/deepseek-v3,14657,2777,17434
ec5aa1adc83c4148bcb4e0a173a745a4,unknown,0,0,0
ec5ad36ae9654cea98aa7a2d8e144a97,ark/deepseek-v3,0,0,0
ec5ad36ae9654cea98aa7a2d8e144a97,unknown,0,0,0
ec5ea44d5ee141988ee890fa1bfa22b8,deepseek-chat,1006,533,1539
ec5ea44d5ee141988ee890fa1bfa22b8,unknown,0,0,0
ec5eba61eff4453fb3f84fa1adff451f,deepseek-chat,887,434,1321
ec5eba61eff4453fb3f84fa1adff451f,unknown,0,0,0
ec6466a0b03d4c589278a2310c37e8dc,unknown,0,0,0
ec6c654fdfdc4b07a37a30645006838b,ark/deepseek-v3,0,0,0
ec6c654fdfdc4b07a37a30645006838b,unknown,0,0,0
ec6f1a86824d496ab50afa540eee52f9,deepseek-chat,0,0,0
ec6f1a86824d496ab50afa540eee52f9,unknown,0,0,0
ec742f51bbc24360b072ef27d1c93fbd,ark/deepseek-v3,701,200,901
ec742f51bbc24360b072ef27d1c93fbd,unknown,0,0,0
ec78df534629416092a6705129a34d57,ark/deepseek-v3,2792,1345,4137
ec78df534629416092a6705129a34d57,unknown,0,0,0
ec7dd19b5c7c45d38a577a195934bee0,ark/deepseek-v3,5984,759,6743
ec7dd19b5c7c45d38a577a195934bee0,unknown,0,0,0
ec7e21656c064940a5170673aa71c037,ark/deepseek-v3-1,1892,1085,2977
ec7e21656c064940a5170673aa71c037,gpt-4.1,1063,29,1092
ec7e21656c064940a5170673aa71c037,unknown,0,0,0
ec8e0cd7a1984e15805817e97c25f78c,ark/deepseek-v3,467,94,561
ec8e0cd7a1984e15805817e97c25f78c,unknown,0,0,0
ec8e1b3f97d24494aa4e20740d1a14ac,ark/deepseek-v3,933,203,1136
ec8e1b3f97d24494aa4e20740d1a14ac,unknown,0,0,0
ec9393fee7bd4b6eb2fff81e37938b68,ark/deepseek-v3,3145,274,3419
ec9393fee7bd4b6eb2fff81e37938b68,unknown,0,0,0
ec9b8a19664c43a2b7f4dcba1e902aa3,deepseek-chat,2853,1387,4240
ec9b8a19664c43a2b7f4dcba1e902aa3,unknown,0,0,0
eca2b2b67fbe4caeb1dea0cce29f0462,deepseek-chat,561,209,770
eca2b2b67fbe4caeb1dea0cce29f0462,unknown,0,0,0
eca40c31cefd42acba655b51f7c219a8,deepseek-chat,561,207,768
eca40c31cefd42acba655b51f7c219a8,unknown,0,0,0
eca423d799644b11be581dec0f814c1f,deepseek-chat,670,344,1014
eca423d799644b11be581dec0f814c1f,unknown,0,0,0
eca7a07a3289423ca5262281271f7907,ark/deepseek-v3,2223,1211,3434
eca7a07a3289423ca5262281271f7907,unknown,0,0,0
ecaa295894cb42d28f003545ae673a18,ark/deepseek-v3,617,252,869
ecaa295894cb42d28f003545ae673a18,unknown,0,0,0
ecb609276fdb41d485d483dd0608ebda,ark/deepseek-v3,1088,294,1382
ecb609276fdb41d485d483dd0608ebda,unknown,0,0,0
ecb6f1d1dbc946bf96a2c9da8f8525b5,deepseek-chat,1389,395,1784
ecb6f1d1dbc946bf96a2c9da8f8525b5,unknown,0,0,0
ecb8a67e9b7d4eb1a744afcefb955c51,ark/deepseek-v3-1,11809,1449,13258
ecb8a67e9b7d4eb1a744afcefb955c51,unknown,0,0,0
ecb90bd6a317453994e4e95404845ed8,unknown,0,0,0
ecbf78e540184b3684a9fd9b222f0215,deepseek-chat,2111,1212,3323
ecbf78e540184b3684a9fd9b222f0215,unknown,0,0,0
eccb88dc499a4a27a90917af3311fa54,ark/deepseek-v3,1089,302,1391
eccb88dc499a4a27a90917af3311fa54,unknown,0,0,0
eccfa4ed211644268f7f2761db0b1ad3,ark/deepseek-v3,624,297,921
eccfa4ed211644268f7f2761db0b1ad3,unknown,0,0,0
ece4fa23bc12407bbeedb7be4e6c663b,ark/deepseek-v3-1,1405,877,2282
ece4fa23bc12407bbeedb7be4e6c663b,unknown,0,0,0
ecedc49e11dd42129a63f5653df24df0,ark/deepseek-v3,0,0,0
ecedc49e11dd42129a63f5653df24df0,unknown,0,0,0
ecee88398d0947d792666c1d30fc7b32,ark/deepseek-v3,5877,395,6272
ecee88398d0947d792666c1d30fc7b32,unknown,0,0,0
ecf43de53c9d4c44aa9e1a4528fe8320,deepseek-chat,1054,434,1488
ecf43de53c9d4c44aa9e1a4528fe8320,gpt-4.1,940,27,967
ecf43de53c9d4c44aa9e1a4528fe8320,unknown,0,0,0
ecfb12b9f1a5456db7aa5e223577512b,ark/deepseek-v3,467,97,564
ecfb12b9f1a5456db7aa5e223577512b,unknown,0,0,0
ecfebcf122ae41f6b9a0826ef2274690,ark/deepseek-v3-1,4095,377,4472
ecfebcf122ae41f6b9a0826ef2274690,unknown,0,0,0
ed082087b2044a8ab8c67a7b2627dc2b,ark/deepseek-v3,467,97,564
ed082087b2044a8ab8c67a7b2627dc2b,unknown,0,0,0
ed1ab2ddc5a04b3bb8fcc7a92e763013,ark/deepseek-v3,1717,1043,2760
ed1ab2ddc5a04b3bb8fcc7a92e763013,unknown,0,0,0
ed20e18454c546b1b23fe666c878a89d,ark/deepseek-v3,0,0,0
ed20e18454c546b1b23fe666c878a89d,unknown,0,0,0
ed215933886c46eabf7d4659cf1c007c,ark/deepseek-v3-1,1749,875,2624
ed215933886c46eabf7d4659cf1c007c,unknown,0,0,0
ed3d3adad1654b4d869bfa5a92bb5c94,ark/deepseek-v3,14007,2489,16496
ed3d3adad1654b4d869bfa5a92bb5c94,unknown,0,0,0
ed4892da28694844b5975167ea933f62,deepseek-chat,561,207,768
ed4892da28694844b5975167ea933f62,unknown,0,0,0
ed4d8ea663a54856b12b91598dc70b31,deepseek-chat,1307,323,1630
ed4d8ea663a54856b12b91598dc70b31,gpt-4.1,1614,298,1912
ed4d8ea663a54856b12b91598dc70b31,unknown,0,0,0
ed520de1018c491285bec66ebb4eeb6e,ark/deepseek-v3,0,0,0
ed520de1018c491285bec66ebb4eeb6e,unknown,0,0,0
ed590e57c25e40e0a09f4074cbe5b746,deepseek-chat,0,0,0
ed590e57c25e40e0a09f4074cbe5b746,unknown,0,0,0
ed5b7db1efcc46e09fc1a7155f6ca0ad,ark/deepseek-v3,467,94,561
ed5b7db1efcc46e09fc1a7155f6ca0ad,unknown,0,0,0
ed5c338991c34301a92ba858cc32b7ec,deepseek-chat,13110,751,13861
ed5c338991c34301a92ba858cc32b7ec,gpt-4.1,1886,130,2016
ed5c338991c34301a92ba858cc32b7ec,unknown,0,0,0
ed5d41f78b9a4f748d12197848fb7069,ark/deepseek-v3,1089,366,1455
ed5d41f78b9a4f748d12197848fb7069,unknown,0,0,0
ed6256640cbf43e5bdcbb078049431dc,deepseek-chat,561,220,781
ed6256640cbf43e5bdcbb078049431dc,unknown,0,0,0
ed63e31ee8cb4cde83e33e4dfb418085,deepseek-chat,1215,417,1632
ed63e31ee8cb4cde83e33e4dfb418085,unknown,0,0,0
ed67b0e86c794deb87a5957772aa390d,ark/deepseek-v3,701,196,897
ed67b0e86c794deb87a5957772aa390d,unknown,0,0,0
ed69150e1334456e938c42575cdf6100,deepseek-chat,1584,275,1859
ed69150e1334456e938c42575cdf6100,unknown,0,0,0
ed6cdc2b20974bf48dd643de787fb51b,ark/deepseek-v3,14045,2756,16801
ed6cdc2b20974bf48dd643de787fb51b,unknown,0,0,0
ed6f2702308f482c9813442bedabe97e,deepseek-chat,954,308,1262
ed6f2702308f482c9813442bedabe97e,unknown,0,0,0
ed739a5f939f4e8db6a97e1f34a36ff8,ark/deepseek-v3,467,92,559
ed739a5f939f4e8db6a97e1f34a36ff8,unknown,0,0,0
ed759583c9bc40c8a1f136473b00eab9,ark/deepseek-v3-1,1405,781,2186
ed759583c9bc40c8a1f136473b00eab9,unknown,0,0,0
ed8211db6d6440d6acbc026cae954720,ark/deepseek-v3,5651,1133,6784
ed8211db6d6440d6acbc026cae954720,unknown,0,0,0
ed822849a77b42e8a3db88b93f9ba48b,ark/deepseek-v3,5968,1276,7244
ed822849a77b42e8a3db88b93f9ba48b,unknown,0,0,0
ed85e7e2ee5747a7a4658f36aa96d65f,deepseek-chat,856,475,1331
ed85e7e2ee5747a7a4658f36aa96d65f,unknown,0,0,0
ed8b19cfe80a442b9925480b21a8f77b,ark/deepseek-v3,3089,248,3337
ed8b19cfe80a442b9925480b21a8f77b,unknown,0,0,0
ed8f25734ef340bdbffa4b0e43b88e31,deepseek-chat,561,207,768
ed8f25734ef340bdbffa4b0e43b88e31,unknown,0,0,0
ed9a7a3dd4294e0caab65e93be7fe636,deepseek-chat,561,207,768
ed9a7a3dd4294e0caab65e93be7fe636,unknown,0,0,0
ed9c746ccdcb419185abfc896749e9d2,ark/deepseek-v3-1,1405,846,2251
ed9c746ccdcb419185abfc896749e9d2,unknown,0,0,0
eda9d0cea2964c4e8735bdd42fcfb3a8,deepseek-chat,561,207,768
eda9d0cea2964c4e8735bdd42fcfb3a8,unknown,0,0,0
edaa606069584fb0b985301894da2f93,ark/deepseek-v3,1837,404,2241
edaa606069584fb0b985301894da2f93,unknown,0,0,0
edb51beb673a4f099d8a8736d6d66815,ark/deepseek-v3,1455,209,1664
edb51beb673a4f099d8a8736d6d66815,unknown,0,0,0
edb53f8d3ec24e6d9ff21fb08ec26d1d,ark/deepseek-v3,6971,1421,8392
edb53f8d3ec24e6d9ff21fb08ec26d1d,unknown,0,0,0
edb9ed1dbdc14c2cbeb250c27f6d4a75,ark/deepseek-v3,1455,248,1703
edb9ed1dbdc14c2cbeb250c27f6d4a75,unknown,0,0,0
edba08b37c314cdc834de881f8b7cb18,ark/deepseek-v3,701,193,894
edba08b37c314cdc834de881f8b7cb18,unknown,0,0,0
edd2666b23b94479b3294fd8a6487235,unknown,597,368,965
edda4046eb664e87bccf590cbf3d47fb,deepseek-chat,1408,563,1971
edda4046eb664e87bccf590cbf3d47fb,unknown,0,0,0
edda5be5a8bb4dc28e63da1971e52e1b,ark/deepseek-v3,606,309,915
edda5be5a8bb4dc28e63da1971e52e1b,unknown,0,0,0
eddf18c1e36244f684a9302432b22a80,ark/deepseek-v3,467,91,558
eddf18c1e36244f684a9302432b22a80,unknown,0,0,0
ede9bdcbd9c2446696209e38e8a1e3ea,ark/deepseek-v3,1392,313,1705
ede9bdcbd9c2446696209e38e8a1e3ea,unknown,0,0,0
edeea6e8813f45e7b1753488029bd8e3,ark/deepseek-v3,6951,1571,8522
edeea6e8813f45e7b1753488029bd8e3,unknown,0,0,0
edf01e38f0bc4a5e88e926086243475f,ark/deepseek-v3,6607,714,7321
edf01e38f0bc4a5e88e926086243475f,deepseek-chat,2341,1341,3682
edf01e38f0bc4a5e88e926086243475f,unknown,0,0,0
edf54114e81d48dc834e3def5f976b92,deepseek-chat,0,0,0
edf54114e81d48dc834e3def5f976b92,unknown,0,0,0
edfc8d6d1c094e13999e058d34c2bde7,ark/deepseek-v3,3653,880,4533
edfc8d6d1c094e13999e058d34c2bde7,unknown,0,0,0
ee05d4ffa4ff4a408fc40fed08ce7f91,ark/deepseek-v3,6981,1529,8510
ee05d4ffa4ff4a408fc40fed08ce7f91,unknown,0,0,0
ee0685930dab4f13ae13e143400c33c1,ark/deepseek-v3-1,1778,1020,2798
ee0685930dab4f13ae13e143400c33c1,gpt-4.1,1024,28,1052
ee0685930dab4f13ae13e143400c33c1,unknown,0,0,0
ee0a56d3e2654a87b3410a7524e57412,deepseek-chat,0,0,0
ee0a56d3e2654a87b3410a7524e57412,unknown,0,0,0
ee0b894a1db6494fa5a7c1e88775006e,deepseek-chat,703,321,1024
ee0b894a1db6494fa5a7c1e88775006e,unknown,0,0,0
ee0ca4b21e4543dc960c6b7ac8b68ba5,ark/deepseek-v3-1,1405,837,2242
ee0ca4b21e4543dc960c6b7ac8b68ba5,unknown,0,0,0
ee0e06c3b63f48d2b98e99a297815d4d,deepseek-chat,16171,2116,18287
ee0e06c3b63f48d2b98e99a297815d4d,unknown,0,0,0
ee0eed706b31421ba186f4b36224ca51,ark/deepseek-v3,1875,1053,2928
ee0eed706b31421ba186f4b36224ca51,unknown,0,0,0
ee10d2906e394668ab27121a4e841e65,deepseek-chat,1420,564,1984
ee10d2906e394668ab27121a4e841e65,unknown,0,0,0
ee224aa551554f9f9e7ea0f6968341b4,ark/deepseek-v3,467,97,564
ee224aa551554f9f9e7ea0f6968341b4,unknown,0,0,0
ee237dc093164e5a8140cdf641453257,ark/deepseek-v3,611,242,853
ee237dc093164e5a8140cdf641453257,unknown,0,0,0
ee2a91b18c8f4916b90b728720fd7165,ark/deepseek-v3,696,444,1140
ee2a91b18c8f4916b90b728720fd7165,unknown,0,0,0
ee2c0495522347168010ce7c02feea33,ark/deepseek-v3-1,1891,1049,2940
ee2c0495522347168010ce7c02feea33,gpt-4.1,1658,544,2202
ee2c0495522347168010ce7c02feea33,unknown,0,0,0
ee2eed0edbef45b0b1f2186b00638429,ark/deepseek-v3,1455,176,1631
ee2eed0edbef45b0b1f2186b00638429,deepseek-chat,182,199,381
ee2eed0edbef45b0b1f2186b00638429,unknown,0,0,0
ee37d4dc63094aafa0275753275dba83,ark/deepseek-v3,0,0,0
ee37d4dc63094aafa0275753275dba83,unknown,0,0,0
ee3f998524f1477480c741d53c5e6c77,deepseek-chat,2640,1665,4305
ee3f998524f1477480c741d53c5e6c77,unknown,0,0,0
ee401488c91c41c8a2173a839f626984,deepseek-chat,671,372,1043
ee401488c91c41c8a2173a839f626984,unknown,0,0,0
ee42bd620fa1444cb1f86e0af87d5c87,deepseek-chat,671,370,1041
ee42bd620fa1444cb1f86e0af87d5c87,unknown,0,0,0
ee434db2142a4df4bd59a34fbe806743,deepseek-chat,838,423,1261
ee434db2142a4df4bd59a34fbe806743,unknown,0,0,0
ee5308075bba45638236afbd2a93d984,ark/deepseek-v3,701,200,901
ee5308075bba45638236afbd2a93d984,unknown,0,0,0
ee5859453a744c52b730062b73273423,ark/deepseek-v3,1264,853,2117
ee5859453a744c52b730062b73273423,unknown,0,0,0
ee66545f3c824233b4b97870b856efaf,deepseek-chat,600,242,842
ee66545f3c824233b4b97870b856efaf,unknown,0,0,0
ee668de68f0245178071419b76b3be95,ark/deepseek-v3,7695,1671,9366
ee668de68f0245178071419b76b3be95,unknown,0,0,0
ee694d1f62624a578492deabbc9c946f,ark/deepseek-v3,4389,828,5217
ee694d1f62624a578492deabbc9c946f,unknown,0,0,0
ee744364c8674e798f93f455030f241b,ark/deepseek-v3,3144,274,3418
ee744364c8674e798f93f455030f241b,unknown,0,0,0
ee7c67eaea7d44208ca11f8a298e1ac3,ark/deepseek-v3,1251,206,1457
ee7c67eaea7d44208ca11f8a298e1ac3,unknown,0,0,0
ee7cc7ce12464126961a8b5f7108ccff,deepseek-chat,1311,305,1616
ee7cc7ce12464126961a8b5f7108ccff,gpt-4.1,4075,671,4746
ee7cc7ce12464126961a8b5f7108ccff,unknown,0,0,0
ee8fdf31b3514e6badabf7c35daa2b66,ark/deepseek-v3-1,0,0,0
ee8fdf31b3514e6badabf7c35daa2b66,unknown,0,0,0
ee90628d769f4f0bbf26d529161d1ebe,ark/deepseek-v3,467,94,561
ee90628d769f4f0bbf26d529161d1ebe,unknown,0,0,0
ee969b1a55ff447d80d706b4bf85a4e4,ark/deepseek-v3,6080,1641,7721
ee969b1a55ff447d80d706b4bf85a4e4,gpt-4.1,645,24,669
ee969b1a55ff447d80d706b4bf85a4e4,unknown,0,0,0
ee9c2ab7984d42a592a8a468eb16da34,ark/deepseek-v3,701,175,876
ee9c2ab7984d42a592a8a468eb16da34,unknown,0,0,0
eeae11a660074c248ac0094716e7ff40,ark/deepseek-v3,0,0,0
eeae11a660074c248ac0094716e7ff40,unknown,0,0,0
eeaf2ba1e3c74026934eebe35d656349,ark/deepseek-v3,5445,690,6135
eeaf2ba1e3c74026934eebe35d656349,unknown,0,0,0
eeba6c02f21e4e7c986d69dd1f25a16b,ark/deepseek-v3,5554,815,6369
eeba6c02f21e4e7c986d69dd1f25a16b,unknown,0,0,0
eebb085ef7d94058967b6acfb5fc7fa8,ark/deepseek-v3,1509,736,2245
eebb085ef7d94058967b6acfb5fc7fa8,unknown,0,0,0
eec574c6a2cc4283a164fc0eb338e750,ark/deepseek-v3,467,92,559
eec574c6a2cc4283a164fc0eb338e750,unknown,0,0,0
eec6ec87e2fa43ccb97b2e91f113bd51,deepseek-chat,561,207,768
eec6ec87e2fa43ccb97b2e91f113bd51,unknown,0,0,0
eec9a33658554d89a52180097bcaf58d,ark/deepseek-v3,1837,374,2211
eec9a33658554d89a52180097bcaf58d,unknown,0,0,0
eeda35baec0c41eea8830926374a1cb3,deepseek-chat,1055,458,1513
eeda35baec0c41eea8830926374a1cb3,gpt-4.1,941,28,969
eeda35baec0c41eea8830926374a1cb3,unknown,0,0,0
eedd614f727c4d02b9da4fee03384010,ark/deepseek-v3,695,81,776
eedd614f727c4d02b9da4fee03384010,unknown,0,0,0
eeea05d9b7424b19a6827422cb3c78fd,unknown,0,0,0
eeea1ec81c04495da616068b133c6801,ark/deepseek-v3,10220,2138,12358
eeea1ec81c04495da616068b133c6801,unknown,0,0,0
eeeb466dbb9b4958bd329ad3607e3ef3,deepseek-chat,670,327,997
eeeb466dbb9b4958bd329ad3607e3ef3,unknown,0,0,0
eef180c7b09842b5b126f1756936ee80,ark/deepseek-v3,1089,266,1355
eef180c7b09842b5b126f1756936ee80,unknown,0,0,0
eef93d45100e4d25b189d7dafaf35c04,ark/deepseek-v3,1455,238,1693
eef93d45100e4d25b189d7dafaf35c04,unknown,0,0,0
eefe05daba90448299250fd9ea46ff8a,ark/deepseek-v3,467,84,551
eefe05daba90448299250fd9ea46ff8a,unknown,0,0,0
eefed039104f46b0bbc35dece43a1924,ark/deepseek-v3,1089,266,1355
eefed039104f46b0bbc35dece43a1924,unknown,0,0,0
ef01972ff20040a38fcf95d917d5f399,deepseek-chat,2218,358,2576
ef01972ff20040a38fcf95d917d5f399,unknown,0,0,0
ef274dee989f4c90bcee7598529121e0,deepseek-chat,658,312,970
ef274dee989f4c90bcee7598529121e0,unknown,0,0,0
ef275d71bd9b416b9ce2c95e47cf1038,unknown,0,0,0
ef27d83a420f4d94a9a719c7d102120f,ark/deepseek-v3,467,97,564
ef27d83a420f4d94a9a719c7d102120f,unknown,0,0,0
ef2f8aea974c4b21ab3999ec59afcb02,ark/deepseek-v3,1089,253,1342
ef2f8aea974c4b21ab3999ec59afcb02,unknown,0,0,0
ef30b506c99348c0bfd4cbb7216b0db3,ark/deepseek-v3,8718,1142,9860
ef30b506c99348c0bfd4cbb7216b0db3,unknown,0,0,0
ef382f9f08e04922a69592dca84d24f3,ark/deepseek-v3,1009,250,1259
ef382f9f08e04922a69592dca84d24f3,unknown,0,0,0
ef3e12849e09441db7a6b08c924f68f8,deepseek-chat,2231,934,3165
ef3e12849e09441db7a6b08c924f68f8,unknown,0,0,0
ef3f2bd1a1e04b45b7d34de4a18e70a1,deepseek-chat,1371,1173,2544
ef3f2bd1a1e04b45b7d34de4a18e70a1,unknown,0,0,0
ef45f54d60f14da7a1bd262dbea5ccf2,ark/deepseek-v3,1085,349,1434
ef45f54d60f14da7a1bd262dbea5ccf2,unknown,0,0,0
ef5166017f984b1a85d1a9bd609aa0fd,ark/deepseek-v3,1251,238,1489
ef5166017f984b1a85d1a9bd609aa0fd,unknown,0,0,0
ef55b1ff179a490db2d62977ac94bc55,ark/deepseek-v3,5030,733,5763
ef55b1ff179a490db2d62977ac94bc55,unknown,0,0,0
ef5c06c2d520448999ea7bd9fcc36c0d,deepseek-chat,973,379,1352
ef5c06c2d520448999ea7bd9fcc36c0d,unknown,0,0,0
ef5d2e85f4534116b97af5588ea629d2,ark/deepseek-v3,465,90,555
ef5d2e85f4534116b97af5588ea629d2,unknown,0,0,0
ef5dd88bade14b9682199706dde3f4f9,deepseek-chat,670,360,1030
ef5dd88bade14b9682199706dde3f4f9,unknown,0,0,0
ef62dc5ce0354168ae737bf344cf2aa5,deepseek-chat,2193,1024,3217
ef62dc5ce0354168ae737bf344cf2aa5,unknown,0,0,0
ef6937bf752142f9b1a50c3155aeca2e,deepseek-chat,550,5439,5989
ef6937bf752142f9b1a50c3155aeca2e,unknown,0,0,0
ef69934cbe71454ba5f0ef5a8cd27171,deepseek-chat,4734,1216,5950
ef69934cbe71454ba5f0ef5a8cd27171,unknown,0,0,0
ef6b94bcda92409c87d307a82b3da5e8,unknown,0,0,0
ef6e246f7b8f4d4b9e5c3cf713194cd0,ark/deepseek-v3,1263,208,1471
ef6e246f7b8f4d4b9e5c3cf713194cd0,unknown,0,0,0
ef71fb68fda54cfba0a51b1c69c27db6,ark/deepseek-v3,1455,167,1622
ef71fb68fda54cfba0a51b1c69c27db6,unknown,0,0,0
ef72b02707794e10a9a1d5bb80e7cd2a,ark/deepseek-v3,2173,251,2424
ef72b02707794e10a9a1d5bb80e7cd2a,unknown,0,0,0
ef734ec4186149c0a6fe6c821cc86e78,ark/deepseek-v3,467,94,561
ef734ec4186149c0a6fe6c821cc86e78,unknown,0,0,0
ef7551c9c6ab463cbcbf8518e95ce6fd,ark/deepseek-v3,14005,2719,16724
ef7551c9c6ab463cbcbf8518e95ce6fd,unknown,0,0,0
ef8154a0b7ba468097bf4adf5d6f70aa,deepseek-chat,742,222,964
ef8154a0b7ba468097bf4adf5d6f70aa,unknown,0,0,0
ef865b9f5b4641ed84ca3ed3484842de,ark/deepseek-v3,701,176,877
ef865b9f5b4641ed84ca3ed3484842de,unknown,0,0,0
ef86a830c10143ec92ebda585c55c382,ark/deepseek-v3,2320,397,2717
ef86a830c10143ec92ebda585c55c382,unknown,0,0,0
ef86f82c1b0a4206a00cc2c63c3fcc10,deepseek-chat,2782,1257,4039
ef86f82c1b0a4206a00cc2c63c3fcc10,unknown,0,0,0
ef9042d7db224c3f947bee8a33044811,deepseek-chat,4159,346,4505
ef9042d7db224c3f947bee8a33044811,unknown,0,0,0
ef99d41d905547afb83d903f6c8d8ded,deepseek-chat,561,206,767
ef99d41d905547afb83d903f6c8d8ded,unknown,0,0,0
ef9d54c907034517a340d251214c0b11,ark/deepseek-v3,4062,830,4892
ef9d54c907034517a340d251214c0b11,unknown,0,0,0
efa411884e6943dca52510ed95d642a4,ark/deepseek-v3,8467,1798,10265
efa411884e6943dca52510ed95d642a4,unknown,0,0,0
efa7c093e6054ad18ec358f49bfe2b04,deepseek-chat,948,255,1203
efa7c093e6054ad18ec358f49bfe2b04,unknown,0,0,0
efac33129f744d7ab32556912bd2b77d,ark/deepseek-v3,662,277,939
efac33129f744d7ab32556912bd2b77d,unknown,0,0,0
efb40aa8ad0041728e86131f4b79ddc0,ark/deepseek-v3,3083,508,3591
efb40aa8ad0041728e86131f4b79ddc0,unknown,0,0,0
efb44ec65eb44d11bf638029b0ddd3c2,deepseek-chat,2189,1018,3207
efb44ec65eb44d11bf638029b0ddd3c2,unknown,0,0,0
efbb249807444d349e083e8bba1ca0a7,ark/deepseek-v3,6640,2344,8984
efbb249807444d349e083e8bba1ca0a7,deepseek-chat,4439,114,4553
efbb249807444d349e083e8bba1ca0a7,unknown,0,0,0
efbf00c4b4c64c2886cf1f8810dc0ae2,deepseek-chat,670,317,987
efbf00c4b4c64c2886cf1f8810dc0ae2,unknown,0,0,0
efbf9c44be7b4c62999e93556b96651a,ark/deepseek-v3,701,179,880
efbf9c44be7b4c62999e93556b96651a,unknown,0,0,0
efc0edc53d2942c5ba5d63a82a8d58c0,ark/deepseek-v3,1089,319,1408
efc0edc53d2942c5ba5d63a82a8d58c0,unknown,0,0,0
efc4e2a050ce437bb3f60f37a5fb3bd7,ark/deepseek-v3-1,1517,917,2434
efcf00dff12a4fcdaf7ee3edbe7f1b0b,ark/deepseek-v3,2294,1113,3407
efcf00dff12a4fcdaf7ee3edbe7f1b0b,unknown,0,0,0
efd2034f636942148b0097efc80aa5b1,gpt-4-0613,13055,4158,17213
efd2034f636942148b0097efc80aa5b1,unknown,0,0,0
efd6dfa89b384517a3fb0d35f5ca40cf,ark/deepseek-v3,1556,360,1916
efd6dfa89b384517a3fb0d35f5ca40cf,unknown,0,0,0
efd726a2d1a141c3a67392308c0027ed,ark/deepseek-v3,1251,241,1492
efd726a2d1a141c3a67392308c0027ed,deepseek-chat,4929,156,5085
efd726a2d1a141c3a67392308c0027ed,unknown,0,0,0
efdab2ea177a4052b23df8ebda5e0abe,ark/deepseek-v3,3578,510,4088
efdab2ea177a4052b23df8ebda5e0abe,unknown,0,0,0
efe59568c7724645947275d6a4d6f5aa,deepseek-chat,760,331,1091
efe59568c7724645947275d6a4d6f5aa,unknown,0,0,0
efe66c0bb7f94d73acacb66f99dc0422,deepseek-chat,26,1011,1037
efe66c0bb7f94d73acacb66f99dc0422,unknown,0,0,0
efeacad2e34349349075b3330c55a624,ark/deepseek-v3-1,743,324,1067
efeacad2e34349349075b3330c55a624,deepseek-chat,3303,1373,4676
efeacad2e34349349075b3330c55a624,gpt-4.1,3341,832,4173
efeacad2e34349349075b3330c55a624,unknown,0,0,0
efec08efc72740ca86657926d7cf6329,deepseek-chat,1054,397,1451
efec08efc72740ca86657926d7cf6329,gpt-4.1,4713,443,5156
efec08efc72740ca86657926d7cf6329,unknown,0,0,0
efedd6c9459e4230a485c20daa03288a,deepseek-chat,671,391,1062
efedd6c9459e4230a485c20daa03288a,unknown,0,0,0
eff401fcdf484c6495ec06dda52165aa,ark/deepseek-v3-1,1082,430,1512
eff401fcdf484c6495ec06dda52165aa,unknown,0,0,0
eff4d596a52c4b4f8c54655e1011fba3,deepseek-chat,561,207,768
eff4d596a52c4b4f8c54655e1011fba3,unknown,0,0,0
f000af0e76dd48b68f923c8154fd91d8,ark/deepseek-v3,8290,1538,9828
f000af0e76dd48b68f923c8154fd91d8,unknown,0,0,0
f003e04261e4405b97c6a347e576316a,ark/deepseek-v3,643,241,884
f003e04261e4405b97c6a347e576316a,unknown,0,0,0
f004b0cd906e468194803fa74983250b,ark/deepseek-v3,1455,216,1671
f004b0cd906e468194803fa74983250b,unknown,0,0,0
f0058b8a7f3c4347b3bccbbf1b18cd04,deepseek-chat,658,317,975
f0058b8a7f3c4347b3bccbbf1b18cd04,unknown,0,0,0
f0093154b1074298bc60750027c8b1ad,deepseek-chat,76,117,193
f0093154b1074298bc60750027c8b1ad,unknown,0,0,0
f022a1ffbab846d4bc7176d5174fed01,deepseek-chat,670,323,993
f022a1ffbab846d4bc7176d5174fed01,unknown,0,0,0
f0239a7162d644fc9647979121079016,ark/deepseek-v3-1,3877,1351,5228
f0239a7162d644fc9647979121079016,unknown,0,0,0
f023f8d9e4fe464590396dcb4701c584,deepseek-chat,2836,932,3768
f023f8d9e4fe464590396dcb4701c584,gpt-4.1,4087,769,4856
f023f8d9e4fe464590396dcb4701c584,unknown,0,0,0
f02cede0f1d04b20952dd8930e1e6745,unknown,0,0,0
f03425f71d4142688a22308dc48bfe92,ark/deepseek-v3,5409,866,6275
f03425f71d4142688a22308dc48bfe92,unknown,0,0,0
f0353a72fa554f3683eeff876ef4ce05,deepseek-chat,561,219,780
f0353a72fa554f3683eeff876ef4ce05,unknown,0,0,0
f03593659fab450880b7766352c0298b,deepseek-chat,2165,925,3090
f03593659fab450880b7766352c0298b,unknown,0,0,0
f035faa03ec645e2be23a519818aa1c3,ark/deepseek-v3,465,100,565
f035faa03ec645e2be23a519818aa1c3,unknown,0,0,0
f03ab1fea4704c229bd601cb8fdb0237,deepseek-chat,1258,678,1936
f03ab1fea4704c229bd601cb8fdb0237,unknown,0,0,0
f03e2c6a73e24e2e8088677c41c04bbc,ark/deepseek-v3,6184,1860,8044
f03e2c6a73e24e2e8088677c41c04bbc,deepseek-chat,14897,965,15862
f03e2c6a73e24e2e8088677c41c04bbc,gpt-4.1,669,34,703
f03e2c6a73e24e2e8088677c41c04bbc,unknown,0,0,0
f03e68e2418146c99e6b23516df677a7,ark/deepseek-v3-1,1405,951,2356
f03e68e2418146c99e6b23516df677a7,unknown,0,0,0
f0434c7e299b4d92815f4f905661c4f7,ark/kimi-k2,1684,993,2677
f0434c7e299b4d92815f4f905661c4f7,unknown,0,0,0
f0447f58c275446582c26ab1ec084609,deepseek-chat,5536,798,6334
f0447f58c275446582c26ab1ec084609,unknown,0,0,0
f0476fdbbe934c919635af4d278405c6,ark/deepseek-v3,8786,1944,10730
f0476fdbbe934c919635af4d278405c6,deepseek-chat,6826,488,7314
f0476fdbbe934c919635af4d278405c6,gpt-4.1,648,25,673
f0476fdbbe934c919635af4d278405c6,unknown,0,0,0
f04d1ed533464ce6b0017919acd227b1,ark/deepseek-v3,1954,935,2889
f04d1ed533464ce6b0017919acd227b1,unknown,0,0,0
f054e066f4eb40628b45824b2bdcbde5,ark/deepseek-v3,4709,1334,6043
f054e066f4eb40628b45824b2bdcbde5,unknown,0,0,0
f056849acd4348828db7318c287d706e,ark/deepseek-v3-1,1405,1004,2409
f056849acd4348828db7318c287d706e,unknown,0,0,0
f07a124e3ece405f9f5fae626d33e43c,deepseek-chat,670,290,960
f07a124e3ece405f9f5fae626d33e43c,unknown,0,0,0
f085d41085494d6486040f71b2d05625,deepseek-chat,2561,396,2957
f085d41085494d6486040f71b2d05625,unknown,0,0,0
f08ce756c99b4ec2833c4c500de7cb62,deepseek-chat,0,0,0
f08ce756c99b4ec2833c4c500de7cb62,unknown,0,0,0
f08f7e6dc3a447248ec372b418e3d865,deepseek-chat,561,206,767
f08f7e6dc3a447248ec372b418e3d865,unknown,0,0,0
f095de08c4e243bcb5841519dd9f1256,ark/deepseek-v3,14032,2791,16823
f095de08c4e243bcb5841519dd9f1256,unknown,0,0,0
f09632853b94412e99d586ed208f9535,ark/deepseek-v3,13444,2580,16024
f09632853b94412e99d586ed208f9535,unknown,0,0,0
f096665e5b744ee39378cf0044f49bc2,deepseek-chat,1054,416,1470
f096665e5b744ee39378cf0044f49bc2,gpt-4.1,3778,328,4106
f096665e5b744ee39378cf0044f49bc2,unknown,0,0,0
f09e275a0c354afd8b57547f78d5452d,deepseek-chat,1052,382,1434
f09e275a0c354afd8b57547f78d5452d,gpt-4.1,940,27,967
f09e275a0c354afd8b57547f78d5452d,unknown,0,0,0
f09e8a7b00f549fe9c2930bcb03c22f2,ark/deepseek-v3,465,99,564
f09e8a7b00f549fe9c2930bcb03c22f2,unknown,0,0,0
f0a94c4dae014647aa1667c0cd103241,deepseek-chat,561,207,768
f0a94c4dae014647aa1667c0cd103241,unknown,0,0,0
f0a972de2ba2426ea05882c556921453,deepseek-chat,3260,2676,5936
f0a972de2ba2426ea05882c556921453,unknown,0,0,0
f0aa6e53d5c148b6aad0e08b34683151,deepseek-chat,1881,280,2161
f0aa6e53d5c148b6aad0e08b34683151,unknown,0,0,0
f0b37a6ccaa7416fb5903b608059bbbc,ark/deepseek-v3,2118,822,2940
f0b37a6ccaa7416fb5903b608059bbbc,unknown,0,0,0
f0bae342ad3e43a396795d899fbbc4c4,ark/deepseek-v3,5165,1898,7063
f0bae342ad3e43a396795d899fbbc4c4,gpt-4.1,640,20,660
f0bae342ad3e43a396795d899fbbc4c4,unknown,0,0,0
f0bebb015efd4925b68794378e508047,ark/deepseek-v3,1837,331,2168
f0bebb015efd4925b68794378e508047,unknown,0,0,0
f0c0684e9ac24a64be2bbc2ec2b3dbf7,unknown,0,0,0
f0c4c5ae48bd46e8bbb2365aad444c68,ark/deepseek-v3,1089,292,1381
f0c4c5ae48bd46e8bbb2365aad444c68,unknown,0,0,0
f0c783a7849e421eb8c149e070d0d35c,ark/deepseek-v3,1251,225,1476
f0c783a7849e421eb8c149e070d0d35c,unknown,0,0,0
f0cd6f487f7b408c897786603de10572,ark/deepseek-v3,467,97,564
f0cd6f487f7b408c897786603de10572,unknown,0,0,0
f0d5766a2d444503b9e5680fce825fb5,ark/deepseek-v3,4717,980,5697
f0d5766a2d444503b9e5680fce825fb5,unknown,0,0,0
f0dc532787034764932690c999a500e7,ark/deepseek-v3,5158,1682,6840
f0dc532787034764932690c999a500e7,unknown,0,0,0
f0e6abf9eafb4defae855733d1708ce2,ark/deepseek-v3,467,93,560
f0e6abf9eafb4defae855733d1708ce2,unknown,0,0,0
f0ea2c410ef9482c9cde9a13e96410c6,ark/deepseek-v3,5911,1796,7707
f0ea2c410ef9482c9cde9a13e96410c6,gpt-4.1,623,21,644
f0ea2c410ef9482c9cde9a13e96410c6,unknown,0,0,0
f0eb2540533f4e8e87e2b6b896f2446b,ark/deepseek-v3,1065,375,1440
f0eb2540533f4e8e87e2b6b896f2446b,unknown,0,0,0
f0efa468d7e74a2f9113b04b2cfc062f,ark/deepseek-v3,467,96,563
f0efa468d7e74a2f9113b04b2cfc062f,unknown,0,0,0
f0f18c522eea4550a61890c510a4ed52,deepseek-chat,31,1763,1794
f0f18c522eea4550a61890c510a4ed52,unknown,0,0,0
f0f1a08cf23c4781b84aae535994a785,ark/deepseek-v3,1088,311,1399
f0f1a08cf23c4781b84aae535994a785,unknown,0,0,0
f0f2cc54a25f4e0daf7be9ed37559d16,ark/deepseek-v3,2329,1071,3400
f0f2cc54a25f4e0daf7be9ed37559d16,unknown,0,0,0
f0f40189e0324911b69bdb0a56f6a246,ark/deepseek-v3,467,96,563
f0f40189e0324911b69bdb0a56f6a246,unknown,0,0,0
f0f5c5728c774b61a49537c6ad985551,deepseek-chat,842,380,1222
f0f5c5728c774b61a49537c6ad985551,unknown,0,0,0
f0f8530576324d18b5468738c0565bde,ark/deepseek-v3,4062,724,4786
f0f8530576324d18b5468738c0565bde,unknown,0,0,0
f10097aae6d64b489c43021c5ac34969,ark/deepseek-v3,1168,535,1703
f10097aae6d64b489c43021c5ac34969,unknown,0,0,0
f1021bcab9be4a6eb327a37e0fbd5233,ark/deepseek-v3,1251,214,1465
f1021bcab9be4a6eb327a37e0fbd5233,unknown,0,0,0
f10fa10b368e48059082612afe302386,ark/deepseek-v3,467,97,564
f10fa10b368e48059082612afe302386,unknown,0,0,0
f110ed84c76f4f36a6fb4d21b88db950,deepseek-chat,670,270,940
f110ed84c76f4f36a6fb4d21b88db950,unknown,0,0,0
f12058514d834cb392eed0167e209e6b,deepseek-chat,561,207,768
f12058514d834cb392eed0167e209e6b,unknown,0,0,0
f120cfe26c074cbbb1f8c5a96ebd90d6,ark/deepseek-v3-1,1405,762,2167
f120cfe26c074cbbb1f8c5a96ebd90d6,unknown,0,0,0
f1251c4a31f646b29d5795d8123c5639,ark/deepseek-v3,1251,215,1466
f1251c4a31f646b29d5795d8123c5639,unknown,0,0,0
f125399280454e4ea0723b528e7ce9ed,deepseek-chat,600,246,846
f125399280454e4ea0723b528e7ce9ed,unknown,0,0,0
f12a98ca83ce4b6391a278f055562a83,ark/deepseek-v3-1,7354,1516,8870
f12a98ca83ce4b6391a278f055562a83,unknown,0,0,0
f13217c6cf43468e92712d11a44d0486,deepseek-chat,4454,1885,6339
f13217c6cf43468e92712d11a44d0486,unknown,0,0,0
f13b51e9386f4042afdfb819b01bda57,ark/deepseek-v3,1455,182,1637
f13b51e9386f4042afdfb819b01bda57,unknown,0,0,0
f13ff56c6b644eb9ab3a4289ef3d71c8,ark/deepseek-v3,701,199,900
f13ff56c6b644eb9ab3a4289ef3d71c8,unknown,0,0,0
f1406fd950414464b26fd73bc43cbc0a,ark/deepseek-v3,465,97,562
f1406fd950414464b26fd73bc43cbc0a,unknown,0,0,0
f1447a6af6734f869607d19edbbe5b30,deepseek-chat,2257,901,3158
f1447a6af6734f869607d19edbbe5b30,unknown,0,0,0
f146078df3614708968969c9a1386b66,ark/deepseek-v3-1,1892,1035,2927
f146078df3614708968969c9a1386b66,gpt-4.1,1063,29,1092
f146078df3614708968969c9a1386b66,unknown,0,0,0
f148e31ecade4fdba7f5c48d3d2770f4,ark/deepseek-v3,695,79,774
f148e31ecade4fdba7f5c48d3d2770f4,unknown,0,0,0
f14a882412ba4b6583908a8f3b33bb3a,ark/deepseek-v3,6589,1804,8393
f14a882412ba4b6583908a8f3b33bb3a,gpt-4.1,645,26,671
f14a882412ba4b6583908a8f3b33bb3a,unknown,0,0,0
f14c531620bf46fc895c8825ec406cb7,ark/deepseek-v3,8149,1421,9570
f14c531620bf46fc895c8825ec406cb7,unknown,0,0,0
f15025e0138a475898caf1a5baa9fabb,ark/deepseek-v3,623,260,883
f15025e0138a475898caf1a5baa9fabb,unknown,0,0,0
f1503abae66f4f3fb996a6c423ef50d2,ark/deepseek-v3,4702,1048,5750
f1503abae66f4f3fb996a6c423ef50d2,unknown,0,0,0
f150c773e1964959b1176f7d93628128,ark/deepseek-v3,5689,1422,7111
f150c773e1964959b1176f7d93628128,unknown,0,0,0
f158041736264cdc94280e4a6555b610,deepseek-chat,0,0,0
f158041736264cdc94280e4a6555b610,unknown,0,0,0
f159cf7e1ae14a0e8ed6993741f1df28,ark/deepseek-v3,701,175,876
f159cf7e1ae14a0e8ed6993741f1df28,unknown,0,0,0
f15cd470e1a54d178a8111c232af7c1a,ark/deepseek-v3,701,192,893
f15cd470e1a54d178a8111c232af7c1a,unknown,0,0,0
f16754815536404ba2e0f4dc1d2c5b25,deepseek-chat,2217,219,2436
f16754815536404ba2e0f4dc1d2c5b25,unknown,0,0,0
f170920b39e64bd6bd97136838ef7583,ark/deepseek-v3,1975,1066,3041
f170920b39e64bd6bd97136838ef7583,unknown,0,0,0
f170f048f4c343e890d4b5e5a139a97b,deepseek-chat,1236,748,1984
f170f048f4c343e890d4b5e5a139a97b,unknown,0,0,0
f176356a501d47dbb5ba248af86c63bb,ark/deepseek-v3,4204,1144,5348
f176356a501d47dbb5ba248af86c63bb,unknown,0,0,0
f1771f699b0247ecb7442363b36e7b02,ark/deepseek-v3,1251,217,1468
f1771f699b0247ecb7442363b36e7b02,unknown,0,0,0
f179716f9d2240b4a12e34daecab7085,deepseek-chat,658,318,976
f179716f9d2240b4a12e34daecab7085,unknown,0,0,0
f17d26b4bbbe441b9aa4c527b40d08df,ark/deepseek-v3,701,175,876
f17d26b4bbbe441b9aa4c527b40d08df,unknown,0,0,0
f1832264829d47b4af58c5a0a62f6279,deepseek-chat,2596,1205,3801
f1832264829d47b4af58c5a0a62f6279,unknown,0,0,0
f18611670fac47ac807d17015ed3625a,deepseek-chat,6349,1022,7371
f18611670fac47ac807d17015ed3625a,unknown,0,0,0
f1904942f7554ee8a7010230f2af00d5,ark/deepseek-v3-1,1893,762,2655
f1904942f7554ee8a7010230f2af00d5,gpt-4.1,1063,29,1092
f1904942f7554ee8a7010230f2af00d5,unknown,0,0,0
f19147fd3f704e1e9efc578604e71ecf,ark/deepseek-v3-1,3932,1408,5340
f19147fd3f704e1e9efc578604e71ecf,unknown,0,0,0
f19194ff079b460f8e490d091d12b944,ark/deepseek-v3-1,1405,806,2211
f19194ff079b460f8e490d091d12b944,unknown,0,0,0
f1943566ee404e37a674eb14f7570277,unknown,0,0,0
f19b56e4477047078f9e4624949262ff,deepseek-chat,2680,1302,3982
f19b56e4477047078f9e4624949262ff,unknown,0,0,0
f19b59b100594da8b6b67edafb22141a,ark/deepseek-v3,0,0,0
f19b59b100594da8b6b67edafb22141a,unknown,0,0,0
f1a08c9e54694af2ab2a370ee2b7d886,deepseek-chat,658,357,1015
f1a08c9e54694af2ab2a370ee2b7d886,unknown,0,0,0
f1a4b8d0b5394db482f198e671c00848,ark/deepseek-v3,5912,1165,7077
f1a4b8d0b5394db482f198e671c00848,unknown,0,0,0
f1ab2c9b929446fc85db4d1094c6b1fa,ark/deepseek-v3-1,1405,826,2231
f1ab2c9b929446fc85db4d1094c6b1fa,unknown,0,0,0
f1ac6b2d79ba4b04988065d3b591c99f,deepseek-chat,3355,507,3862
f1ac6b2d79ba4b04988065d3b591c99f,unknown,0,0,0
f1c5be0cc2cf4ce4b24893cdab888d24,ark/deepseek-v3,6155,911,7066
f1c5be0cc2cf4ce4b24893cdab888d24,unknown,0,0,0
f1c7b8ad7801451d89f389f1c2923eee,ark/deepseek-v3,1455,193,1648
f1c7b8ad7801451d89f389f1c2923eee,unknown,0,0,0
f1ca9c7142c6456ea1c80e11cd754037,ark/deepseek-v3,467,85,552
f1ca9c7142c6456ea1c80e11cd754037,unknown,0,0,0
f1cbd5d977d2431a8f46808c139b9cfe,deepseek-chat,1504,1120,2624
f1cbd5d977d2431a8f46808c139b9cfe,unknown,0,0,0
f1cee8cbc3254775874511c1688a444f,ark/deepseek-v3,467,114,581
f1cee8cbc3254775874511c1688a444f,unknown,0,0,0
f1d971a5d7174b49a1c36b95dd744386,deepseek-chat,670,369,1039
f1d971a5d7174b49a1c36b95dd744386,unknown,0,0,0
f1dddb8f3b224c8a851e562e8defadac,ark/deepseek-v3,1232,615,1847
f1dddb8f3b224c8a851e562e8defadac,unknown,0,0,0
f1e15492cee24229b1511a6d46a16fa4,ark/deepseek-v3-1,2729,1001,3730
f1e15492cee24229b1511a6d46a16fa4,unknown,0,0,0
f1e165dc8816422f9b23a16305b8f4ac,deepseek-chat,1364,514,1878
f1e165dc8816422f9b23a16305b8f4ac,unknown,0,0,0
f1e5c228e8fb4b248e14c3574248ceb4,deepseek-chat,561,207,768
f1e5c228e8fb4b248e14c3574248ceb4,unknown,0,0,0
f1eb7a1c4df24f5b8b8291aa71bf4ae7,ark/deepseek-v3-1,1103,434,1537
f1eb7a1c4df24f5b8b8291aa71bf4ae7,unknown,0,0,0
f1ec7a9be34b496eb919fec33b2e8ab9,ark/deepseek-v3,5898,596,6494
f1ec7a9be34b496eb919fec33b2e8ab9,unknown,0,0,0
f1fe2bc2ddab4de2a1a94f109096cbbc,ark/deepseek-v3,6573,1911,8484
f1fe2bc2ddab4de2a1a94f109096cbbc,gpt-4.1,642,21,663
f1fe2bc2ddab4de2a1a94f109096cbbc,unknown,0,0,0
f1ff3977253b44adbce4ecc64ede8470,deepseek-chat,561,207,768
f1ff3977253b44adbce4ecc64ede8470,unknown,0,0,0
f20779dbf86442bfbc957985cb28c752,ark/deepseek-v3-1,913,324,1237
f20779dbf86442bfbc957985cb28c752,unknown,0,0,0
f20840b970034d21926381c6a66e73a5,deepseek-chat,1420,509,1929
f20840b970034d21926381c6a66e73a5,unknown,0,0,0
f20dad9f532f4829a1c879ade49f566b,ark/deepseek-v3,3379,1431,4810
f20dad9f532f4829a1c879ade49f566b,unknown,0,0,0
f2173369a192475ab811a6e66859a3e6,ark/deepseek-v3,467,97,564
f2173369a192475ab811a6e66859a3e6,unknown,0,0,0
f2185bd3526c47d884c04d634a95f49b,ark/deepseek-v3,1455,219,1674
f2185bd3526c47d884c04d634a95f49b,unknown,0,0,0
f219577e32a54e0d93414d056ef81677,ark/deepseek-v3,2235,1184,3419
f219577e32a54e0d93414d056ef81677,unknown,0,0,0
f21b8c54b80945e091f13577f94524dd,deepseek-chat,4234,1652,5886
f21b8c54b80945e091f13577f94524dd,gpt-4.1,3112,958,4070
f21b8c54b80945e091f13577f94524dd,unknown,0,0,0
f21ce59041084a9aa6f5bd38e6ee22cb,deepseek-chat,3225,1035,4260
f21ce59041084a9aa6f5bd38e6ee22cb,unknown,0,0,0
f22f3ff71c6044b4b2ecf183e37b22f1,deepseek-chat,1614,269,1883
f22f3ff71c6044b4b2ecf183e37b22f1,unknown,0,0,0
f23606c6af804547a905d9f7e85a0262,deepseek-chat,2085,1567,3652
f23606c6af804547a905d9f7e85a0262,unknown,0,0,0
f23a7e034c2240d99df3ecc0c0e09810,deepseek-chat,670,331,1001
f23a7e034c2240d99df3ecc0c0e09810,unknown,0,0,0
f243f4a1351d47a1b961e190d96790c9,deepseek-chat,561,207,768
f243f4a1351d47a1b961e190d96790c9,unknown,0,0,0
f2458af350274d5684a40b7fdf11e5d4,deepseek-chat,2135,1564,3699
f2458af350274d5684a40b7fdf11e5d4,unknown,0,0,0
f247c698a6004ae68ea9781639578231,ark/deepseek-v3,758,89,847
f247c698a6004ae68ea9781639578231,unknown,0,0,0
f24f979fb5ec43a684dfcba7bb16e652,ark/deepseek-v3,467,101,568
f24f979fb5ec43a684dfcba7bb16e652,unknown,0,0,0
f255ad47048e4e17b38c406a67cd14de,ark/deepseek-v3,467,117,584
f255ad47048e4e17b38c406a67cd14de,unknown,0,0,0
f256bb7782494d78af5c6778fa00a552,deepseek-chat,0,0,0
f256bb7782494d78af5c6778fa00a552,unknown,0,0,0
f26d45089d1c4a8a8cfe14df49793596,ark/deepseek-v3,467,90,557
f26d45089d1c4a8a8cfe14df49793596,unknown,0,0,0
f276c2f177d044e7af550873a84606ec,ark/deepseek-v3,6929,1397,8326
f276c2f177d044e7af550873a84606ec,unknown,0,0,0
f277a37edf324c59aabe7e08b348a1ec,ark/deepseek-v3,467,96,563
f277a37edf324c59aabe7e08b348a1ec,unknown,0,0,0
f279a2b89af24feea78a2dfc6bb93e11,ark/deepseek-v3-1,1405,938,2343
f279a2b89af24feea78a2dfc6bb93e11,unknown,0,0,0
f27a3e5151634ba782f4caa8cd5ba331,ark/deepseek-v3,0,0,0
f27a3e5151634ba782f4caa8cd5ba331,unknown,0,0,0
f27add6e569f457f8c102277cd484ff9,ark/deepseek-v3,3633,531,4164
f27add6e569f457f8c102277cd484ff9,unknown,0,0,0
f282d6b557a9456db7018228f3eaf466,ark/deepseek-v3,0,0,0
f282d6b557a9456db7018228f3eaf466,unknown,0,0,0
f28347dbad9f4ee784361da3640469ef,deepseek-chat,671,364,1035
f28347dbad9f4ee784361da3640469ef,unknown,0,0,0
f286951c2c4b4ce9b8b38846f4f25b5a,deepseek-chat,1358,562,1920
f286951c2c4b4ce9b8b38846f4f25b5a,unknown,0,0,0
f298802353514c80b1dd008a55964b33,deepseek-chat,3276,1236,4512
f298802353514c80b1dd008a55964b33,gpt-4.1,3338,829,4167
f298802353514c80b1dd008a55964b33,unknown,0,0,0
f29fc0cb94734fcb8c6e7053d9842a2e,ark/deepseek-v3,1505,768,2273
f29fc0cb94734fcb8c6e7053d9842a2e,unknown,0,0,0
f2b10ec2c0db4b48b7a5a2ff084d61ee,ark/deepseek-v3,1569,708,2277
f2b10ec2c0db4b48b7a5a2ff084d61ee,unknown,0,0,0
f2b539c8a2664233a4911a09aa25208b,ark/kimi-k2,1069,548,1617
f2b539c8a2664233a4911a09aa25208b,unknown,0,0,0
f2bc582837d1459bb3f9bf8470caf32f,ark/deepseek-v3,467,97,564
f2bc582837d1459bb3f9bf8470caf32f,unknown,0,0,0
f2bf67b9c2e441e78f128e82bc6e9032,ark/deepseek-v3,467,126,593
f2bf67b9c2e441e78f128e82bc6e9032,unknown,0,0,0
f2c02178539948da9b6258ff83dcded2,deepseek-chat,2363,944,3307
f2c02178539948da9b6258ff83dcded2,unknown,0,0,0
f2c9714d6d674d51b3cef6a61e6d50cf,deepseek-chat,670,360,1030
f2c9714d6d674d51b3cef6a61e6d50cf,unknown,0,0,0
f2ce92ea33004cde94019c4d65c5943f,ark/deepseek-v3,2633,1466,4099
f2ce92ea33004cde94019c4d65c5943f,unknown,0,0,0
f2d0c8432ccc4581bdd0036f89547804,ark/deepseek-v3,5577,707,6284
f2d0c8432ccc4581bdd0036f89547804,unknown,0,0,0
f2d4e7e00de747e2a7daeec456757f1d,ark/deepseek-v3,0,0,0
f2d4e7e00de747e2a7daeec456757f1d,unknown,0,0,0
f2dbb85448034a6183c27a3ee8e0b21b,ark/deepseek-v3,701,180,881
f2dbb85448034a6183c27a3ee8e0b21b,unknown,0,0,0
f2e05135d46f42a084ced55b1cd18452,deepseek-chat,670,300,970
f2e05135d46f42a084ced55b1cd18452,unknown,0,0,0
f2e4d250486d45838a80f2942464ad15,ark/deepseek-v3,5936,1210,7146
f2e4d250486d45838a80f2942464ad15,unknown,0,0,0
f2ebda6c30644d8c8401ca744eb2b400,ark/deepseek-v3,1089,328,1417
f2ebda6c30644d8c8401ca744eb2b400,unknown,0,0,0
f2f4eabb866a4b53b5c721ef30083b5e,unknown,0,0,0
f2f7bda6720746f798b57308fe057913,deepseek-chat,0,0,0
f2f7bda6720746f798b57308fe057913,unknown,0,0,0
f300d0eb99574ad1bbfb021d1c9b37c0,ark/deepseek-v3,465,94,559
f300d0eb99574ad1bbfb021d1c9b37c0,unknown,0,0,0
f302c0cce8d142f89c6bdabd3103c8e9,ark/deepseek-v3-1,1442,751,2193
f30b9e3c939e416888e3e925dfa9d0a8,ark/deepseek-v3,0,0,0
f30b9e3c939e416888e3e925dfa9d0a8,unknown,0,0,0
f3185d31c78b4f049f7e39c7b3fe11f6,ark/deepseek-v3,1779,714,2493
f3185d31c78b4f049f7e39c7b3fe11f6,unknown,0,0,0
f31d243ba1594edeb74ca4e4cd2746d1,ark/deepseek-v3,3609,1364,4973
f31d243ba1594edeb74ca4e4cd2746d1,unknown,0,0,0
f31df2d92aa54d4d81d2c95b74e9b94f,ark/deepseek-v3,701,200,901
f31df2d92aa54d4d81d2c95b74e9b94f,unknown,0,0,0
f31f065404634d15843503a91cde8f88,ark/deepseek-v3,13447,2608,16055
f31f065404634d15843503a91cde8f88,unknown,0,0,0
f32a2847d7a94f17a2bab2cffca52c11,deepseek-chat,2142,1533,3675
f32a2847d7a94f17a2bab2cffca52c11,unknown,0,0,0
f333d2734dd2456bbbb30c29637b65e8,ark/deepseek-v3,1102,465,1567
f333d2734dd2456bbbb30c29637b65e8,deepseek-chat,5932,81,6013
f333d2734dd2456bbbb30c29637b65e8,unknown,0,0,0
f3344525b1274bceaf4dbca584532836,deepseek-chat,3171,1105,4276
f3344525b1274bceaf4dbca584532836,unknown,0,0,0
f336cb66a4e34f84b9a8bed0721f0226,ark/deepseek-v3,4436,1890,6326
f336cb66a4e34f84b9a8bed0721f0226,unknown,0,0,0
f336ebe44fdc4a038ee1dc02f80d74a2,deepseek-chat,959,288,1247
f336ebe44fdc4a038ee1dc02f80d74a2,unknown,0,0,0
f33e07c4ad514b9f9bd8b9acb4f9b0c0,ark/deepseek-v3,467,92,559
f33e07c4ad514b9f9bd8b9acb4f9b0c0,unknown,0,0,0
f345ec5e3f614d57934e9f27413d3ed4,ark/deepseek-v3,32755,7464,40219
f345ec5e3f614d57934e9f27413d3ed4,unknown,0,0,0
f3492671ba9b46e7adbf158473543477,deepseek-chat,3461,1272,4733
f3492671ba9b46e7adbf158473543477,gpt-4.1,4141,946,5087
f3492671ba9b46e7adbf158473543477,unknown,0,0,0
f34d5a8b743c4c8aa25a69520abce031,deepseek-chat,1236,661,1897
f34d5a8b743c4c8aa25a69520abce031,unknown,0,0,0
f34dd1014c19443f8983e88e9990558b,deepseek-chat,789,262,1051
f34dd1014c19443f8983e88e9990558b,unknown,0,0,0
f34de38315ed4793b60751f53b1b2e52,ark/deepseek-v3-1,1405,929,2334
f34de38315ed4793b60751f53b1b2e52,unknown,0,0,0
f350a88a849b4ce7b2d311eb81329d70,ark/deepseek-v3,3144,278,3422
f350a88a849b4ce7b2d311eb81329d70,unknown,0,0,0
f35d77b275fd4ed280fe57db85512a48,ark/deepseek-v3,1088,281,1369
f35d77b275fd4ed280fe57db85512a48,unknown,0,0,0
f35f4503ab9f48fbbaa3776b0e9d7b78,ark/deepseek-v3,12586,2548,15134
f35f4503ab9f48fbbaa3776b0e9d7b78,deepseek-chat,4121,30,4151
f35f4503ab9f48fbbaa3776b0e9d7b78,unknown,0,0,0
f364cbb8ef4f4de7abf363ac8b4f27a9,ark/deepseek-v3,6308,897,7205
f364cbb8ef4f4de7abf363ac8b4f27a9,unknown,0,0,0
f3665b91a61c45a2af1d69dee80aca54,ark/deepseek-v3,0,0,0
f3665b91a61c45a2af1d69dee80aca54,unknown,0,0,0
f36864b1ddf84bdc80aceb2aebebcf7d,deepseek-chat,889,452,1341
f36864b1ddf84bdc80aceb2aebebcf7d,unknown,0,0,0
f36a88cb26004b47b5bd51fcc47d3227,deepseek-chat,670,306,976
f36a88cb26004b47b5bd51fcc47d3227,unknown,0,0,0
f37ee678dde34405aec2dc88253f6208,deepseek-chat,853,236,1089
f37ee678dde34405aec2dc88253f6208,unknown,0,0,0
f38116f690e64d988e1bf47f8e9d1b21,deepseek-chat,671,346,1017
f38116f690e64d988e1bf47f8e9d1b21,unknown,0,0,0
f38346888c044b8d8311f038a1157826,ark/deepseek-v3,3652,2584,6236
f38346888c044b8d8311f038a1157826,deepseek-chat,9996,2333,12329
f38346888c044b8d8311f038a1157826,unknown,0,0,0
f3978f477c2449f6ac7186cbaaffccce,deepseek-chat,1307,280,1587
f3978f477c2449f6ac7186cbaaffccce,gpt-4.1,1611,278,1889
f3978f477c2449f6ac7186cbaaffccce,unknown,0,0,0
f39a58e8cccd44fea53e5b28cb3bfbc8,ark/deepseek-v3,2146,1151,3297
f39a58e8cccd44fea53e5b28cb3bfbc8,unknown,0,0,0
f3a9b62872034b259a139ff9de45f121,deepseek-chat,851,447,1298
f3a9b62872034b259a139ff9de45f121,unknown,0,0,0
f3aa244d666a4b8fb4031140d9beb488,deepseek-chat,561,206,767
f3aa244d666a4b8fb4031140d9beb488,unknown,0,0,0
f3af3b1127f24ca98ee75b1ea44dd887,ark/deepseek-v3,0,0,0
f3af3b1127f24ca98ee75b1ea44dd887,unknown,0,0,0
f3b559790dd54ac2b02df65a63df9c9c,ark/deepseek-v3,701,188,889
f3b559790dd54ac2b02df65a63df9c9c,unknown,0,0,0
f3b963763b434be58dea5a289e086cf9,ark/deepseek-v3,1455,217,1672
f3b963763b434be58dea5a289e086cf9,unknown,0,0,0
f3c53e64aca44b75bf5079909644d484,ark/deepseek-v3,2897,500,3397
f3c53e64aca44b75bf5079909644d484,unknown,0,0,0
f3c58d52a64a441c92acd5f6af80e393,deepseek-chat,670,321,991
f3c58d52a64a441c92acd5f6af80e393,unknown,0,0,0
f3ca5e7a2d8f439cbcb61652cf83630d,unknown,0,0,0
f3ccfeb232d345898ed784c6b2f99ea5,deepseek-chat,2580,863,3443
f3ccfeb232d345898ed784c6b2f99ea5,unknown,0,0,0
f3cdca5bc07e4c8998ce54e103aba822,ark/deepseek-v3,1837,401,2238
f3cdca5bc07e4c8998ce54e103aba822,unknown,0,0,0
f3df7f45ec044450a47f94d5fc02c4ec,deepseek-chat,2125,492,2617
f3df7f45ec044450a47f94d5fc02c4ec,unknown,0,0,0
f3e0f2f14a6f44cba8c16b98eb45f5c2,ark/deepseek-v3,1251,236,1487
f3e0f2f14a6f44cba8c16b98eb45f5c2,unknown,0,0,0
f3e24dac877249c78f567d2e6e8d51ce,deepseek-chat,778,243,1021
f3e24dac877249c78f567d2e6e8d51ce,unknown,0,0,0
f3e74c401cb74a82807a97d3be834341,ark/deepseek-v3,1455,209,1664
f3e74c401cb74a82807a97d3be834341,unknown,0,0,0
f3ea54f98e7148e8ad7a0ae9ca67a58e,ark/deepseek-v3-1,852,399,1251
f3ea54f98e7148e8ad7a0ae9ca67a58e,unknown,0,0,0
f3ebe30028244f1ba2f5a95905125227,deepseek-chat,2098,972,3070
f3ebe30028244f1ba2f5a95905125227,unknown,0,0,0
f3ef38b76a0a4e638211a8eff27fc203,ark/deepseek-v3,467,115,582
f3ef38b76a0a4e638211a8eff27fc203,unknown,0,0,0
f3f374bf4d9d42df84b076236e905b8d,ark/deepseek-v3,467,96,563
f3f374bf4d9d42df84b076236e905b8d,unknown,0,0,0
f3fbf8e13e7b4bf4853bdd56383eb0de,deepseek-chat,2153,893,3046
f3fbf8e13e7b4bf4853bdd56383eb0de,gpt-4.1,2781,823,3604
f3fbf8e13e7b4bf4853bdd56383eb0de,unknown,0,0,0
f3fe8dec3eae45b8bee78bcbaa50a928,ark/deepseek-v3,4548,1449,5997
f3fe8dec3eae45b8bee78bcbaa50a928,unknown,0,0,0
f3ff78ede0cc45fd85fa35d3f9159bc7,deepseek-chat,705,287,992
f3ff78ede0cc45fd85fa35d3f9159bc7,unknown,0,0,0
f4012568fc7c41ce86f0d571de0345c2,ark/deepseek-v3,467,126,593
f4012568fc7c41ce86f0d571de0345c2,unknown,0,0,0
f40b5762a47e489787223174beb6c557,deepseek-chat,977,350,1327
f40b5762a47e489787223174beb6c557,gpt-4.1,477,251,728
f40b5762a47e489787223174beb6c557,unknown,0,0,0
f40d45b075494541bea4ab366a713daa,ark/deepseek-v3,39201,6272,45473
f40d45b075494541bea4ab366a713daa,unknown,0,0,0
f4133c2eac9d4924a96894ecf50021a7,deepseek-chat,2373,695,3068
f4133c2eac9d4924a96894ecf50021a7,gpt-4.1,2971,529,3500
f4133c2eac9d4924a96894ecf50021a7,unknown,0,0,0
f41948e0e0654480995e97072cafd462,ark/deepseek-v3,3143,292,3435
f41948e0e0654480995e97072cafd462,unknown,0,0,0
f41bdaa48215446bb5d406b43d79b205,deepseek-chat,671,374,1045
f41bdaa48215446bb5d406b43d79b205,unknown,0,0,0
f41cdcdae5db4149858ff83a9b54f171,deepseek-chat,658,366,1024
f41cdcdae5db4149858ff83a9b54f171,unknown,0,0,0
f42cbc77e184402b83279f78acce0e1c,deepseek-chat,3147,1420,4567
f42cbc77e184402b83279f78acce0e1c,gpt-4.1,3561,939,4500
f42cbc77e184402b83279f78acce0e1c,unknown,0,0,0
f4337be9f6fd42fd84e4bfe147fe154b,ark/deepseek-v3,1455,227,1682
f4337be9f6fd42fd84e4bfe147fe154b,unknown,0,0,0
f4398415ee8b4ecba8eadbe9ad3578bb,ark/deepseek-v3,467,96,563
f4398415ee8b4ecba8eadbe9ad3578bb,unknown,0,0,0
f43b3d03280b4b94a6fbb12919beade3,ark/deepseek-v3,2939,706,3645
f43b3d03280b4b94a6fbb12919beade3,unknown,0,0,0
f43e842eceff4ec89707bc323b1e0a2a,deepseek-chat,2087,1138,3225
f43e842eceff4ec89707bc323b1e0a2a,unknown,0,0,0
f442171b5cc14381bb177b6ffca124b6,ark/deepseek-v3,6349,1432,7781
f442171b5cc14381bb177b6ffca124b6,unknown,0,0,0
f44df123a57240dda7ca561b585a114b,ark/deepseek-v3,467,125,592
f44df123a57240dda7ca561b585a114b,unknown,0,0,0
f45596fcb1ca42a0aca392267570d75d,ark/deepseek-v3,1509,629,2138
f45596fcb1ca42a0aca392267570d75d,unknown,0,0,0
f45fb0705d8b4f87b359cd8ad036feae,ark/deepseek-v3,1837,384,2221
f45fb0705d8b4f87b359cd8ad036feae,unknown,0,0,0
f461a5eca6e74669b9da76fc01994ad7,deepseek-chat,1054,387,1441
f461a5eca6e74669b9da76fc01994ad7,gpt-4.1,940,27,967
f461a5eca6e74669b9da76fc01994ad7,unknown,0,0,0
f4638e3c04c842d0a606c24fcc55495a,deepseek-chat,670,329,999
f4638e3c04c842d0a606c24fcc55495a,unknown,0,0,0
f46cc248923346d2824a95d467a07bae,ark/deepseek-v3,681,93,774
f46cc248923346d2824a95d467a07bae,unknown,0,0,0
f4771d15b7924e809e97c843f836abbe,deepseek-chat,561,207,768
f4771d15b7924e809e97c843f836abbe,unknown,0,0,0
f477a136d0c64f2fb6a1d86eaacf334a,ark/deepseek-v3,1455,197,1652
f477a136d0c64f2fb6a1d86eaacf334a,unknown,0,0,0
f479915eecde4745ac1d35507e4a6813,ark/deepseek-v3,467,95,562
f479915eecde4745ac1d35507e4a6813,unknown,0,0,0
f480d611a1a94af5b70cf8374cbecb52,ark/deepseek-v3,12893,2446,15339
f480d611a1a94af5b70cf8374cbecb52,unknown,0,0,0
f48633d8ea2c4dc5bdd63e7775bb1b05,ark/deepseek-v3,3364,1234,4598
f48633d8ea2c4dc5bdd63e7775bb1b05,unknown,0,0,0
f488421d1784425d83de5f35aef990ae,deepseek-chat,2617,1112,3729
f488421d1784425d83de5f35aef990ae,unknown,0,0,0
f48fae18f57747f4ae6b0f8975a5650b,ark/deepseek-v3,2982,528,3510
f48fae18f57747f4ae6b0f8975a5650b,unknown,0,0,0
f4a571d77cbf42418f36660f9be0d652,ark/kimi-k2,2480,1654,4134
f4a571d77cbf42418f36660f9be0d652,deepseek-chat,20663,2224,22887
f4a571d77cbf42418f36660f9be0d652,gpt-4.1,4431,540,4971
f4a571d77cbf42418f36660f9be0d652,unknown,0,0,0
f4a68105da614f5ab5ae4f38c4129629,deepseek-chat,561,207,768
f4a68105da614f5ab5ae4f38c4129629,unknown,0,0,0
f4a818f13c3a48c98ae1312d83a4667c,ark/deepseek-v3,1251,250,1501
f4a818f13c3a48c98ae1312d83a4667c,unknown,0,0,0
f4b55648de694d9d8411c7322ae77f38,ark/deepseek-v3,1937,437,2374
f4b55648de694d9d8411c7322ae77f38,unknown,0,0,0
f4b69a0a58f54ac2b16c605ca50e6d1d,ark/deepseek-v3,8177,1181,9358
f4b69a0a58f54ac2b16c605ca50e6d1d,unknown,0,0,0
f4c61345589940f782c0762d3ffa42bb,deepseek-chat,0,0,0
f4c61345589940f782c0762d3ffa42bb,unknown,0,0,0
f4d0c3fc39e54f6ebb3e5b577eae4c48,ark/deepseek-v3-1,1405,757,2162
f4d0c3fc39e54f6ebb3e5b577eae4c48,unknown,0,0,0
f4d958988f5649a18d7921d54d2c0425,ark/deepseek-v3,758,90,848
f4d958988f5649a18d7921d54d2c0425,unknown,0,0,0
f4dc853f5b0c4d71ad80d8be60c81750,ark/deepseek-v3,8167,808,8975
f4dc853f5b0c4d71ad80d8be60c81750,unknown,0,0,0
f4e1ebe29a414be0ba099fd00e2f3d7d,deepseek-chat,3383,1493,4876
f4e1ebe29a414be0ba099fd00e2f3d7d,gpt-4.1,3474,1038,4512
f4e1ebe29a414be0ba099fd00e2f3d7d,unknown,0,0,0
f4e5240e0390404fa822967f105e0d8b,unknown,0,0,0
f4e5a3f4a51142baab7473270ad6bb68,ark/deepseek-v3,1091,249,1340
f4e5a3f4a51142baab7473270ad6bb68,unknown,0,0,0
f4ed277413bb4b2f82376571edaf6f09,ark/deepseek-v3,1482,333,1815
f4ed277413bb4b2f82376571edaf6f09,unknown,0,0,0
f4fba9e2dd8d470aba5e89b62f843e84,unknown,0,0,0
f500143591624f119995bd7aba447c30,ark/deepseek-v3,2213,327,2540
f500143591624f119995bd7aba447c30,unknown,0,0,0
f51da896816540abb1eb1325e7f18a3d,ark/deepseek-v3,467,99,566
f51da896816540abb1eb1325e7f18a3d,unknown,0,0,0
f51e0e59cebe4a6fa6cbcea3aab2152b,deepseek-chat,561,207,768
f51e0e59cebe4a6fa6cbcea3aab2152b,unknown,0,0,0
f529fe7516ac46aeb8297e5744e9773c,deepseek-chat,768,331,1099
f529fe7516ac46aeb8297e5744e9773c,unknown,0,0,0
f52b4e95dbdd4aa28375585513aa5ba5,ark/deepseek-v3,3458,1530,4988
f52b4e95dbdd4aa28375585513aa5ba5,deepseek-chat,15105,1495,16600
f52b4e95dbdd4aa28375585513aa5ba5,unknown,0,0,0
f5363bfb4ee04e46aecf7add482e2159,ark/deepseek-v3,699,180,879
f5363bfb4ee04e46aecf7add482e2159,unknown,0,0,0
f53d6d9741b64bab8d49b4f4957260ff,deepseek-chat,2207,500,2707
f53d6d9741b64bab8d49b4f4957260ff,unknown,0,0,0
f541b3bff37c4c4387d6e042b516dde6,deepseek-chat,1044,361,1405
f541b3bff37c4c4387d6e042b516dde6,gpt-4.1,942,29,971
f541b3bff37c4c4387d6e042b516dde6,unknown,0,0,0
f5559a750b254d38b90ab29826c3d0b6,ark/deepseek-v3,8109,837,8946
f5559a750b254d38b90ab29826c3d0b6,unknown,0,0,0
f560082a6eeb42579e2e5e4751f54d77,ark/deepseek-v3-1,528,300,828
f560082a6eeb42579e2e5e4751f54d77,unknown,0,0,0
f560e7cf9288492082f9b51ed31d8c21,ark/deepseek-v3,5299,718,6017
f560e7cf9288492082f9b51ed31d8c21,unknown,0,0,0
f56884c22980407c9bb5147d277b2a93,ark/deepseek-v3-1,2856,1073,3929
f56884c22980407c9bb5147d277b2a93,unknown,0,0,0
f56a032612cf4575ba26d4ded65005e1,ark/deepseek-v3,467,150,617
f56a032612cf4575ba26d4ded65005e1,unknown,0,0,0
f56cdf70a8194167952881c7c9458b4b,ark/deepseek-v3,6650,917,7567
f56cdf70a8194167952881c7c9458b4b,unknown,0,0,0
f57866140a5645c183a77d0db57fc61b,ark/deepseek-v3,701,198,899
f57866140a5645c183a77d0db57fc61b,unknown,0,0,0
f579e3a91adf41979d83f88f0df72e1c,ark/deepseek-v3,1191,567,1758
f579e3a91adf41979d83f88f0df72e1c,unknown,0,0,0
f57acc51a5ed4f63ae5c00f627d88c1d,deepseek-chat,3303,1252,4555
f57acc51a5ed4f63ae5c00f627d88c1d,unknown,0,0,0
f57e3f924e5e4eacab079ecc245a0ce8,deepseek-chat,923,469,1392
f57e3f924e5e4eacab079ecc245a0ce8,unknown,0,0,0
f589031854df4a31a9dff34aa406f2df,deepseek-chat,600,295,895
f589031854df4a31a9dff34aa406f2df,unknown,0,0,0
f5899fba57eb4dc7b1f3e2c1f2f51abe,ark/deepseek-v3,1455,252,1707
f5899fba57eb4dc7b1f3e2c1f2f51abe,unknown,0,0,0
f5900d7cd8d3465693b9b9a4fdf87d3d,deepseek-chat,7707,1663,9370
f5900d7cd8d3465693b9b9a4fdf87d3d,unknown,0,0,0
f590308b3993491bb6a7c73be4de0ad2,deepseek-chat,2414,938,3352
f590308b3993491bb6a7c73be4de0ad2,unknown,0,0,0
f590545698694cb1a0d6afc116f74494,ark/deepseek-v3-1,1155,533,1688
f590545698694cb1a0d6afc116f74494,unknown,0,0,0
f5970530a4b8431c81f7984a377fb581,ark/deepseek-v3,467,89,556
f5970530a4b8431c81f7984a377fb581,unknown,0,0,0
f598a0da878840af9377d8202862213e,ark/deepseek-v3,701,176,877
f598a0da878840af9377d8202862213e,unknown,0,0,0
f59d2dd8e7814486a0ad86f7ffdfe69c,ark/deepseek-v3,1962,1281,3243
f59d2dd8e7814486a0ad86f7ffdfe69c,unknown,0,0,0
f59ea10b31fe41b8be2591929991faa9,ark/deepseek-v3,1279,523,1802
f59ea10b31fe41b8be2591929991faa9,unknown,0,0,0
f5a50c1875de48e8bdeeaec141db2c06,ark/deepseek-v3,0,0,0
f5a50c1875de48e8bdeeaec141db2c06,unknown,0,0,0
f5a9022e6dbb4764a41c5aa6e4d1afc7,ark/deepseek-v3,0,0,0
f5a9022e6dbb4764a41c5aa6e4d1afc7,unknown,0,0,0
f5a9f674fb944cd890555b7b4eb1ae62,ark/deepseek-v3,1455,198,1653
f5a9f674fb944cd890555b7b4eb1ae62,unknown,0,0,0
f5aad53a4016477a99f2b68416e80a11,ark/deepseek-v3-1,1405,656,2061
f5aad53a4016477a99f2b68416e80a11,unknown,0,0,0
f5ab870e1b7944f2b9f24f7aec1dcef5,deepseek-chat,670,352,1022
f5ab870e1b7944f2b9f24f7aec1dcef5,unknown,0,0,0
f5b7336be3754ec2af2b60b09de1b750,deepseek-chat,940,338,1278
f5b7336be3754ec2af2b60b09de1b750,unknown,0,0,0
f5b742f5e34d45418930f725a386b00d,deepseek-chat,14296,1384,15680
f5b742f5e34d45418930f725a386b00d,unknown,0,0,0
f5ba84539ad74fe1bb0df2b747a0f2d4,deepseek-chat,1209,544,1753
f5ba84539ad74fe1bb0df2b747a0f2d4,unknown,0,0,0
f5c237fc5b67436195374a9496badb81,deepseek-chat,2078,807,2885
f5c237fc5b67436195374a9496badb81,unknown,0,0,0
f5c39276da8a4c75899ccfdbd7452951,ark/deepseek-v3,5904,1294,7198
f5c39276da8a4c75899ccfdbd7452951,unknown,0,0,0
f5cac485056646a18f20f8c946b42952,ark/deepseek-v3,650,239,889
f5cac485056646a18f20f8c946b42952,unknown,0,0,0
f5d16cb034d04f9a92d3b7e63ef2f3c4,ark/deepseek-v3,1509,792,2301
f5d16cb034d04f9a92d3b7e63ef2f3c4,unknown,0,0,0
f5df5383656e461ab0f41cff8f9141a8,ark/deepseek-v3,14043,2648,16691
f5df5383656e461ab0f41cff8f9141a8,unknown,0,0,0
f5dffabbb1d44626ba9975468932ffb3,ark/deepseek-v3-1,907,366,1273
f5dffabbb1d44626ba9975468932ffb3,unknown,0,0,0
f5e151a1e56943968715b2c28590c57c,ark/deepseek-v3,0,0,0
f5e151a1e56943968715b2c28590c57c,unknown,0,0,0
f5e6b12c91084465bc2a5793ad837681,ark/kimi-k2,1069,29,1098
f5e6b12c91084465bc2a5793ad837681,unknown,0,0,0
f5ead0fb71004f4b82f53f52b1c9dff2,ark/deepseek-v3,1170,508,1678
f5ead0fb71004f4b82f53f52b1c9dff2,unknown,0,0,0
f5f7f17cff984d01a7b462b6b01b3e15,deepseek-chat,6450,704,7154
f5f7f17cff984d01a7b462b6b01b3e15,unknown,0,0,0
f5fad0f576c94bac96c42941af960d97,deepseek-chat,2267,967,3234
f5fad0f576c94bac96c42941af960d97,unknown,0,0,0
f601409090d6497db88a63a3b2f03b2f,deepseek-chat,1179,285,1464
f601409090d6497db88a63a3b2f03b2f,unknown,0,0,0
f60158f752864e7296884bca023ec111,ark/deepseek-v3-1,1405,837,2242
f60158f752864e7296884bca023ec111,unknown,0,0,0
f6044bd7227b46f7be8a7c7b45e30abd,ark/deepseek-v3,2806,1323,4129
f6044bd7227b46f7be8a7c7b45e30abd,unknown,0,0,0
f611b067ad0a448ba7df8227630a2158,deepseek-chat,795,377,1172
f611b067ad0a448ba7df8227630a2158,unknown,0,0,0
f616669e83194cfab189a278d803761d,ark/deepseek-v3,6181,854,7035
f616669e83194cfab189a278d803761d,unknown,0,0,0
f616a53b0fb24739b2837429c20599c0,ark/deepseek-v3-1,1405,760,2165
f616a53b0fb24739b2837429c20599c0,unknown,0,0,0
f619ac42f7bf4f20920357605428eb3e,deepseek-chat,2216,899,3115
f619ac42f7bf4f20920357605428eb3e,unknown,0,0,0
f6215c9270c840c3b1a45db398823df8,ark/deepseek-v3,0,0,0
f6215c9270c840c3b1a45db398823df8,unknown,0,0,0
f6299f877b8448d5a4e4e8b8226236d5,deepseek-chat,561,207,768
f6299f877b8448d5a4e4e8b8226236d5,unknown,0,0,0
f62c3e3db54649d4a0c5cd433fd04bd1,ark/deepseek-v3-1,700,306,1006
f62c3e3db54649d4a0c5cd433fd04bd1,unknown,0,0,0
f6310dffd98a41899fa26e4cae0791ca,deepseek-chat,0,0,0
f6310dffd98a41899fa26e4cae0791ca,unknown,0,0,0
f63aa27a30234c64a47e9e8f00b5e6fa,ark/deepseek-v3-1,0,0,0
f63aa27a30234c64a47e9e8f00b5e6fa,unknown,0,0,0
f63f68604a9646b2a518f65d2e3b6b7c,ark/deepseek-v3,1536,999,2535
f63f68604a9646b2a518f65d2e3b6b7c,unknown,0,0,0
f63fb006e2f6433a9247c5ba7bcfa5eb,ark/deepseek-v3,701,175,876
f63fb006e2f6433a9247c5ba7bcfa5eb,unknown,0,0,0
f643ac6767984436b57f7c6f96f550f3,deepseek-chat,561,203,764
f643ac6767984436b57f7c6f96f550f3,unknown,0,0,0
f64a2ad7b9cf4cfe9a7f32ec8151145b,ark/deepseek-v3,467,100,567
f64a2ad7b9cf4cfe9a7f32ec8151145b,unknown,0,0,0
f64cbc635df8403fb2cc3dfb77d69c57,deepseek-chat,757,461,1218
f64cbc635df8403fb2cc3dfb77d69c57,unknown,0,0,0
f655a0abd16f4b209b68da67709ea2ce,ark/deepseek-v3,1127,259,1386
f655a0abd16f4b209b68da67709ea2ce,unknown,0,0,0
f658bb95f70f40b1a618a9f840f54486,ark/deepseek-v3,467,95,562
f658bb95f70f40b1a618a9f840f54486,unknown,0,0,0
f66264cd994f43b094ba7cedf9eeea59,unknown,0,0,0
f6642e103f4344658dd613a827373d3e,deepseek-chat,4150,1544,5694
f6642e103f4344658dd613a827373d3e,unknown,0,0,0
f6659fa7ad7348dd84cd5893ab5b781b,deepseek-chat,2717,1310,4027
f6659fa7ad7348dd84cd5893ab5b781b,unknown,0,0,0
f665f420f76d4fc8bce5de7682c60e71,ark/deepseek-v3,0,0,0
f665f420f76d4fc8bce5de7682c60e71,unknown,0,0,0
f6691ed06f9847619447087129ef1b68,deepseek-chat,658,295,953
f6691ed06f9847619447087129ef1b68,unknown,0,0,0
f66ab44014024d7cbc1e5f5068308ee4,ark/deepseek-v3,1179,641,1820
f66ab44014024d7cbc1e5f5068308ee4,unknown,0,0,0
f66b413f564c4c50bc80562113c37a9f,ark/deepseek-v3,467,93,560
f66b413f564c4c50bc80562113c37a9f,unknown,0,0,0
f66b7cdbfed9462c8691c7d5dd72c923,ark/deepseek-v3,0,0,0
f66b7cdbfed9462c8691c7d5dd72c923,unknown,0,0,0
f672868477664f57a6ec5417c88cddde,ark/deepseek-v3,1089,302,1391
f672868477664f57a6ec5417c88cddde,unknown,0,0,0
f67442606af244f1a69eb6eaac835a7b,deepseek-chat,2933,1101,4034
f67442606af244f1a69eb6eaac835a7b,unknown,0,0,0
f6802d1931324cdcb2ccdc5144745320,deepseek-chat,5196,2236,7432
f6802d1931324cdcb2ccdc5144745320,unknown,0,0,0
f681cc5fc51c481d9ce6ef44b5129ccf,deepseek-chat,1396,570,1966
f681cc5fc51c481d9ce6ef44b5129ccf,unknown,0,0,0
f6824b86e08f4ef7aeecacc4e8607ba2,ark/deepseek-v3,1455,229,1684
f6824b86e08f4ef7aeecacc4e8607ba2,unknown,0,0,0
f6848af5b1a9465da14da95ceb9c1fef,deepseek-chat,3276,1425,4701
f6848af5b1a9465da14da95ceb9c1fef,gpt-4.1,2481,800,3281
f6848af5b1a9465da14da95ceb9c1fef,unknown,0,0,0
f68547047a644cfe812b5dd3f66f01d5,ark/deepseek-v3,6256,1265,7521
f68547047a644cfe812b5dd3f66f01d5,unknown,0,0,0
f68b2cef25c84c9692983abd7cc88f05,deepseek-chat,2632,1232,3864
f68b2cef25c84c9692983abd7cc88f05,unknown,0,0,0
f68c9597a2be420c984c3d29944d0cc1,ark/deepseek-v3,1348,2476,3824
f68c9597a2be420c984c3d29944d0cc1,unknown,0,0,0
f68d86e68a1843f5966d1ad4ece9f95a,ark/deepseek-v3,29329,5130,34459
f68d86e68a1843f5966d1ad4ece9f95a,unknown,0,0,0
f694791db2d9451d8a5f744e9d0b7341,ark/deepseek-v3,1088,299,1387
f694791db2d9451d8a5f744e9d0b7341,unknown,0,0,0
f696f1153c0d4636918e6efbeac66b2f,ark/deepseek-v3,467,87,554
f696f1153c0d4636918e6efbeac66b2f,unknown,0,0,0
f69b4bcdd2f14a8d9f4e9934dc58146d,ark/deepseek-v3,3145,330,3475
f69b4bcdd2f14a8d9f4e9934dc58146d,unknown,0,0,0
f6a028a9a2b14943b3e9c9ea82f41570,ark/deepseek-v3,1251,215,1466
f6a028a9a2b14943b3e9c9ea82f41570,unknown,0,0,0
f6a655084d4942dc8c710db87f071ddc,ark/deepseek-v3,701,174,875
f6a655084d4942dc8c710db87f071ddc,unknown,0,0,0
f6a8f093f6f244a59d394a0d7a120b5d,deepseek-chat,1512,300,1812
f6a8f093f6f244a59d394a0d7a120b5d,unknown,0,0,0
f6aa62c3195e4e6f83f1fe064f33830e,ark/deepseek-v3,701,198,899
f6aa62c3195e4e6f83f1fe064f33830e,unknown,0,0,0
f6b7ee2058ab4128a3cb9352e23f7b24,deepseek-chat,670,363,1033
f6b7ee2058ab4128a3cb9352e23f7b24,unknown,0,0,0
f6c0592143fb48a5a9c283f60bba9453,ark/deepseek-v3,2698,990,3688
f6c0592143fb48a5a9c283f60bba9453,unknown,0,0,0
f6c2c658992942a08ddf757a2a410d8c,ark/deepseek-v3-1,1405,764,2169
f6c2c658992942a08ddf757a2a410d8c,unknown,0,0,0
f6cbe6edfc8142c28d292a928f78e4cd,deepseek-chat,2373,931,3304
f6cbe6edfc8142c28d292a928f78e4cd,unknown,0,0,0
f6cc761e7d8d4e04954de743a5740861,ark/deepseek-v3,1455,186,1641
f6cc761e7d8d4e04954de743a5740861,unknown,0,0,0
f6d044fa095c445699bf7df29331d93c,ark/deepseek-v3,467,94,561
f6d044fa095c445699bf7df29331d93c,unknown,0,0,0
f6d44f91409d48459b78d3664b40bba1,ark/deepseek-v3,701,454,1155
f6d44f91409d48459b78d3664b40bba1,unknown,0,0,0
f6e3af3c8ad24687a75fc596b38aec50,ark/deepseek-v3,1450,813,2263
f6e3af3c8ad24687a75fc596b38aec50,unknown,0,0,0
f6e4a23c35fc42c792ddfc156a48b7e9,ark/deepseek-v3,1455,251,1706
f6e4a23c35fc42c792ddfc156a48b7e9,unknown,0,0,0
f6e7240346954431b37634a63544b55e,ark/deepseek-v3,3144,284,3428
f6e7240346954431b37634a63544b55e,unknown,0,0,0
f6e9b6b6161d476a86ec2fac930dfb97,deepseek-chat,3506,1252,4758
f6e9b6b6161d476a86ec2fac930dfb97,gpt-4.1,4489,1117,5606
f6e9b6b6161d476a86ec2fac930dfb97,unknown,0,0,0
f6f0773ad758499f843c33abccb57492,ark/deepseek-v3,0,0,0
f6f0773ad758499f843c33abccb57492,unknown,0,0,0
f6f4555596a54e43ba36d5e355b350e0,ark/deepseek-v3,2397,460,2857
f6f4555596a54e43ba36d5e355b350e0,unknown,0,0,0
f6f7e653ba8a40298dc12e6b1ab8b432,ark/deepseek-v3,701,199,900
f6f7e653ba8a40298dc12e6b1ab8b432,unknown,0,0,0
f6f94818462b40a69d86161b06e897d1,ark/deepseek-v3-1,1405,967,2372
f6f94818462b40a69d86161b06e897d1,unknown,0,0,0
f6fc554c000d4047b5d65af8881507eb,ark/deepseek-v3,4545,628,5173
f6fc554c000d4047b5d65af8881507eb,deepseek-chat,1134,976,2110
f6fc554c000d4047b5d65af8881507eb,unknown,0,0,0
f703ddf507fb4424a6c05539d520e4a0,ark/deepseek-v3,467,85,552
f703ddf507fb4424a6c05539d520e4a0,unknown,0,0,0
f706070469b44ac28348e6c8788671c4,ark/deepseek-v3,1244,652,1896
f706070469b44ac28348e6c8788671c4,unknown,0,0,0
f70b329c25404cf1ad29ce53582ae1cd,deepseek-chat,2632,821,3453
f70b329c25404cf1ad29ce53582ae1cd,unknown,0,0,0
f70c3b2ce3624948b1ec46c053677b82,ark/deepseek-v3,8020,1446,9466
f70c3b2ce3624948b1ec46c053677b82,unknown,0,0,0
f71a83957d2143cea5bec48971c58cf6,ark/deepseek-v3,2318,322,2640
f71a83957d2143cea5bec48971c58cf6,unknown,0,0,0
f71a85ffe3364a59a666c8d20033b101,ark/deepseek-v3,1214,628,1842
f71a85ffe3364a59a666c8d20033b101,unknown,0,0,0
f71ac60b010c4c5ea8748ca9c9ab4346,ark/deepseek-v3,10522,1105,11627
f71ac60b010c4c5ea8748ca9c9ab4346,unknown,0,0,0
f71b745663424e8e962c355fbb3557f3,deepseek-chat,561,206,767
f71b745663424e8e962c355fbb3557f3,unknown,0,0,0
f71c3aa41d6f4bdca26c2b2005dd84e1,ark/deepseek-v3,467,91,558
f71c3aa41d6f4bdca26c2b2005dd84e1,unknown,0,0,0
f71d0f3b4c7e402b80b39fed709d634d,ark/deepseek-v3-1,5794,2094,7888
f71d0f3b4c7e402b80b39fed709d634d,unknown,0,0,0
f7259b468f0643f69d72a47511b9a853,deepseek-chat,865,423,1288
f7259b468f0643f69d72a47511b9a853,unknown,0,0,0
f72770c89f174a12ac911b878c3e4f72,ark/deepseek-v3,1455,187,1642
f72770c89f174a12ac911b878c3e4f72,unknown,0,0,0
f729f1cf3d6f48bf9e183f1ccd1c0bae,deepseek-chat,889,479,1368
f729f1cf3d6f48bf9e183f1ccd1c0bae,unknown,0,0,0
f7301352a2954f11b033f28dadbe69ff,unknown,0,0,0
f73b1f9dfc934e76b114ddda5dff83a9,ark/deepseek-v3,467,83,550
f73b1f9dfc934e76b114ddda5dff83a9,unknown,0,0,0
f73b8cd549bc49c2903b22738328bbcd,ark/deepseek-v3-1,5089,2651,7740
f73b8cd549bc49c2903b22738328bbcd,gpt-4.1,3845,1059,4904
f73b8cd549bc49c2903b22738328bbcd,unknown,0,0,0
f74492dc373a492db1da984687748c3a,deepseek-chat,671,518,1189
f74492dc373a492db1da984687748c3a,unknown,0,0,0
f748e3bb19094028bdef161a68e2be69,ark/deepseek-v3,5015,1745,6760
f748e3bb19094028bdef161a68e2be69,unknown,0,0,0
f75353c8073548029dccb80af344afd7,deepseek-chat,1713,528,2241
f75353c8073548029dccb80af344afd7,unknown,0,0,0
f753d0b15d1f465a9d5bb056d07bb2f4,ark/deepseek-v3,8978,1422,10400
f753d0b15d1f465a9d5bb056d07bb2f4,unknown,0,0,0
f7608da11eda4edeac087dbc436950f9,unknown,0,0,0
f7626f48110a488aa044011bc39a31d9,ark/deepseek-v3,1396,942,2338
f7626f48110a488aa044011bc39a31d9,unknown,0,0,0
f764de3e42124b2ab37eff5590e871ef,ark/deepseek-v3,467,90,557
f764de3e42124b2ab37eff5590e871ef,unknown,0,0,0
f766f20e6a02471797bf2def9170907e,unknown,0,0,0
f7678a95c46a4eefb7ddacf637cd2617,ark/deepseek-v3,3143,270,3413
f7678a95c46a4eefb7ddacf637cd2617,unknown,0,0,0
f769d14344d74f9eab3362c2cf3ecbcc,ark/deepseek-v3,714,260,974
f769d14344d74f9eab3362c2cf3ecbcc,unknown,0,0,0
f76adbd8ea114cc1a78fd2bebb598fdd,deepseek-chat,561,206,767
f76adbd8ea114cc1a78fd2bebb598fdd,unknown,0,0,0
f777d12f92544edd92d9b3947ce15e70,deepseek-chat,1761,718,2479
f777d12f92544edd92d9b3947ce15e70,gpt-4.1,2983,480,3463
f777d12f92544edd92d9b3947ce15e70,unknown,0,0,0
f77a341035234dafa2544755ae86d406,ark/deepseek-v3-1,3862,1613,5475
f77a341035234dafa2544755ae86d406,unknown,0,0,0
f77b9257b59c4ddf97baa595badab70e,ark/deepseek-v3,467,93,560
f77b9257b59c4ddf97baa595badab70e,unknown,0,0,0
f7843aeed84845ecad9a2a92d5ebc7ef,ark/deepseek-v3,6292,1334,7626
f7843aeed84845ecad9a2a92d5ebc7ef,unknown,0,0,0
f7862d6615db47c886eadabeea538e77,ark/deepseek-v3,467,90,557
f7862d6615db47c886eadabeea538e77,unknown,0,0,0
f789d470cd594e46a6293cca683b8523,ark/deepseek-v3,1083,337,1420
f789d470cd594e46a6293cca683b8523,deepseek-chat,6240,214,6454
f789d470cd594e46a6293cca683b8523,unknown,0,0,0
f78a50493c914d4995389570fbd266ff,deepseek-chat,2136,834,2970
f78a50493c914d4995389570fbd266ff,unknown,0,0,0
f78f4387413f40c6b46c1730213e1dd6,deepseek-chat,5400,1543,6943
f78f4387413f40c6b46c1730213e1dd6,unknown,0,0,0
f797b874e5be4e58b797def20094b3bc,ark/deepseek-v3,3431,1293,4724
f797b874e5be4e58b797def20094b3bc,unknown,0,0,0
f799e82d98f7463081be7bdbf86fae2f,ark/deepseek-v3,791,102,893
f799e82d98f7463081be7bdbf86fae2f,unknown,0,0,0
f79cd1c4d0734d10a0957ff7ee62a6bd,ark/deepseek-v3,701,175,876
f79cd1c4d0734d10a0957ff7ee62a6bd,unknown,0,0,0
f79d7732633b449f90e35c6c968483df,deepseek-chat,3064,608,3672
f79d7732633b449f90e35c6c968483df,unknown,0,0,0
f7a4259949144ade83ffec0914d8edd1,ark/deepseek-v3,701,176,877
f7a4259949144ade83ffec0914d8edd1,unknown,0,0,0
f7a577553a764a7daed0abdea7adff8a,unknown,0,0,0
f7a82ce0207d4e27b8425c950cdc997f,deepseek-chat,3247,1604,4851
f7a82ce0207d4e27b8425c950cdc997f,gpt-4.1,3370,1000,4370
f7a82ce0207d4e27b8425c950cdc997f,unknown,0,0,0
f7acf7f09bc44153b89cca9510322224,gpt-4o-mini,11511,1023,12534
f7acf7f09bc44153b89cca9510322224,unknown,0,0,0
f7b0672540594dd0975fc9e58069520a,deepseek-chat,561,207,768
f7b0672540594dd0975fc9e58069520a,unknown,0,0,0
f7b0d8d9c4254b7cad02389141a1bd70,ark/deepseek-v3-1,528,210,738
f7b0d8d9c4254b7cad02389141a1bd70,unknown,0,0,0
f7b171a780704d1b921ab0a5f368ff5d,deepseek-chat,670,377,1047
f7b171a780704d1b921ab0a5f368ff5d,unknown,0,0,0
f7b4ecf1bb504fecaccccae91b456509,ark/deepseek-v3,787,89,876
f7b4ecf1bb504fecaccccae91b456509,unknown,0,0,0
f7b717a5e3a7418a823a2efb1cdaee74,ark/deepseek-v3,633,252,885
f7b717a5e3a7418a823a2efb1cdaee74,unknown,0,0,0
f7bd4b7e51d8496ba6c640993cd246db,unknown,0,0,0
f7bde262a6824de892eef6376283c2f9,ark/deepseek-v3,4778,971,5749
f7bde262a6824de892eef6376283c2f9,unknown,0,0,0
f7c0b5a19ba844ef9c440f7f3f409900,ark/deepseek-v3,32655,6522,39177
f7c0b5a19ba844ef9c440f7f3f409900,unknown,0,0,0
f7cabc0c7bd5446b86ef37fa9b8f66c5,ark/deepseek-v3-1,1405,850,2255
f7cabc0c7bd5446b86ef37fa9b8f66c5,unknown,0,0,0
f7ccd4678c64489381fbc6816474da94,deepseek-chat,788,311,1099
f7ccd4678c64489381fbc6816474da94,unknown,0,0,0
f7d19961688f4870954ad3ce070a1680,ark/deepseek-v3,758,119,877
f7d19961688f4870954ad3ce070a1680,unknown,0,0,0
f7d56c7f1ec64d29b79b739fe3f61e2b,ark/deepseek-v3,4285,2206,6491
f7d56c7f1ec64d29b79b739fe3f61e2b,unknown,0,0,0
f7d5a7348847435f8154da299ccfe49d,deepseek-chat,1435,1011,2446
f7d5a7348847435f8154da299ccfe49d,unknown,0,0,0
f7d676094a19487c90f6dce152dc1b92,ark/deepseek-v3,1548,881,2429
f7d676094a19487c90f6dce152dc1b92,unknown,0,0,0
f7db82e446d042299f6ef94af642bd45,ark/deepseek-v3,3896,450,4346
f7db82e446d042299f6ef94af642bd45,unknown,0,0,0
f7eccd717d5d44a7b7356192370c821f,ark/deepseek-v3,2642,1241,3883
f7eccd717d5d44a7b7356192370c821f,unknown,0,0,0
f806c90da9e549dca3fbdde4da5ad15d,ark/deepseek-v3,1088,268,1356
f806c90da9e549dca3fbdde4da5ad15d,unknown,0,0,0
f80bfaf74d634b469ec901106c38daa5,ark/deepseek-v3,0,0,0
f80bfaf74d634b469ec901106c38daa5,unknown,0,0,0
f8115fbc4ebd453aab394028889690f8,deepseek-chat,753,446,1199
f8115fbc4ebd453aab394028889690f8,unknown,0,0,0
f813b886a6154fef9bcba4eaf6fc1e6c,ark/deepseek-v3,1807,956,2763
f813b886a6154fef9bcba4eaf6fc1e6c,unknown,0,0,0
f816e4794f7a4e9f9fc7dc13eed23ca1,ark/deepseek-v3,1837,366,2203
f816e4794f7a4e9f9fc7dc13eed23ca1,unknown,0,0,0
f81a53e0a61844fe84b7b1663b7f474d,ark/deepseek-v3,467,97,564
f81a53e0a61844fe84b7b1663b7f474d,unknown,0,0,0
f81fb60b7c1a448a98e2cc16010c3a06,ark/deepseek-v3,1251,223,1474
f81fb60b7c1a448a98e2cc16010c3a06,unknown,0,0,0
f821509d265f485f9af1619bb283b88c,ark/deepseek-v3,467,94,561
f821509d265f485f9af1619bb283b88c,unknown,0,0,0
f823273d78f24fd68ecc455568d04d13,deepseek-chat,0,0,0
f823273d78f24fd68ecc455568d04d13,unknown,0,0,0
f8272ff1711f42439388afdb8964a284,deepseek-chat,2102,413,2515
f8272ff1711f42439388afdb8964a284,unknown,0,0,0
f82ba23c12024f4c85dcb8f73b46bec6,ark/deepseek-v3,806,163,969
f82ba23c12024f4c85dcb8f73b46bec6,unknown,0,0,0
f82d9bd23ece42fa8266322bad3435a2,deepseek-chat,865,427,1292
f82d9bd23ece42fa8266322bad3435a2,unknown,0,0,0
f8300b635e064be79de1f6209930e0f6,deepseek-chat,670,334,1004
f8300b635e064be79de1f6209930e0f6,unknown,0,0,0
f8399440779e4d9a892d2794552bf16e,ark/deepseek-v3,5904,1235,7139
f8399440779e4d9a892d2794552bf16e,unknown,0,0,0
f83a844b849e4431929bcae55474fdae,ark/deepseek-v3,6361,941,7302
f83a844b849e4431929bcae55474fdae,unknown,0,0,0
f83c105c389f4ca29111eb231525b9f5,ark/deepseek-v3,0,0,0
f83c105c389f4ca29111eb231525b9f5,unknown,0,0,0
f83ffa94ce04466e8779bafa42a8d90f,ark/deepseek-v3,1178,482,1660
f83ffa94ce04466e8779bafa42a8d90f,deepseek-chat,6303,243,6546
f83ffa94ce04466e8779bafa42a8d90f,unknown,0,0,0
f840a341e11b4e3882dc254bbd52d446,deepseek-chat,7010,3816,10826
f840a341e11b4e3882dc254bbd52d446,unknown,0,0,0
f841d50acc8c415586b83d45d0fc8a14,ark/deepseek-v3,6283,1214,7497
f841d50acc8c415586b83d45d0fc8a14,unknown,0,0,0
f843fc483f2f41ea854977cf52129cf4,ark/deepseek-v3,5620,1214,6834
f843fc483f2f41ea854977cf52129cf4,unknown,0,0,0
f856ab50c6c64bf490fa7d3c129348fe,deepseek-chat,671,375,1046
f856ab50c6c64bf490fa7d3c129348fe,unknown,0,0,0
f86ce11f0ab04396a9cd46c25cbc1982,ark/deepseek-v3,3143,287,3430
f86ce11f0ab04396a9cd46c25cbc1982,unknown,0,0,0
f876387da6194c6382b7ab7364308a8f,ark/deepseek-v3,467,96,563
f876387da6194c6382b7ab7364308a8f,unknown,0,0,0
f8812b4419924d32aa9535e2a952b08b,ark/deepseek-v3,467,93,560
f8812b4419924d32aa9535e2a952b08b,unknown,0,0,0
f8827617f2474b2c92c53fcf78c8530b,ark/deepseek-v3,2397,453,2850
f8827617f2474b2c92c53fcf78c8530b,ark/deepseek-v3-1,0,0,0
f8827617f2474b2c92c53fcf78c8530b,unknown,0,0,0
f889c826ea2749b29425c372873f3555,deepseek-chat,561,207,768
f889c826ea2749b29425c372873f3555,unknown,0,0,0
f8984f4d4a1648a2a9d27289069d5892,ark/deepseek-v3,467,116,583
f8984f4d4a1648a2a9d27289069d5892,unknown,0,0,0
f89bf9505d214bf4829c5463a29f2c5d,ark/deepseek-v3,1455,224,1679
f89bf9505d214bf4829c5463a29f2c5d,unknown,0,0,0
f89ec4cb18bd4e35a000bca3c9931b62,unknown,0,0,0
f8a740bda6694972bddb5185e98ddef4,ark/deepseek-v3,467,96,563
f8a740bda6694972bddb5185e98ddef4,unknown,0,0,0
f8ac2dba6b2345dd9906c8a2dad97e38,ark/deepseek-v3,6607,727,7334
f8ac2dba6b2345dd9906c8a2dad97e38,unknown,0,0,0
f8b8097558884ef9951d5c9518e5315c,deepseek-chat,3350,1205,4555
f8b8097558884ef9951d5c9518e5315c,gpt-4.1,3393,913,4306
f8b8097558884ef9951d5c9518e5315c,unknown,0,0,0
f8ba491af76441eda87099cacae89922,ark/deepseek-v3,1248,511,1759
f8ba491af76441eda87099cacae89922,unknown,0,0,0
f8bfefeb62b246cb8d3a9be8f0027373,deepseek-chat,3531,1434,4965
f8bfefeb62b246cb8d3a9be8f0027373,unknown,0,0,0
f8c12de4142640ba87a16140d2e26973,deepseek-chat,0,0,0
f8c12de4142640ba87a16140d2e26973,unknown,0,0,0
f8cf6c9fa6ca47f5b232d5236a66b63a,deepseek-chat,561,207,768
f8cf6c9fa6ca47f5b232d5236a66b63a,unknown,0,0,0
f8d049c2b9b1470b9c741f0048479cbc,ark/deepseek-v3,8106,796,8902
f8d049c2b9b1470b9c741f0048479cbc,unknown,0,0,0
f8d4871034b6403b86aa69491717a03d,unknown,0,0,0
f8e3bf4791ad4917bb277f3b344cb5d4,ark/deepseek-v3,2723,1602,4325
f8e3bf4791ad4917bb277f3b344cb5d4,unknown,0,0,0
f8e909de0a8642e48d4d94d73fef0ce0,ark/deepseek-v3,1455,196,1651
f8e909de0a8642e48d4d94d73fef0ce0,unknown,0,0,0
f8e99942c54943ccbfa0a6e67555b748,deepseek-chat,2630,1027,3657
f8e99942c54943ccbfa0a6e67555b748,unknown,0,0,0
f8e9c172f1d1432499f40e5d7e5dd76b,deepseek-chat,3645,1515,5160
f8e9c172f1d1432499f40e5d7e5dd76b,unknown,0,0,0
f8eb14b306d24903936c59df6bce23d4,deepseek-chat,671,409,1080
f8eb14b306d24903936c59df6bce23d4,unknown,0,0,0
f8ec9af5060e4f2487031a210be6c652,ark/deepseek-v3,1837,390,2227
f8ec9af5060e4f2487031a210be6c652,unknown,0,0,0
f8ecc3b99f5c4bb5a3858383d9561d1e,ark/deepseek-v3-1,1893,710,2603
f8ecc3b99f5c4bb5a3858383d9561d1e,gpt-4.1,1067,29,1096
f8ecc3b99f5c4bb5a3858383d9561d1e,unknown,0,0,0
f8f65cfd028e4178b5c2476a0f4e56b6,deepseek-chat,2159,1584,3743
f8f65cfd028e4178b5c2476a0f4e56b6,unknown,0,0,0
f8fceefd46a440c6984fbe5a76b0be2c,ark/deepseek-v3,1455,234,1689
f8fceefd46a440c6984fbe5a76b0be2c,unknown,0,0,0
f90447af2f124042b36e2d760b7cafe7,deepseek-chat,1569,346,1915
f90447af2f124042b36e2d760b7cafe7,unknown,0,0,0
f905dae6ca694791aab8c33eca0de325,deepseek-chat,781,388,1169
f905dae6ca694791aab8c33eca0de325,unknown,0,0,0
f9079703199e4b50a0dd87b26f19e2fe,ark/deepseek-v3-1,1405,898,2303
f9079703199e4b50a0dd87b26f19e2fe,unknown,0,0,0
f9081f65179b4a6984a93e774add5027,deepseek-chat,0,0,0
f9081f65179b4a6984a93e774add5027,unknown,0,0,0
f90832082fab4e5a8fe68abb80da64db,deepseek-chat,3191,1167,4358
f90832082fab4e5a8fe68abb80da64db,gpt-4.1,3350,851,4201
f90832082fab4e5a8fe68abb80da64db,unknown,0,0,0
f90a02b8f31a4c74b05d57284cdfa1d3,ark/deepseek-v3-1,1405,964,2369
f90a02b8f31a4c74b05d57284cdfa1d3,unknown,0,0,0
f910e01e6a4649949009341bd1a042b7,ark/deepseek-v3,467,91,558
f910e01e6a4649949009341bd1a042b7,unknown,0,0,0
f913904bbd7d4262b8d89c3346389af0,ark/deepseek-v3-1,1892,1045,2937
f913904bbd7d4262b8d89c3346389af0,gpt-4.1,1064,30,1094
f913904bbd7d4262b8d89c3346389af0,unknown,0,0,0
f9160f285cb24c09bac3ae5452bcb641,ark/deepseek-v3,0,0,0
f9160f285cb24c09bac3ae5452bcb641,unknown,0,0,0
f9198f068c104599b9d70477795d3702,ark/deepseek-v3-1,1329,869,2198
f9198f068c104599b9d70477795d3702,unknown,0,0,0
f91c3f09f9684d5ab01f51a561845fb7,deepseek-chat,1237,579,1816
f91c3f09f9684d5ab01f51a561845fb7,unknown,0,0,0
f92170f4d7db40e78c63b30e10bda979,deepseek-chat,962,345,1307
f92170f4d7db40e78c63b30e10bda979,unknown,0,0,0
f921f504b56f4cfd895201995e62fb88,ark/deepseek-v3,2365,504,2869
f921f504b56f4cfd895201995e62fb88,unknown,0,0,0
f923c235fda140a38a3c7361015d9fd3,ark/deepseek-v3,467,92,559
f923c235fda140a38a3c7361015d9fd3,unknown,0,0,0
f92b9ad793a740339885647c651ec99b,unknown,0,0,0
f92c021d4f5d4fb4a1845f8ac243c435,ark/deepseek-v3,465,105,570
f92c021d4f5d4fb4a1845f8ac243c435,unknown,0,0,0
f92ea1d031b04c6cb55ef9e2bcb066ad,ark/deepseek-v3,701,175,876
f92ea1d031b04c6cb55ef9e2bcb066ad,unknown,0,0,0
f933528bc5c74467894ead7180a8499a,ark/deepseek-v3,467,99,566
f933528bc5c74467894ead7180a8499a,unknown,0,0,0
f94235d8429a4bec82ba677cf24e108e,deepseek-chat,0,0,0
f94235d8429a4bec82ba677cf24e108e,unknown,0,0,0
f94d0d28a1034d84b9e0a8269d5a1791,deepseek-chat,1288,817,2105
f94d0d28a1034d84b9e0a8269d5a1791,unknown,0,0,0
f94f42c7637e44ebb0dd29bd8309575d,deepseek-chat,6737,449,7186
f94f42c7637e44ebb0dd29bd8309575d,gpt-4.1,1638,400,2038
f94f42c7637e44ebb0dd29bd8309575d,unknown,0,0,0
f9635ee8c54b4746af3ff639f691de04,ark/deepseek-v3,1431,805,2236
f9635ee8c54b4746af3ff639f691de04,unknown,0,0,0
f96734042b934778976ebafb0da1dcdf,ark/deepseek-v3,0,0,0
f96734042b934778976ebafb0da1dcdf,unknown,0,0,0
f96e496419db44069649c4f806e9533a,deepseek-chat,3343,1082,4425
f96e496419db44069649c4f806e9533a,unknown,0,0,0
f96f5eb49ffa4c91a998b03d2cb10dfa,deepseek-chat,1232,553,1785
f96f5eb49ffa4c91a998b03d2cb10dfa,unknown,0,0,0
f9711e321ba64d9fb8f132a8cab05a05,ark/deepseek-v3,467,93,560
f9711e321ba64d9fb8f132a8cab05a05,unknown,0,0,0
f98011e6b60a4f77af28845e2f6cae06,ark/deepseek-v3,0,0,0
f98011e6b60a4f77af28845e2f6cae06,unknown,0,0,0
f98b155b27184d3481a371cbebc45687,deepseek-chat,1456,551,2007
f98b155b27184d3481a371cbebc45687,unknown,0,0,0
f98cf7c8de7948d299645abbaf34e6c6,deepseek-chat,3300,1342,4642
f98cf7c8de7948d299645abbaf34e6c6,gpt-4.1,4689,985,5674
f98cf7c8de7948d299645abbaf34e6c6,unknown,0,0,0
f98ec4ebc5654442b06a689cfbee34d4,ark/deepseek-v3,2398,1107,3505
f98ec4ebc5654442b06a689cfbee34d4,unknown,0,0,0
f9991e9bcb49481485a7d70f207e1fc2,ark/deepseek-v3-1,1405,923,2328
f9991e9bcb49481485a7d70f207e1fc2,unknown,0,0,0
f9993f53c9de47aaa57a1d7e5bec33f6,ark/deepseek-v3,6922,1619,8541
f9993f53c9de47aaa57a1d7e5bec33f6,deepseek-chat,12234,402,12636
f9993f53c9de47aaa57a1d7e5bec33f6,unknown,0,0,0
f999537aae1343f8acae65eeab6875e6,ark/deepseek-v3,658,343,1001
f999537aae1343f8acae65eeab6875e6,unknown,0,0,0
f99b2d5db2404fc68df38946519a06e9,deepseek-chat,0,0,0
f99b2d5db2404fc68df38946519a06e9,unknown,0,0,0
f99bfa6708294a2db28877bee23a49e0,ark/deepseek-v3,1244,676,1920
f99bfa6708294a2db28877bee23a49e0,unknown,0,0,0
f99f35ecf9ae418cb53f0fc09db621e5,ark/deepseek-v3,6169,1760,7929
f99f35ecf9ae418cb53f0fc09db621e5,gpt-4.1,644,25,669
f99f35ecf9ae418cb53f0fc09db621e5,unknown,0,0,0
f99fea111da0486eb52e86901e2d24b5,ark/deepseek-v3,467,126,593
f99fea111da0486eb52e86901e2d24b5,unknown,0,0,0
f9a6ecfcdbf34a1781c53e12ec9b5eca,ark/deepseek-v3,670,75,745
f9a6ecfcdbf34a1781c53e12ec9b5eca,unknown,0,0,0
f9a7507b0c0e4873b4a3f4a89846c535,deepseek-chat,561,207,768
f9a7507b0c0e4873b4a3f4a89846c535,unknown,0,0,0
f9a87c92fda440d4972213388c97ebbc,deepseek-chat,3978,1120,5098
f9a87c92fda440d4972213388c97ebbc,unknown,0,0,0
f9afe44899fa4947aca0784bad6a65c3,ark/deepseek-v3,701,198,899
f9afe44899fa4947aca0784bad6a65c3,unknown,0,0,0
f9b5433ae6954238b663fbdaf762725b,deepseek-chat,1782,777,2559
f9b5433ae6954238b663fbdaf762725b,unknown,0,0,0
f9be17400779400697f7391081ad458f,deepseek-chat,1434,1168,2602
f9be17400779400697f7391081ad458f,unknown,0,0,0
f9c1cc640edc4eee9b6ad6eec8aaad8c,ark/deepseek-v3,701,176,877
f9c1cc640edc4eee9b6ad6eec8aaad8c,unknown,0,0,0
f9c445dcf46549d88d237529a19d7ba3,ark/deepseek-v3,5793,1291,7084
f9c445dcf46549d88d237529a19d7ba3,unknown,0,0,0
f9ca122d91d94941b8124db28df6fae9,ark/deepseek-v3,465,119,584
f9ca122d91d94941b8124db28df6fae9,unknown,0,0,0
f9ce860e3b6a470cb3a4b45677498db2,ark/deepseek-v3,113,1332,1445
f9ce860e3b6a470cb3a4b45677498db2,unknown,0,0,0
f9d2fee948ac46d98edbc27fe9f96ee4,ark/deepseek-v3,1455,211,1666
f9d2fee948ac46d98edbc27fe9f96ee4,unknown,0,0,0
f9d3199ddfc44dfbafe26c32fbd93a95,deepseek-chat,1427,419,1846
f9d3199ddfc44dfbafe26c32fbd93a95,unknown,0,0,0
f9d654ac7e504da78cfbd2e7d84b26d4,ark/deepseek-v3,1789,858,2647
f9d654ac7e504da78cfbd2e7d84b26d4,unknown,0,0,0
f9f37bea98114ed48ac89c4a95d8bd5e,ark/deepseek-v3,2743,150,2893
f9f37bea98114ed48ac89c4a95d8bd5e,unknown,0,0,0
f9fdd8daca8b4a0faba888462056e585,deepseek-chat,862,442,1304
f9fdd8daca8b4a0faba888462056e585,unknown,0,0,0
f9ff3b81ee3d4ced91247cb113d272b9,deepseek-chat,1306,293,1599
f9ff3b81ee3d4ced91247cb113d272b9,gpt-4.1,1610,243,1853
f9ff3b81ee3d4ced91247cb113d272b9,unknown,0,0,0
fa1078ec321e44188c23b08295471edd,ark/deepseek-v3,2336,1198,3534
fa1078ec321e44188c23b08295471edd,unknown,0,0,0
fa117531825647b493c69bfc5761b6a2,ark/deepseek-v3,3143,301,3444
fa117531825647b493c69bfc5761b6a2,unknown,0,0,0
fa17d914e6e14289ad965a24c096a1c3,ark/deepseek-v3-1,1405,736,2141
fa17d914e6e14289ad965a24c096a1c3,gpt-4.1,1061,92,1153
fa17d914e6e14289ad965a24c096a1c3,unknown,0,0,0
fa1af5689b3a46fb8d7a1dc7fe6766f1,ark/deepseek-v3,4194,1746,5940
fa1af5689b3a46fb8d7a1dc7fe6766f1,unknown,0,0,0
fa1b1caa0170436da1f0e4583cf597da,deepseek-chat,0,0,0
fa1b1caa0170436da1f0e4583cf597da,unknown,0,0,0
fa1ccf9e7ede4d3bb84341e5fb6b1ac1,ark/deepseek-v3,8380,2975,11355
fa1ccf9e7ede4d3bb84341e5fb6b1ac1,gpt-4.1,1288,85,1373
fa1ccf9e7ede4d3bb84341e5fb6b1ac1,unknown,0,0,0
fa1e5a71052c4c6b860ee5b15a5749a5,deepseek-chat,670,323,993
fa1e5a71052c4c6b860ee5b15a5749a5,unknown,0,0,0
fa205ecf20594c60b4e602be446542dd,deepseek-chat,0,0,0
fa205ecf20594c60b4e602be446542dd,unknown,0,0,0
fa22065588c14f69b73e7a45e07dddb3,ark/deepseek-v3,4317,757,5074
fa22065588c14f69b73e7a45e07dddb3,unknown,0,0,0
fa2360362b434cd48b6e5b323596e0c7,ark/deepseek-v3,1646,491,2137
fa2360362b434cd48b6e5b323596e0c7,unknown,0,0,0
fa23b109b0394884b6292a21bdb31bfa,ark/kimi-k2,1666,850,2516
fa23b109b0394884b6292a21bdb31bfa,unknown,0,0,0
fa26a1390d8e459daa8936af57165e49,ark/deepseek-v3,467,97,564
fa26a1390d8e459daa8936af57165e49,unknown,0,0,0
fa2d7205a8384263a50b803754f3f11f,ark/deepseek-v3,15872,2753,18625
fa2d7205a8384263a50b803754f3f11f,unknown,0,0,0
fa3f903920a4429f92c95e87c7675123,deepseek-chat,780,328,1108
fa3f903920a4429f92c95e87c7675123,unknown,0,0,0
fa3f93ced9834e64abee03fa5d910ebd,ark/deepseek-v3,1236,526,1762
fa3f93ced9834e64abee03fa5d910ebd,unknown,0,0,0
fa430df7834344239613055be5f39c4d,ark/deepseek-v3,599,207,806
fa430df7834344239613055be5f39c4d,unknown,0,0,0
fa462674f9c2450897d2feb2464d7da9,unknown,0,0,0
fa497d904b9f43e1a002e37e8f869b8d,ark/deepseek-v3,13449,2592,16041
fa497d904b9f43e1a002e37e8f869b8d,unknown,0,0,0
fa53501a5eab464389218691203e4c2d,ark/deepseek-v3-1,4970,1154,6124
fa53501a5eab464389218691203e4c2d,unknown,0,0,0
fa56f46c8b654a9b840a56209f632909,ark/deepseek-v3,24658,4567,29225
fa56f46c8b654a9b840a56209f632909,unknown,0,0,0
fa60f5226151487695ecf964166bf8fb,ark/deepseek-v3,1472,805,2277
fa60f5226151487695ecf964166bf8fb,unknown,0,0,0
fa613218385e4195b8b855204ee031bc,ark/deepseek-v3,701,199,900
fa613218385e4195b8b855204ee031bc,unknown,0,0,0
fa6deb6ed36e4c8bb442577d0fa33672,deepseek-chat,1322,337,1659
fa6deb6ed36e4c8bb442577d0fa33672,unknown,0,0,0
fa73f5398dd44629a8f00e5c12ce90bb,ark/deepseek-v3,3008,1564,4572
fa73f5398dd44629a8f00e5c12ce90bb,unknown,0,0,0
fa7ec29c79a54adebc41a524b7ef4e8c,deepseek-chat,2122,807,2929
fa7ec29c79a54adebc41a524b7ef4e8c,unknown,0,0,0
fa84d913c0f24ccba8d7a3922d89b555,ark/deepseek-v3,701,202,903
fa84d913c0f24ccba8d7a3922d89b555,unknown,0,0,0
fa8bf71dcf9841a3bc35f9ef08620039,ark/deepseek-v3,1480,899,2379
fa8bf71dcf9841a3bc35f9ef08620039,unknown,0,0,0
fa905817b9f740c19553b3f482eb330b,ark/deepseek-v3,1518,819,2337
fa905817b9f740c19553b3f482eb330b,unknown,0,0,0
fa926dc978ab42a4943d1f2e2aff0ac0,ark/deepseek-v3,9136,1490,10626
fa926dc978ab42a4943d1f2e2aff0ac0,deepseek-chat,1693,1214,2907
fa926dc978ab42a4943d1f2e2aff0ac0,unknown,0,0,0
fa938f4820334bcbb0c663fad4586af7,deepseek-chat,671,369,1040
fa938f4820334bcbb0c663fad4586af7,unknown,0,0,0
fa948218521d4cdfbd6b7903e7e6909b,deepseek-chat,0,0,0
fa948218521d4cdfbd6b7903e7e6909b,unknown,0,0,0
fa96341ad57a49e2af11e0b3eb6251bd,ark/deepseek-v3-1,1405,997,2402
fa96341ad57a49e2af11e0b3eb6251bd,unknown,0,0,0
fa99223fb47f4a29a368e82405cf47b5,ark/deepseek-v3,701,175,876
fa99223fb47f4a29a368e82405cf47b5,unknown,0,0,0
faa081f651dd4216b04a69603a746b65,ark/deepseek-v3,1455,208,1663
faa081f651dd4216b04a69603a746b65,unknown,0,0,0
fab55af301f84715a1a821b00d35fb46,deepseek-chat,658,359,1017
fab55af301f84715a1a821b00d35fb46,unknown,0,0,0
fab5ce25660c49d99781dce3bc8636e3,ark/deepseek-v3-1,1891,1137,3028
fab5ce25660c49d99781dce3bc8636e3,gpt-4.1,1657,373,2030
fab5ce25660c49d99781dce3bc8636e3,unknown,0,0,0
fac0ba78a41949f7893b9d81bbfdfa3c,deepseek-chat,561,207,768
fac0ba78a41949f7893b9d81bbfdfa3c,unknown,0,0,0
fac193ea18224f7c92190f969f85c19e,ark/deepseek-v3-1,1329,1112,2441
fac193ea18224f7c92190f969f85c19e,unknown,0,0,0
fac5cef8b66543a3936cd70046ff9ab3,ark/deepseek-v3,1455,198,1653
fac5cef8b66543a3936cd70046ff9ab3,unknown,0,0,0
fac8518be0b445f1bd32eb2cdac29216,ark/deepseek-v3,701,175,876
fac8518be0b445f1bd32eb2cdac29216,unknown,0,0,0
faca49f503ca450f850b142625102ab7,deepseek-chat,671,413,1084
faca49f503ca450f850b142625102ab7,unknown,0,0,0
fad4f5120fad4d17b4ee0e2b2552f0cf,ark/deepseek-v3,6615,726,7341
fad4f5120fad4d17b4ee0e2b2552f0cf,unknown,0,0,0
fad6da02600a4d4d865beb5876f74025,ark/deepseek-v3,1251,240,1491
fad6da02600a4d4d865beb5876f74025,unknown,0,0,0
fadab10660254ad79aee3bdf0221bfbe,deepseek-chat,2115,697,2812
fadab10660254ad79aee3bdf0221bfbe,unknown,0,0,0
fadc383d81854359b8265f60caf75c1d,deepseek-chat,1055,386,1441
fadc383d81854359b8265f60caf75c1d,gpt-4.1,941,28,969
fadc383d81854359b8265f60caf75c1d,unknown,0,0,0
faddc5a08c6a4b6cb9fa9746c7e77fce,unknown,0,0,0
fae4c5d676064d959934dcd7c6ec687c,deepseek-chat,1402,304,1706
fae4c5d676064d959934dcd7c6ec687c,unknown,0,0,0
fae87e6790e544679122aa99eb958e6f,deepseek-chat,760,477,1237
fae87e6790e544679122aa99eb958e6f,unknown,0,0,0
fae8ea065763448e943eac9b8777b4da,deepseek-chat,670,333,1003
fae8ea065763448e943eac9b8777b4da,unknown,0,0,0
faeb2afeb8414e14a59f26d960462135,ark/deepseek-v3,1455,225,1680
faeb2afeb8414e14a59f26d960462135,unknown,0,0,0
faecddf3c3b444c6a0a00d8bdfba7dcc,ark/deepseek-v3-1,925,323,1248
faecddf3c3b444c6a0a00d8bdfba7dcc,unknown,0,0,0
faf4a78f0d8d4baea24beb16b37f82e6,deepseek-chat,1055,412,1467
faf4a78f0d8d4baea24beb16b37f82e6,gpt-4.1,941,28,969
faf4a78f0d8d4baea24beb16b37f82e6,unknown,0,0,0
faf9dcf77faa484e9986c1bd215412fa,ark/deepseek-v3,0,0,0
faf9dcf77faa484e9986c1bd215412fa,unknown,0,0,0
fb0738bffdb04bf28887147801803e9b,ark/deepseek-v3,6616,848,7464
fb0738bffdb04bf28887147801803e9b,unknown,0,0,0
fb146ac92d9e424b89e5b95cc6eadd92,ark/deepseek-v3,4524,517,5041
fb146ac92d9e424b89e5b95cc6eadd92,unknown,0,0,0
fb14829193a74f3e8adc6e83bbba61e3,deepseek-chat,670,338,1008
fb14829193a74f3e8adc6e83bbba61e3,unknown,0,0,0
fb17a3e61b1c4a2da20aae8bd563607b,ark/deepseek-v3,4815,2642,7457
fb17a3e61b1c4a2da20aae8bd563607b,unknown,0,0,0
fb1bd70fea174cd3a1254f82538bc922,deepseek-chat,2252,786,3038
fb1bd70fea174cd3a1254f82538bc922,unknown,0,0,0
fb1be197a18348dc810ee022a588c2e1,deepseek-chat,767,301,1068
fb1be197a18348dc810ee022a588c2e1,unknown,0,0,0
fb1e9e2788b1411ba2b812c20f7b39b9,unknown,0,0,0
fb2291333f9240e1a81d0f81de8576a0,deepseek-chat,2034,790,2824
fb2291333f9240e1a81d0f81de8576a0,unknown,0,0,0
fb2c54011cad4a8da7da6e032b3eb886,deepseek-chat,561,208,769
fb2c54011cad4a8da7da6e032b3eb886,unknown,0,0,0
fb3723accc69407b84cdebe4e9067471,ark/deepseek-v3,0,0,0
fb3723accc69407b84cdebe4e9067471,unknown,0,0,0
fb3a0531606e41c3bea677658da1e894,ark/deepseek-v3,1937,395,2332
fb3a0531606e41c3bea677658da1e894,unknown,0,0,0
fb4279a5f6014fb2bc7e6845e4d7ee83,ark/deepseek-v3-1,1657,211,1868
fb4279a5f6014fb2bc7e6845e4d7ee83,unknown,0,0,0
fb4336c52237438db6331aa86d1f05c6,ark/deepseek-v3,1455,184,1639
fb4336c52237438db6331aa86d1f05c6,unknown,0,0,0
fb451d49e19643dd82df6c4944a2d680,deepseek-chat,3175,1004,4179
fb451d49e19643dd82df6c4944a2d680,unknown,0,0,0
fb48c74ed32f48ffb463d42dea405838,deepseek-chat,1575,407,1982
fb48c74ed32f48ffb463d42dea405838,unknown,0,0,0
fb4bb31345fd4938a7095066a8c09553,ark/deepseek-v3,4519,2282,6801
fb4bb31345fd4938a7095066a8c09553,unknown,0,0,0
fb556bc3deb8405cb337b1a33181e757,deepseek-chat,671,466,1137
fb556bc3deb8405cb337b1a33181e757,unknown,0,0,0
fb59c31ae4f64391a0339dc43495e358,ark/deepseek-v3,467,106,573
fb59c31ae4f64391a0339dc43495e358,unknown,0,0,0
fb5d5658536d441cb65f16dd82ba70fb,ark/deepseek-v3,467,84,551
fb5d5658536d441cb65f16dd82ba70fb,unknown,0,0,0
fb6467eeb35845f2a52cbe86a1bd55ce,ark/deepseek-v3,701,199,900
fb6467eeb35845f2a52cbe86a1bd55ce,unknown,0,0,0
fb684dfafe414f1285b5177027d980a5,deepseek-chat,723,310,1033
fb684dfafe414f1285b5177027d980a5,unknown,0,0,0
fb6c02f4c5ae4ebbaeb65efd5ffeeb07,deepseek-chat,670,360,1030
fb6c02f4c5ae4ebbaeb65efd5ffeeb07,unknown,0,0,0
fb6d0e662d434d19a3ad39fa86e4a07f,ark/deepseek-v3,1767,824,2591
fb6d0e662d434d19a3ad39fa86e4a07f,unknown,0,0,0
fb6fe6fc3c06479c8bd4589792a550ee,ark/deepseek-v3,0,0,0
fb6fe6fc3c06479c8bd4589792a550ee,unknown,0,0,0
fb702945fdc94a45bf732af2efe40be4,deepseek-chat,1998,260,2258
fb702945fdc94a45bf732af2efe40be4,unknown,0,0,0
fb74ddbaf4cf4b14bf59d22aaad42c96,ark/deepseek-v3,701,191,892
fb74ddbaf4cf4b14bf59d22aaad42c96,unknown,0,0,0
fb7eebcafcf14225bf05c6d73366cce2,ark/deepseek-v3,8637,878,9515
fb7eebcafcf14225bf05c6d73366cce2,unknown,0,0,0
fb8bbdc7604f43d2a21869a1376db4be,unknown,0,0,0
fb93baec8c4d4dddb005867ce7714aad,ark/deepseek-v3,1315,455,1770
fb93baec8c4d4dddb005867ce7714aad,unknown,0,0,0
fb990507bf894929855809f64994d2b9,ark/deepseek-v3,8150,1567,9717
fb990507bf894929855809f64994d2b9,unknown,0,0,0
fba52c9b18cb4a9a8701777f8f8388c7,ark/deepseek-v3,1455,227,1682
fba52c9b18cb4a9a8701777f8f8388c7,unknown,0,0,0
fba63b0e3dc242ae8445d5acc3394467,ark/deepseek-v3,0,0,0
fba63b0e3dc242ae8445d5acc3394467,unknown,0,0,0
fba938fff8e6454a92d039f7efdb1b3f,deepseek-chat,2828,1214,4042
fba938fff8e6454a92d039f7efdb1b3f,unknown,0,0,0
fbad4760ba6242248b418d41f815e9e8,ark/deepseek-v3,758,108,866
fbad4760ba6242248b418d41f815e9e8,unknown,0,0,0
fbb1cc07caaf44c29ceae16ba690624b,deepseek-chat,864,462,1326
fbb1cc07caaf44c29ceae16ba690624b,unknown,0,0,0
fbb3cc9f45fd446e8d2b4eb5781afdd2,deepseek-chat,1680,293,1973
fbb3cc9f45fd446e8d2b4eb5781afdd2,unknown,0,0,0
fbb9ce2090b649e2a00e85554bc2bda0,ark/deepseek-v3,0,0,0
fbb9ce2090b649e2a00e85554bc2bda0,unknown,0,0,0
fbbafb2c6d5647d1b63f3ca44246344f,ark/deepseek-v3,695,73,768
fbbafb2c6d5647d1b63f3ca44246344f,unknown,0,0,0
fbbb14a45c3c467db34de0597e1d22b2,deepseek-chat,561,207,768
fbbb14a45c3c467db34de0597e1d22b2,unknown,0,0,0
fbbb4c2596594690bb6f605d382f9af7,ark/deepseek-v3,695,79,774
fbbb4c2596594690bb6f605d382f9af7,unknown,0,0,0
fbbfbe15a9fd49bd87fdaa9a4733240f,ark/deepseek-v3,1837,321,2158
fbbfbe15a9fd49bd87fdaa9a4733240f,unknown,0,0,0
fbc1758c45274e12abb8af75bd8c76d9,deepseek-chat,1782,779,2561
fbc1758c45274e12abb8af75bd8c76d9,unknown,0,0,0
fbc6129b3b9c45f3a007f4e2b026b67c,ark/deepseek-v3,8619,1728,10347
fbc6129b3b9c45f3a007f4e2b026b67c,unknown,0,0,0
fbc97293b34345b7b300ba7144b99f4b,ark/deepseek-v3-1,1405,925,2330
fbc97293b34345b7b300ba7144b99f4b,unknown,0,0,0
fbcba356837c473582aee64b9bdb8ba2,deepseek-chat,3083,1012,4095
fbcba356837c473582aee64b9bdb8ba2,unknown,0,0,0
fbde32cc210242298341bd7a5009d921,ark/deepseek-v3,5839,1321,7160
fbde32cc210242298341bd7a5009d921,unknown,0,0,0
fbe92ec9726b4810bc1ce7046652a4b4,ark/deepseek-v3,467,93,560
fbe92ec9726b4810bc1ce7046652a4b4,unknown,0,0,0
fbea7f9404104704945c84b91ebc47c9,ark/deepseek-v3,4655,2189,6844
fbea7f9404104704945c84b91ebc47c9,unknown,0,0,0
fbf300fef12f4dd484b640e125d9da81,ark/deepseek-v3,1065,310,1375
fbf300fef12f4dd484b640e125d9da81,unknown,0,0,0
fbf77554f2c645d89cf3a4b62b8b09e5,ark/deepseek-v3,834,177,1011
fbf77554f2c645d89cf3a4b62b8b09e5,unknown,0,0,0
fbfb1c2ce7794e708c3372a863986e33,ark/deepseek-v3,13446,2685,16131
fbfb1c2ce7794e708c3372a863986e33,deepseek-chat,4942,604,5546
fbfb1c2ce7794e708c3372a863986e33,unknown,0,0,0
fc03f09f09a24fe093496a7b13919f16,ark/deepseek-v3-1,8472,1581,10053
fc03f09f09a24fe093496a7b13919f16,unknown,0,0,0
fc0586729c9f42e68bd9a21b58221458,ark/deepseek-v3,13874,2514,16388
fc0586729c9f42e68bd9a21b58221458,unknown,0,0,0
fc107d8982f04c2cb0c54c0bf9af4c2f,ark/deepseek-v3,4146,1313,5459
fc107d8982f04c2cb0c54c0bf9af4c2f,unknown,0,0,0
fc11054354374b4d9e911cb1eca01cec,ark/kimi-k2,596,55,651
fc11054354374b4d9e911cb1eca01cec,qwen/qwen-max,1798,45,1843
fc11054354374b4d9e911cb1eca01cec,unknown,0,0,0
fc1d66c9b4c14eaab3820734f465f2ae,ark/deepseek-v3,3277,1454,4731
fc1d66c9b4c14eaab3820734f465f2ae,unknown,0,0,0
fc1e8de2b3bc4cd7b40fae9d172d1c1a,ark/deepseek-v3,701,175,876
fc1e8de2b3bc4cd7b40fae9d172d1c1a,unknown,0,0,0
fc2031a8e4b04263aacf26a72a61cc9a,ark/deepseek-v3-1,0,0,0
fc2031a8e4b04263aacf26a72a61cc9a,unknown,0,0,0
fc2478c744004929a41676b02707f703,ark/deepseek-v3,3241,6219,9460
fc2478c744004929a41676b02707f703,unknown,0,0,0
fc2648f90e0244d995eb4c9db96a254f,deepseek-chat,3422,1319,4741
fc2648f90e0244d995eb4c9db96a254f,gpt-4.1,4105,886,4991
fc2648f90e0244d995eb4c9db96a254f,unknown,0,0,0
fc27c3528f1c42118fa66af3120a786a,ark/deepseek-v3,1482,745,2227
fc27c3528f1c42118fa66af3120a786a,unknown,0,0,0
fc289ef30fa94b4b8e024e25a3185dde,ark/deepseek-v3,1837,388,2225
fc289ef30fa94b4b8e024e25a3185dde,unknown,0,0,0
fc2a8ccd8c40412397eca4f4fa13058f,deepseek-chat,671,392,1063
fc2a8ccd8c40412397eca4f4fa13058f,unknown,0,0,0
fc35edd52fe54c3eb7180d77c367b47b,ark/deepseek-v3,988,227,1215
fc35edd52fe54c3eb7180d77c367b47b,unknown,0,0,0
fc38e0c78621435888a08a21c628b7db,ark/deepseek-v3,701,180,881
fc38e0c78621435888a08a21c628b7db,unknown,0,0,0
fc3d56881d3e4014a6eaa277fd44e3f2,ark/deepseek-v3,3144,343,3487
fc3d56881d3e4014a6eaa277fd44e3f2,unknown,0,0,0
fc3ec1349eaa46ce94e34319baa40d35,ark/deepseek-v3,2735,1630,4365
fc3ec1349eaa46ce94e34319baa40d35,ark/deepseek-v3-1,0,0,0
fc3ec1349eaa46ce94e34319baa40d35,unknown,0,0,0
fc43f5c1c002487e983e3855c147e469,ark/deepseek-v3,1455,199,1654
fc43f5c1c002487e983e3855c147e469,unknown,0,0,0
fc4c4fd540dc4900b82fd860f3d44a30,deepseek-chat,801,491,1292
fc4c4fd540dc4900b82fd860f3d44a30,unknown,0,0,0
fc54b011b947403a9bf050e614c8d9b3,ark/deepseek-v3,1089,275,1364
fc54b011b947403a9bf050e614c8d9b3,unknown,0,0,0
fc54c33323b04ec7b4c7654447380bc6,ark/deepseek-v3,2311,1237,3548
fc54c33323b04ec7b4c7654447380bc6,unknown,0,0,0
fc567327bdc94c158ad98a3f617e4b2e,ark/deepseek-v3,1251,238,1489
fc567327bdc94c158ad98a3f617e4b2e,unknown,0,0,0
fc5d41fd14a04226b80a786ffd191cb5,deepseek-chat,1378,624,2002
fc5d41fd14a04226b80a786ffd191cb5,unknown,0,0,0
fc65757088a84411af07dd483e1fdae4,deepseek-chat,1563,273,1836
fc65757088a84411af07dd483e1fdae4,unknown,0,0,0
fc78f154f0314c439e6fb58e4e77cb94,deepseek-chat,696,325,1021
fc78f154f0314c439e6fb58e4e77cb94,unknown,0,0,0
fc96e037fde1478da1cfdaacde28240f,ark/deepseek-v3,1477,966,2443
fc96e037fde1478da1cfdaacde28240f,unknown,0,0,0
fc9c8d6e626049729a8a3157f91ec7bf,ark/deepseek-v3,701,180,881
fc9c8d6e626049729a8a3157f91ec7bf,unknown,0,0,0
fca1b25e322a4890943209f8dd07f6f0,ark/deepseek-v3,3304,560,3864
fca1b25e322a4890943209f8dd07f6f0,unknown,0,0,0
fca264e386fb46fda42faab889f6386b,deepseek-chat,1021,185,1206
fca264e386fb46fda42faab889f6386b,unknown,0,0,0
fca376ebc55e411bbccadc79e554d4bf,ark/deepseek-v3,2569,1352,3921
fca376ebc55e411bbccadc79e554d4bf,unknown,0,0,0
fca5463fead44b319efd026f7fd27a4a,ark/deepseek-v3,1942,1285,3227
fca5463fead44b319efd026f7fd27a4a,unknown,0,0,0
fcab95dd482346659ff97d11a3ff29f8,ark/deepseek-v3,1654,779,2433
fcab95dd482346659ff97d11a3ff29f8,unknown,0,0,0
fcb1418625fc4aeba68d367d467797d3,deepseek-chat,670,332,1002
fcb1418625fc4aeba68d367d467797d3,unknown,0,0,0
fcb7b25a7b89414793db393766c45e99,ark/deepseek-v3,3254,571,3825
fcb7b25a7b89414793db393766c45e99,unknown,0,0,0
fcc1fb21820d4e6cad00e77f8796918c,deepseek-chat,671,377,1048
fcc1fb21820d4e6cad00e77f8796918c,unknown,0,0,0
fcc43080d4b44de7b7f1450b2776aaeb,ark/deepseek-v3,467,95,562
fcc43080d4b44de7b7f1450b2776aaeb,unknown,0,0,0
fcc48f6c1eff44838c36d78cd96c482d,deepseek-chat,2246,1038,3284
fcc48f6c1eff44838c36d78cd96c482d,unknown,0,0,0
fccd9983e04044a79600d4df804ad2dc,deepseek-chat,932,362,1294
fccd9983e04044a79600d4df804ad2dc,unknown,0,0,0
fcd76efab0ab409fb990634e539f95a0,ark/deepseek-v3-1,2769,890,3659
fcd76efab0ab409fb990634e539f95a0,unknown,0,0,0
fce550c97d07413a9696914275eee045,ark/deepseek-v3,8201,1156,9357
fce550c97d07413a9696914275eee045,unknown,0,0,0
fcecb08d0d044db781bdbc804584278d,deepseek-chat,2752,1622,4374
fcecb08d0d044db781bdbc804584278d,unknown,0,0,0
fcf4899c0be04c968dc166afa0ab246c,ark/deepseek-v3,467,98,565
fcf4899c0be04c968dc166afa0ab246c,unknown,0,0,0
fcf5024773654052ab235b35611ffffb,ark/deepseek-v3,467,98,565
fcf5024773654052ab235b35611ffffb,unknown,0,0,0
fd0519dd53cf451299024561d6fadcfb,deepseek-chat,2098,675,2773
fd0519dd53cf451299024561d6fadcfb,unknown,0,0,0
fd06fde9d2aa454484fc9603d761a593,deepseek-chat,89,303,392
fd06fde9d2aa454484fc9603d761a593,unknown,0,0,0
fd0d09a85dc847ef9145c2425c5461dc,deepseek-chat,2252,1012,3264
fd0d09a85dc847ef9145c2425c5461dc,unknown,0,0,0
fd11067f452d46bc9ed876377eb61a8e,ark/deepseek-v3,1311,509,1820
fd11067f452d46bc9ed876377eb61a8e,unknown,0,0,0
fd14746fb1cd48ad8004933703ded1a4,ark/deepseek-v3,467,92,559
fd14746fb1cd48ad8004933703ded1a4,unknown,0,0,0
fd1765d7aa5942799c24ecd8faefa23e,ark/deepseek-v3,3422,1292,4714
fd1765d7aa5942799c24ecd8faefa23e,unknown,0,0,0
fd1cde5633694884a3d0a6fb88cd7a87,ark/deepseek-v3,4749,1794,6543
fd1cde5633694884a3d0a6fb88cd7a87,unknown,0,0,0
fd1f5d39ce4044e1acc7c718879c3a59,ark/deepseek-v3,1824,269,2093
fd1f5d39ce4044e1acc7c718879c3a59,unknown,0,0,0
fd1fc37fff934cc39a5a854dd8178d66,ark/deepseek-v3,1455,222,1677
fd1fc37fff934cc39a5a854dd8178d66,unknown,0,0,0
fd245d5029c64f0cbaca3efba2609910,ark/deepseek-v3,716,111,827
fd245d5029c64f0cbaca3efba2609910,unknown,0,0,0
fd2f5373d2c9473fbc412bf2aacc28ea,ark/deepseek-v3,701,173,874
fd2f5373d2c9473fbc412bf2aacc28ea,unknown,0,0,0
fd32fb2616f24cd6821f8de3b04dc481,ark/deepseek-v3,467,86,553
fd32fb2616f24cd6821f8de3b04dc481,unknown,0,0,0
fd34ae7348604befbe6f60c0d280cc55,ark/deepseek-v3,1239,516,1755
fd34ae7348604befbe6f60c0d280cc55,unknown,0,0,0
fd39a62e000443d5bb30d0044c8d0422,ark/deepseek-v3,1455,207,1662
fd39a62e000443d5bb30d0044c8d0422,unknown,0,0,0
fd3d44df6ca346e285c3aea1a509b1e2,ark/deepseek-v3,4714,1483,6197
fd3d44df6ca346e285c3aea1a509b1e2,unknown,0,0,0
fd4cb6fb799a4d20a626a3cc6ea82b7c,ark/deepseek-v3,1509,816,2325
fd4cb6fb799a4d20a626a3cc6ea82b7c,unknown,0,0,0
fd4ed230e46541a1b04bc023d61aa1d0,ark/deepseek-v3,467,93,560
fd4ed230e46541a1b04bc023d61aa1d0,unknown,0,0,0
fd5051003b174a40b8cbf02ca23179ab,deepseek-chat,671,359,1030
fd5051003b174a40b8cbf02ca23179ab,unknown,0,0,0
fd54def2d4bb4e68a5e9078550238c15,deepseek-chat,2107,796,2903
fd54def2d4bb4e68a5e9078550238c15,unknown,0,0,0
fd5b337d9576430cba3f138df4d77afa,deepseek-chat,0,0,0
fd5b337d9576430cba3f138df4d77afa,unknown,0,0,0
fd5e140399954eaba93fc90d9cd8bcc9,ark/deepseek-v3,701,199,900
fd5e140399954eaba93fc90d9cd8bcc9,unknown,0,0,0
fd652a648d46434a88ab75e1d7f166eb,ark/deepseek-v3,1251,215,1466
fd652a648d46434a88ab75e1d7f166eb,unknown,0,0,0
fd6a5d7b43cd4a06b5cdaf9da6f39b26,ark/deepseek-v3,6634,768,7402
fd6a5d7b43cd4a06b5cdaf9da6f39b26,unknown,0,0,0
fd8852f516db4a44b7d3e4e658203e18,deepseek-chat,2192,997,3189
fd8852f516db4a44b7d3e4e658203e18,unknown,0,0,0
fd893433255640188a3893d0d60edb7b,ark/deepseek-v3,1065,335,1400
fd893433255640188a3893d0d60edb7b,unknown,0,0,0
fd8a94838cb749fc821415a3ffca695a,ark/deepseek-v3,467,96,563
fd8a94838cb749fc821415a3ffca695a,unknown,0,0,0
fd8ac402817f4c3b9a146c523d2fdaee,ark/deepseek-v3,1089,324,1413
fd8ac402817f4c3b9a146c523d2fdaee,unknown,0,0,0
fd8bedb7e1764eeb814eb578308166de,deepseek-chat,2614,1341,3955
fd8bedb7e1764eeb814eb578308166de,unknown,0,0,0
fd8fc43407bb40358f3e396fc49cd2cc,deepseek-chat,939,258,1197
fd8fc43407bb40358f3e396fc49cd2cc,gpt-4.1,681,237,918
fd8fc43407bb40358f3e396fc49cd2cc,unknown,0,0,0
fd91889505d24381a56eb2c3b5217017,ark/deepseek-v3,10149,1705,11854
fd91889505d24381a56eb2c3b5217017,unknown,0,0,0
fda445964d134ca6a2a6a80c3b215ddf,ark/deepseek-v3,4135,1573,5708
fda445964d134ca6a2a6a80c3b215ddf,unknown,0,0,0
fda68c102486487aa3a10f7b08d8ce76,ark/deepseek-v3,1060,297,1357
fda68c102486487aa3a10f7b08d8ce76,unknown,0,0,0
fda8090d5b60490689b1976531679d35,ark/deepseek-v3,467,97,564
fda8090d5b60490689b1976531679d35,unknown,0,0,0
fda84323b4da4d91911c981ca0dd2a4b,ark/deepseek-v3,1774,839,2613
fda84323b4da4d91911c981ca0dd2a4b,unknown,0,0,0
fdae546a519740d5a481bb67e25021ee,ark/deepseek-v3,4165,1307,5472
fdae546a519740d5a481bb67e25021ee,unknown,0,0,0
fdb10eef34f9489c8fb55fc448ed3973,ark/deepseek-v3,1065,322,1387
fdb10eef34f9489c8fb55fc448ed3973,unknown,0,0,0
fdb2a543709449eaab2ea51a68ee0d3b,ark/deepseek-v3,5703,432,6135
fdb2a543709449eaab2ea51a68ee0d3b,unknown,0,0,0
fdb8fa9659ad4d859ae17ff41eb2e9ab,ark/deepseek-v3,6256,1267,7523
fdb8fa9659ad4d859ae17ff41eb2e9ab,unknown,0,0,0
fdbdf2d86bcb49d381877223418757b2,deepseek-chat,658,342,1000
fdbdf2d86bcb49d381877223418757b2,unknown,0,0,0
fdc13a99b28743e2ae18e9c2c70c6da6,ark/deepseek-v3-1,3715,420,4135
fdc13a99b28743e2ae18e9c2c70c6da6,unknown,0,0,0
fde48e6df6b54050b59d0df32f285ef5,ark/deepseek-v3,632,224,856
fde48e6df6b54050b59d0df32f285ef5,unknown,0,0,0
fde5108330b345fcac1fc4f475312d12,ark/deepseek-v3,5984,739,6723
fde5108330b345fcac1fc4f475312d12,unknown,0,0,0
fdee34a6257c4b6b8e7332843b767a23,ark/deepseek-v3,467,117,584
fdee34a6257c4b6b8e7332843b767a23,unknown,0,0,0
fdf67ecd31f647ce960402e76d015403,ark/deepseek-v3,467,98,565
fdf67ecd31f647ce960402e76d015403,unknown,0,0,0
fe000aebb0c143f1ba9a47e5e370cccc,ark/deepseek-v3,467,97,564
fe00b08681f54603b8193adc02974d57,deepseek-chat,4834,902,5736
fe00b08681f54603b8193adc02974d57,unknown,0,0,0
fe04afffb37644bd9651fbce8c5f7d65,ark/deepseek-v3,859,188,1047
fe04afffb37644bd9651fbce8c5f7d65,unknown,0,0,0
fe0d052cd2a54da6b603f7caecfb188c,ark/deepseek-v3,781,111,892
fe0d052cd2a54da6b603f7caecfb188c,unknown,0,0,0
fe1090915b144fcbb1f0f01f386b8977,ark/deepseek-v3,467,97,564
fe1090915b144fcbb1f0f01f386b8977,unknown,0,0,0
fe1181c9e8a54625b7b7f5677c75319e,deepseek-chat,2624,1638,4262
fe1181c9e8a54625b7b7f5677c75319e,unknown,0,0,0
fe1961b7b85d4b0cb85aa0c715e3f4cb,deepseek-chat,2182,871,3053
fe1961b7b85d4b0cb85aa0c715e3f4cb,unknown,0,0,0
fe197a2e668f4db4855eb0ae3b8ebcd2,ark/deepseek-v3,1455,183,1638
fe197a2e668f4db4855eb0ae3b8ebcd2,unknown,0,0,0
fe1e9321eb0c46c88cef4977bdb126e0,ark/deepseek-v3,1251,242,1493
fe1e9321eb0c46c88cef4977bdb126e0,deepseek-chat,4892,240,5132
fe1e9321eb0c46c88cef4977bdb126e0,unknown,0,0,0
fe1fe884ff2140d4a0a616286c83818a,ark/deepseek-v3-1,1835,653,2488
fe1fe884ff2140d4a0a616286c83818a,unknown,0,0,0
fe2b8c2c3a994dc38c9f4d80ad2ad368,ark/deepseek-v3,806,125,931
fe2b8c2c3a994dc38c9f4d80ad2ad368,unknown,0,0,0
fe2ee9aa85c8487bb90beb54c3cdb18e,ark/deepseek-v3,2398,434,2832
fe2ee9aa85c8487bb90beb54c3cdb18e,unknown,0,0,0
fe313162efa74d1bbd7ba73ac07d090c,ark/deepseek-v3,6607,775,7382
fe313162efa74d1bbd7ba73ac07d090c,unknown,0,0,0
fe318b5b14b3447e8e10b372e5b7125b,ark/deepseek-v3,5976,1964,7940
fe318b5b14b3447e8e10b372e5b7125b,gpt-4.1,665,26,691
fe318b5b14b3447e8e10b372e5b7125b,unknown,0,0,0
fe36ba67d891487482ca5963e5842f46,ark/deepseek-v3,1455,210,1665
fe36ba67d891487482ca5963e5842f46,unknown,0,0,0
fe47e806ba4c41589b41701f50c67be8,deepseek-chat,561,207,768
fe47e806ba4c41589b41701f50c67be8,unknown,0,0,0
fe4c9243d00f411caa0afd21e2145dc3,ark/deepseek-v3,467,83,550
fe4c9243d00f411caa0afd21e2145dc3,unknown,0,0,0
fe4ca4bce967433caf6c852abdf0e2c1,deepseek-chat,1637,302,1939
fe4ca4bce967433caf6c852abdf0e2c1,unknown,0,0,0
fe5f6979684340d69ea56bd24fcb7791,deepseek-chat,5012,8442,13454
fe5f6979684340d69ea56bd24fcb7791,unknown,0,0,0
fe61729ff3624b278e312c9fe7b4b09c,deepseek-chat,2043,1008,3051
fe61729ff3624b278e312c9fe7b4b09c,unknown,0,0,0
fe69e3b8c18d40d6a53a0ad76095a36e,ark/deepseek-v3,1061,296,1357
fe69e3b8c18d40d6a53a0ad76095a36e,deepseek-chat,6026,175,6201
fe69e3b8c18d40d6a53a0ad76095a36e,unknown,0,0,0
fe70165742d749eda215f222c5e11621,ark/deepseek-v3,1060,413,1473
fe70165742d749eda215f222c5e11621,deepseek-chat,6449,259,6708
fe70165742d749eda215f222c5e11621,unknown,0,0,0
fe87174f32984b7a8d38d37d51184774,ark/deepseek-v3-1,1778,1137,2915
fe87174f32984b7a8d38d37d51184774,gpt-4.1,1582,364,1946
fe87174f32984b7a8d38d37d51184774,unknown,0,0,0
fe90799b5f3344c1a4c9c5425459f8a9,deepseek-chat,2706,778,3484
fe90799b5f3344c1a4c9c5425459f8a9,unknown,0,0,0
fe9947efff3f401986e09d4cfb888e9f,deepseek-chat,3237,1298,4535
fe9947efff3f401986e09d4cfb888e9f,gpt-4.1,4126,1007,5133
fe9947efff3f401986e09d4cfb888e9f,unknown,0,0,0
fe9c76eac5ac40c8a980910689b57f1a,ark/deepseek-v3,6128,1734,7862
fe9c76eac5ac40c8a980910689b57f1a,gpt-4.1,704,21,725
fe9c76eac5ac40c8a980910689b57f1a,unknown,0,0,0
fe9db9445e1e472f928291cd86888ab2,deepseek-chat,1198,276,1474
fe9db9445e1e472f928291cd86888ab2,unknown,0,0,0
fea27da27a8b4225931559cb96d3a86c,ark/deepseek-v3,3143,292,3435
fea27da27a8b4225931559cb96d3a86c,deepseek-chat,5136,67,5203
fea27da27a8b4225931559cb96d3a86c,unknown,0,0,0
fea3caaa03ae4d239367300f26d1a419,ark/deepseek-v3,2114,376,2490
fea3caaa03ae4d239367300f26d1a419,unknown,0,0,0
fea6c0fbbcb244eeb017b116432414b6,ark/deepseek-v3,701,213,914
fea6c0fbbcb244eeb017b116432414b6,unknown,0,0,0
fea8e56fe58248f286164d20ab43a5eb,ark/deepseek-v3,701,174,875
fea8e56fe58248f286164d20ab43a5eb,unknown,0,0,0
feaf0f95e6eb4b05ab4059b1800d88bc,ark/deepseek-v3,758,99,857
feaf0f95e6eb4b05ab4059b1800d88bc,unknown,0,0,0
feaf390627614c58840818bf35f58966,ark/deepseek-v3,465,99,564
feaf390627614c58840818bf35f58966,unknown,0,0,0
feafd2c1f3ea45d8a96f411ea90cfbdd,ark/deepseek-v3,1196,602,1798
feafd2c1f3ea45d8a96f411ea90cfbdd,unknown,0,0,0
feb9c89c392d43d09dd077742f020453,ark/deepseek-v3,0,0,0
feb9c89c392d43d09dd077742f020453,unknown,0,0,0
febda81826264b73b6c7c6e09f3e5028,deepseek-chat,670,319,989
febda81826264b73b6c7c6e09f3e5028,gpt-4.1,943,89,1032
febda81826264b73b6c7c6e09f3e5028,unknown,0,0,0
feca681eb40a46a39fea58a8dccd8ea5,ark/deepseek-v3,0,0,0
feca681eb40a46a39fea58a8dccd8ea5,unknown,0,0,0
fedbd8c78fff458daabff8b1d50a72e3,ark/deepseek-v3,701,176,877
fedbd8c78fff458daabff8b1d50a72e3,unknown,0,0,0
fee4337b734248d5a4a5d926d60c18db,ark/deepseek-v3,1089,289,1378
fee4337b734248d5a4a5d926d60c18db,unknown,0,0,0
feea0ad153e04164bf771c3fcf03ea20,deepseek-chat,973,385,1358
feea0ad153e04164bf771c3fcf03ea20,gpt-4.1,941,28,969
feea0ad153e04164bf771c3fcf03ea20,unknown,0,0,0
feec49fadd944da7b507b717f96e1bfc,ark/deepseek-v3,701,197,898
feec49fadd944da7b507b717f96e1bfc,unknown,0,0,0
fef11d1692154d28b98f4f56579e48ba,ark/kimi-k2,1148,372,1520
fef11d1692154d28b98f4f56579e48ba,unknown,0,0,0
fefe3ccd753c46959b925bc1cec9e299,deepseek-chat,3748,1003,4751
fefe3ccd753c46959b925bc1cec9e299,gpt-4.1,3303,869,4172
fefe3ccd753c46959b925bc1cec9e299,unknown,0,0,0
ff008b5f7e4847a9881fa2f783bf169e,ark/deepseek-v3,701,202,903
ff008b5f7e4847a9881fa2f783bf169e,deepseek-chat,4895,38,4933
ff008b5f7e4847a9881fa2f783bf169e,unknown,0,0,0
ff08cf3138ac4db0947de9822c2e05b4,ark/deepseek-v3,5055,683,5738
ff08cf3138ac4db0947de9822c2e05b4,unknown,0,0,0
ff1bcdf8eace43f0980dad3b46c4fa92,ark/deepseek-v3-1,4720,1635,6355
ff1bcdf8eace43f0980dad3b46c4fa92,unknown,0,0,0
ff1d89b067664e92b9f1a2bde8d20102,deepseek-chat,671,395,1066
ff1d89b067664e92b9f1a2bde8d20102,unknown,0,0,0
ff2c648a49524abfaae5a7f06a87b059,ark/deepseek-v3,1251,242,1493
ff2c648a49524abfaae5a7f06a87b059,unknown,0,0,0
ff40c48b6d064b539887fc5399f694e4,ark/deepseek-v3,1251,253,1504
ff40c48b6d064b539887fc5399f694e4,unknown,0,0,0
ff44e550dd2141e282cba11a16027be5,ark/deepseek-v3,701,185,886
ff44e550dd2141e282cba11a16027be5,unknown,0,0,0
ff48052a12f946eab51426056369b68b,ark/deepseek-v3-1,0,0,0
ff48052a12f946eab51426056369b68b,unknown,0,0,0
ff4c97755c024adda3e433774ce612b8,deepseek-chat,561,207,768
ff4c97755c024adda3e433774ce612b8,unknown,0,0,0
ff5391c879fb4274835552e08228718b,ark/deepseek-v3,701,189,890
ff5391c879fb4274835552e08228718b,deepseek-chat,4076,49,4125
ff5391c879fb4274835552e08228718b,unknown,0,0,0
ff543c21b60a43a88a7df027925af20a,deepseek-chat,2282,785,3067
ff543c21b60a43a88a7df027925af20a,unknown,0,0,0
ff691831b7ff42c6b073878e6c1a8bbc,ark/deepseek-v3,3149,317,3466
ff691831b7ff42c6b073878e6c1a8bbc,unknown,0,0,0
ff7313394f0e409891d7e7a0e59c0cfd,ark/deepseek-v3,701,175,876
ff7313394f0e409891d7e7a0e59c0cfd,unknown,0,0,0
ff736bad28b84c5097c8c6e98785b4e4,ark/deepseek-v3,5532,1468,7000
ff736bad28b84c5097c8c6e98785b4e4,unknown,0,0,0
ff756b7ee2f5481f8f895e48a6693fb2,ark/deepseek-v3,5994,1764,7758
ff756b7ee2f5481f8f895e48a6693fb2,gpt-4.1,645,23,668
ff756b7ee2f5481f8f895e48a6693fb2,unknown,0,0,0
ff78e88a235a481bb279e475996bdf7d,ark/deepseek-v3,467,83,550
ff78e88a235a481bb279e475996bdf7d,unknown,0,0,0
ff86c6c471a7423494d517c2809d1342,deepseek-chat,2282,931,3213
ff86c6c471a7423494d517c2809d1342,unknown,0,0,0
ff8c2ab862de49809ede5a21e261a50c,deepseek-chat,671,355,1026
ff8c2ab862de49809ede5a21e261a50c,unknown,0,0,0
ff90703ad65b436e9746efdc544c49eb,deepseek-chat,1474,694,2168
ff90703ad65b436e9746efdc544c49eb,unknown,0,0,0
ff9a7c614e664ca585097c01ad81d433,ark/deepseek-v3,1837,284,2121
ff9a7c614e664ca585097c01ad81d433,unknown,0,0,0
ff9a8e9d4a6347e9b60ad7dfff0b3149,deepseek-chat,0,0,0
ff9a8e9d4a6347e9b60ad7dfff0b3149,unknown,0,0,0
ff9ac0be6e91444ebc93981523e40e59,deepseek-chat,561,207,768
ff9ac0be6e91444ebc93981523e40e59,unknown,0,0,0
ffa05c565c11487d92c92911a8a37caa,deepseek-chat,0,0,0
ffa05c565c11487d92c92911a8a37caa,unknown,0,0,0
ffac72616ade48e7b8d650868e25f070,ark/deepseek-v3,1722,741,2463
ffac72616ade48e7b8d650868e25f070,unknown,0,0,0
ffaf2454652545e9b401d4667ca5f6ef,deepseek-chat,670,346,1016
ffaf2454652545e9b401d4667ca5f6ef,unknown,0,0,0
ffb4a777fbd84cc8ad36a0e3a6d40248,deepseek-chat,2608,1184,3792
ffb4a777fbd84cc8ad36a0e3a6d40248,unknown,0,0,0
ffba1c7bad074331a78511674e569ecd,ark/deepseek-v3,701,174,875
ffba1c7bad074331a78511674e569ecd,unknown,0,0,0
ffbb29eb5f4b4322931eeb58771a0bae,ark/deepseek-v3,0,0,0
ffbb29eb5f4b4322931eeb58771a0bae,unknown,0,0,0
ffc51e49527a43ea8a247c33d5983380,deepseek-chat,561,207,768
ffc51e49527a43ea8a247c33d5983380,unknown,0,0,0
ffc5fe2945a743dd9956ea68dd877096,deepseek-chat,6308,269,6577
ffc5fe2945a743dd9956ea68dd877096,unknown,0,0,0
ffc9c21b8f2f43abb6a1168b5283fc94,ark/deepseek-v3,1420,873,2293
ffc9c21b8f2f43abb6a1168b5283fc94,unknown,0,0,0
ffd404b10e4b406da3e194c2e7e5bc0b,ark/deepseek-v3-1,1205,531,1736
ffd404b10e4b406da3e194c2e7e5bc0b,unknown,0,0,0
ffd4850bf5cc43529f0bd561a4d4b7c0,deepseek-chat,561,220,781
ffd4850bf5cc43529f0bd561a4d4b7c0,unknown,0,0,0
ffdd38cd7c274c4abcf149b95e18ef77,unknown,0,0,0
ffe8429fb615484fa50d86472f98065a,ark/deepseek-v3,2213,254,2467
ffe8429fb615484fa50d86472f98065a,unknown,0,0,0
ffeac012af5b4bd3b7bf9823db841090,ark/deepseek-v3,701,176,877
ffeac012af5b4bd3b7bf9823db841090,unknown,0,0,0
ffee1dc0cde1413683e7af7d3522bb60,ark/deepseek-v3,701,195,896
ffee1dc0cde1413683e7af7d3522bb60,unknown,0,0,0
fff9fdc657594108b1c327b86036c8c0,ark/deepseek-v3,1455,185,1640
fff9fdc657594108b1c327b86036c8c0,unknown,0,0,0
fffc167e6e6d40d7aee4e6a14f3977bc,deepseek-chat,6477,1190,7667
fffc167e6e6d40d7aee4e6a14f3977bc,unknown,0,0,0
