session_id,model,input_tokens,output_tokens,total_tokens
001d687df28648728f37d009e90f7259,deepseek-chat,2210,782,2992
001d687df28648728f37d009e90f7259,unknown,0,0,0
0024b828727741368ea433af204db23e,ark/deepseek-v3,1455,226,1681
0024b828727741368ea433af204db23e,unknown,0,0,0
003782570260418388038f8f11f9c8d5,ark/kimi-k2,28,19,47
0045ed89487e4b50937f2c810599b665,ark/deepseek-v3,1911,65,1976
0045ed89487e4b50937f2c810599b665,deepseek-chat,1985,369,2354
0045ed89487e4b50937f2c810599b665,unknown,0,0,0
004ee809022549ea9351327612276462,deepseek-chat,2742,1128,3870
004ee809022549ea9351327612276462,unknown,0,0,0
006f2a0cd6324f6ebfbf72f86e7c8d2c,unknown,0,0,0
00a3cf42919c4b17a13e4c332bb2c16c,ark/deepseek-v3,592,662,1254
0148637117314056bdcece4d179d9d51,ark/deepseek-v3,1485,749,2234
018f3722f0934a589b8c7dbde7489fff,deepseek-chat,4,609,613
018f3722f0934a589b8c7dbde7489fff,unknown,0,0,0
01ce513938b04be1bfc5d934272772cb,deepseek-chat,8,78,86
01ce513938b04be1bfc5d934272772cb,unknown,0,0,0
0202f31ebec940ed8603a2940cc13008,ark/deepseek-v3,6029,1683,7712
0202f31ebec940ed8603a2940cc13008,gpt-4.1,639,19,658
0202f31ebec940ed8603a2940cc13008,unknown,0,0,0
024981022d5e4ac0b59713cb2fc7223c,ark/deepseek-v3,561,207,768
024981022d5e4ac0b59713cb2fc7223c,unknown,0,0,0
0272d97ac927413b81a89a5cff7f843a,deepseek-chat,24,187,211
0272d97ac927413b81a89a5cff7f843a,unknown,0,0,0
02746ff77e984c27b62183c7cee1a000,deepseek-chat,172,436,608
02746ff77e984c27b62183c7cee1a000,unknown,0,0,0
0288b8c21dfe43369741d617be7f4bc6,ark/deepseek-v3,0,0,0
0288b8c21dfe43369741d617be7f4bc6,unknown,0,0,0
0288d4e487f948dca766e757d7eac36e,deepseek-chat,571,1126,1697
0288d4e487f948dca766e757d7eac36e,unknown,0,0,0
02b55b24b46a4b568f09e035ad1478f3,unknown,0,0,0
031b99485aaa4559ab340b1f528ef0fc,deepseek-chat,701,174,875
031b99485aaa4559ab340b1f528ef0fc,unknown,0,0,0
03692c14c59d4994a1ce3f93a2701136,unknown,0,0,0
037436d84f5a452d9f7f6bfb1ea51067,unknown,0,0,0
0377974f280640a7aab17c5d37f6e40d,unknown,0,0,0
0385bc3f2a82472ea275f137272238d7,ark/deepseek-v3,9551,2685,12236
0385bc3f2a82472ea275f137272238d7,unknown,0,0,0
038ca098f2254c3da662719207ecf88a,ark/deepseek-v3,196,552,748
038ecbb3ed1e48cd8d6234bd6ff625f3,deepseek-chat,15,927,942
038ecbb3ed1e48cd8d6234bd6ff625f3,unknown,0,0,0
039d477efac44cd8af0656fe47c4de50,ark/deepseek-v3,1485,564,2049
03a46d2099ca45068f8971e059513472,unknown,0,0,0
03cddf7ee11b4112abec9fb59bab6269,unknown,0,0,0
03d2bfbad5e94e2ab1aba10e7062b30a,ark/deepseek-v3,3439,1108,4547
03d2bfbad5e94e2ab1aba10e7062b30a,gpt-4.1,4137,818,4955
03d2bfbad5e94e2ab1aba10e7062b30a,unknown,0,0,0
040d09efc4fd49ed9c0b37a68d7d3cb6,unknown,0,0,0
046047365c4c45339e6e86eed6371b7b,ark/deepseek-v3,1479,432,1911
046047365c4c45339e6e86eed6371b7b,unknown,0,0,0
049c5ec45c0d4523bf04495170ecc29e,ark/deepseek-v3,758,112,870
049c5ec45c0d4523bf04495170ecc29e,unknown,0,0,0
05082915c2734be39d7a9fe1f88e4b38,ark/kimi-k2,78,266,344
051e4f4d22084a93b39e624ae39bc341,ark/deepseek-v3,465,108,573
0550425d16e74effbab2b04e30fb1078,deepseek-chat,865,455,1320
0550425d16e74effbab2b04e30fb1078,unknown,0,0,0
058cf41a88484324ba3875cf43cb8fb2,ark/deepseek-v3,4738,1428,6166
058cf41a88484324ba3875cf43cb8fb2,unknown,0,0,0
05929eb5ffc04b459b90b4f8ec8b83e8,ark/kimi-k2,726,283,1009
05929eb5ffc04b459b90b4f8ec8b83e8,gpt-4.1,2116,123,2239
05929eb5ffc04b459b90b4f8ec8b83e8,unknown,0,0,0
05c05f41366a449a86c883e7c5c65139,deepseek-chat,2820,510,3330
05c05f41366a449a86c883e7c5c65139,unknown,0,0,0
05e4786ffbab4f8b9c2f4bbacd04f5a1,deepseek-chat,4,11,15
05e4786ffbab4f8b9c2f4bbacd04f5a1,unknown,0,0,0
0605efa1a71a4cb7a02f4e433395e0a9,unknown,0,0,0
06311e1b7926450d8b5f53471d9d5722,deepseek-chat,1251,114,1365
06311e1b7926450d8b5f53471d9d5722,unknown,0,0,0
066165e581644b089547eb934f39e49a,unknown,0,0,0
0674afe9f7274eba913ee83ea036a82f,unknown,0,0,0
069294d4c51e4752aa04da14af476276,deepseek-chat,83,274,357
069294d4c51e4752aa04da14af476276,unknown,0,0,0
06bc921cf90743109f313b7880a4e698,unknown,0,0,0
06fe1a4f42b2448c8b531b6638ffbb73,unknown,0,0,0
07008b97ebff4575a09517fc69d7a41c,ark/deepseek-v3,596,183,779
070fee8da61940c3a0acc2c550d0c749,deepseek-chat,17836,5998,23834
070fee8da61940c3a0acc2c550d0c749,unknown,0,0,0
07705f46ad6e4630b6b6d1d993e0bb4b,deepseek-chat,12,669,681
07705f46ad6e4630b6b6d1d993e0bb4b,unknown,0,0,0
077b3650e0a5423ea88b4874730ed588,deepseek-chat,1352,542,1894
077b3650e0a5423ea88b4874730ed588,unknown,0,0,0
07c9fdb9f07c44d9b6a8ec9c5926f5a1,deepseek-chat,828,939,1767
07c9fdb9f07c44d9b6a8ec9c5926f5a1,unknown,0,0,0
07d63ade54444ce6a1bd188678cfb37d,deepseek-chat,2244,288,2532
07d63ade54444ce6a1bd188678cfb37d,unknown,0,0,0
07fb49e6312943f59a0d843fa64f0b3f,ark/kimi-k2,668,423,1091
083bb53e8d19459fb4a77db73b5c5077,unknown,0,0,0
0873cbcb2d4b42d8a56c8a12b4f1885b,unknown,0,0,0
08a6cf2c5b6d460e92ac84fd07d7449d,deepseek-chat,4,15,19
08a6cf2c5b6d460e92ac84fd07d7449d,gpt-4.1,554,28,582
08a6cf2c5b6d460e92ac84fd07d7449d,unknown,0,0,0
08e88d665487409c9dc6ac8e6366cd9d,unknown,0,0,0
0912392ff0a94049adf2921dc20f5b7f,ark/deepseek-v3,1476,273,1749
0912392ff0a94049adf2921dc20f5b7f,unknown,0,0,0
091bcb87b22445848cec9c9d905b51cf,deepseek-chat,5,221,226
091bcb87b22445848cec9c9d905b51cf,unknown,0,0,0
0939231b15274e2ca857926da4edfc67,deepseek-chat,1307,313,1620
0939231b15274e2ca857926da4edfc67,gpt-4.1,1613,270,1883
0939231b15274e2ca857926da4edfc67,unknown,0,0,0
09701739fbb840689d00cac1e40db1ae,unknown,0,0,0
09cb3391d219420fb2149d1bf8dbdf3f,unknown,0,0,0
09e0c2e2bc024d2a953f21bb30270a53,deepseek-chat,4215,377,4592
09e0c2e2bc024d2a953f21bb30270a53,unknown,0,0,0
09f8f636cff246c988ecae6b1c646cc7,ark/deepseek-v3,8015,2884,10899
09fb8883ccf245a1ae837e0e2ae0caca,ark/deepseek-v3,92,103,195
0a26c3e56cec4568b8110cdfea3b35ca,deepseek-chat,5034,430,5464
0a26c3e56cec4568b8110cdfea3b35ca,unknown,0,0,0
0a724b60e69a4a6494b7dc5abb8e66db,ark/deepseek-v3,1061,251,1312
0a724b60e69a4a6494b7dc5abb8e66db,deepseek-chat,5342,54,5396
0a724b60e69a4a6494b7dc5abb8e66db,unknown,0,0,0
0aa29840749f47bf8321472995c308c9,unknown,0,0,0
0aaca80f01fc4ca6b92b723818ddf72e,deepseek-chat,832,1028,1860
0aaca80f01fc4ca6b92b723818ddf72e,unknown,0,0,0
0ae635b847dc438ebf91e64093517b20,ark/deepseek-v3,1485,789,2274
0b011ace50814f71a46ae40baefafa01,unknown,0,0,0
0b0fe9794fc04d28a19eb89e62a19516,ark/deepseek-v3,1911,64,1975
0b0fe9794fc04d28a19eb89e62a19516,deepseek-chat,10081,2183,12264
0b0fe9794fc04d28a19eb89e62a19516,unknown,0,0,0
0b203c2756804e06ae14db9fde2abb94,deepseek-chat,38863,6887,45750
0b203c2756804e06ae14db9fde2abb94,unknown,0,0,0
0b5db837c09c4bdda47422b65c125f4f,ark/deepseek-v3,1295,307,1602
0b5db837c09c4bdda47422b65c125f4f,gpt-4.1,4410,462,4872
0b5db837c09c4bdda47422b65c125f4f,unknown,0,0,0
0b5de5e60000474da5bbf31e9aba3540,unknown,0,0,0
0b75c1e221e84cc383fb7eab72e34c8c,unknown,0,0,0
0bd9737ba84340fbbed9392097fdf881,deepseek-chat,866,921,1787
0bd9737ba84340fbbed9392097fdf881,unknown,0,0,0
0bdaa621d81242a38ad6df54b0320f22,unknown,0,0,0
0bdb8ffcdd2342b0b25e977dfa7e07c6,deepseek-chat,12,554,566
0bdb8ffcdd2342b0b25e977dfa7e07c6,unknown,0,0,0
0bfa3288c13242dfb95df0bc0f067188,deepseek-chat,5,15,20
0bfa3288c13242dfb95df0bc0f067188,unknown,0,0,0
0c954ab37a1e4a41a4302a7c375b745d,deepseek-chat,2444,397,2841
0c954ab37a1e4a41a4302a7c375b745d,unknown,0,0,0
0cb6845635644bb5a301667bc1f444b1,unknown,0,0,0
0cdc502b771c4b68ac25e86f610da50d,deepseek-chat,1209,371,1580
0cdc502b771c4b68ac25e86f610da50d,gpt-4.1,1649,150,1799
0cdc502b771c4b68ac25e86f610da50d,unknown,0,0,0
0d03b5fef94f45db953f458b6bc28b52,ark/deepseek-v3,465,91,556
0d03b5fef94f45db953f458b6bc28b52,unknown,0,0,0
0d217fd5689e4e93878ca49df96e2326,ark/kimi-k2,447,181,628
0d231e97fedc4f64b483f782a543102a,ark/deepseek-v3,6392,6100,12492
0d2fe972f4d34033958c05b278b92f1a,deepseek-chat,832,876,1708
0d2fe972f4d34033958c05b278b92f1a,unknown,0,0,0
0d51cb89d40843ccad3c06bf0c83f75e,deepseek-chat,609,91,700
0d51cb89d40843ccad3c06bf0c83f75e,unknown,0,0,0
0d55ad3f6903458dbbf56d75e30ded70,unknown,0,0,0
0d55c56dac054513a0474b510eec07d0,ark/deepseek-v3,465,120,585
0d8932d1b88e4e4aa9a4a26e21a48c60,unknown,0,0,0
0dd363ab52594718aa0267e43f5f3a19,ark/kimi-k2,31,22,53
0dd363ab52594718aa0267e43f5f3a19,unknown,0,0,0
0dd456e14a794df5aceb07fa443a97f6,ark/deepseek-v3,465,90,555
0dd456e14a794df5aceb07fa443a97f6,unknown,0,0,0
0de2ad53e77b4cb687bda18f33d88aa5,deepseek-chat,2822,441,3263
0de2ad53e77b4cb687bda18f33d88aa5,unknown,0,0,0
0e0a94288dac4b7398d67bf52302772b,unknown,0,0,0
0e21dd17a1d14194a2e263909f801dd1,ark/deepseek-v3,1455,213,1668
0e21dd17a1d14194a2e263909f801dd1,unknown,0,0,0
0e3d69422be24e01ae1c3553228dc489,ark/kimi-k2,31,86,117
0e3d69422be24e01ae1c3553228dc489,unknown,0,0,0
0e5448e8ed904e77932cd614c0d2dd72,ark/deepseek-v3,275,2209,2484
0e5448e8ed904e77932cd614c0d2dd72,unknown,0,0,0
0e5ff79711604d8f972c841210e336e2,deepseek-chat,4215,332,4547
0e5ff79711604d8f972c841210e336e2,unknown,0,0,0
0e65ea9d444a4795a431f751ab29bcea,ark/deepseek-v3,92,128,220
0e6ac7589de242678839179d76570bf1,deepseek-chat,4840,377,5217
0e6ac7589de242678839179d76570bf1,unknown,0,0,0
0e9459e3b5d34050820f3b58c72414e8,ark/deepseek-v3,758,98,856
0e9459e3b5d34050820f3b58c72414e8,unknown,0,0,0
0ebef54185f4451db17b4dba1acf2e11,unknown,0,0,0
0ec0e719bdeb44e0b3e37f446fd5f1ab,unknown,0,0,0
0ee0a16df4a549fa95167d3d86b96f18,ark/deepseek-v3,1176,224,1400
0ee0a16df4a549fa95167d3d86b96f18,unknown,0,0,0
0eef8eb71d25496cacb7a6fa5a444c6c,unknown,0,0,0
0ef1853cf6ee40d4b8e6c8a38bed029b,deepseek-chat,45,1338,1383
0ef1853cf6ee40d4b8e6c8a38bed029b,unknown,0,0,0
0f00b588290948fd98de775e19de1e3d,deepseek-chat,274,73,347
0f00b588290948fd98de775e19de1e3d,unknown,0,0,0
0f100c8a26bd49aa9c030c85977de11e,deepseek-chat,785,840,1625
0f100c8a26bd49aa9c030c85977de11e,unknown,0,0,0
0f21f3d22f974ba59ed2f86204866105,ark/deepseek-v3,1477,741,2218
0f21f3d22f974ba59ed2f86204866105,unknown,0,0,0
0f459ed853c446a98e159e76db60b57d,ark/deepseek-v3,92,125,217
0f4ea010ab2a459d99872cf8e391a2d7,unknown,0,0,0
0f98ac2fbe5c4973aeb3640ad3afce08,unknown,0,0,0
0fa01119dab646c288bca06b4901d01a,unknown,0,0,0
0fa25877de4d4f75b42850ddaa10cdb6,deepseek-chat,828,930,1758
0fa25877de4d4f75b42850ddaa10cdb6,unknown,0,0,0
1016fa20d93440e9b449808935809655,ark/deepseek-v3,1061,324,1385
1016fa20d93440e9b449808935809655,unknown,0,0,0
10766bd58aa742b2a3903be007731c39,ark/deepseek-v3,465,91,556
1082a920a7ad4c1aa319eccb541ec1f7,deepseek-chat,114,433,547
1082a920a7ad4c1aa319eccb541ec1f7,unknown,0,0,0
1093fab2e2944f50a37a5affaf316b86,ark/deepseek-v3,1298,307,1605
1093fab2e2944f50a37a5affaf316b86,gpt-4.1,4333,733,5066
1093fab2e2944f50a37a5affaf316b86,unknown,0,0,0
1096b8f3e8214e6e9de748f284c89c39,unknown,0,0,0
10e4152d754c44c88ea8c408c110d880,ark/deepseek-v3,1455,181,1636
10e4152d754c44c88ea8c408c110d880,unknown,0,0,0
10ed4d6645464dbda7af4100521effff,deepseek-chat,4,76,80
10ed4d6645464dbda7af4100521effff,unknown,0,0,0
1106b45c8b694f0e88e5bd24ecc66735,deepseek-chat,3768,709,4477
1106b45c8b694f0e88e5bd24ecc66735,gpt-4.1,3911,489,4400
1106b45c8b694f0e88e5bd24ecc66735,unknown,0,0,0
112f4cf724d344dd91387ea979f3d82e,unknown,0,0,0
1152d9977cab4ff28f8e6d1eb42cf130,deepseek-chat,0,0,0
1152d9977cab4ff28f8e6d1eb42cf130,unknown,0,0,0
11590e596f5e411a94cc6de84efbce6a,ark/deepseek-v3,2213,319,2532
11590e596f5e411a94cc6de84efbce6a,unknown,0,0,0
115e598eba724aabb1d8ca6c6a4f9ae0,unknown,0,0,0
118b0ad289d34ad09a3f1b0ba8024121,ark/deepseek-v3,2667,841,3508
118b0ad289d34ad09a3f1b0ba8024121,unknown,0,0,0
11dcca4e5e3448b2a58bab5db2bb33f3,deepseek-chat,650,51,701
11dcca4e5e3448b2a58bab5db2bb33f3,unknown,0,0,0
11e8d4f0fed946348849f24ca512d9f3,unknown,0,0,0
11ec2eccbacb40dfa7cd2b484797cb02,ark/deepseek-v3,465,94,559
11ec2eccbacb40dfa7cd2b484797cb02,unknown,0,0,0
120573ac64d040d8a264947cc74e88a4,deepseek-chat,828,874,1702
120573ac64d040d8a264947cc74e88a4,unknown,0,0,0
120da9e911cd4a37983457fd4ceec577,ark/deepseek-v3,465,94,559
121c747b423c4688a4a83623a485a5ae,deepseek-chat,5,15,20
121c747b423c4688a4a83623a485a5ae,unknown,0,0,0
122a12142c624f7aab009bf00eaaf68f,unknown,0,0,0
1245d3136948423a8ec661a0566efa0f,unknown,0,0,0
125a5ebdaf974047b090089be02122f7,ark/deepseek-v3,1017,849,1866
125c9d4b9d4742859a494b63e6ed57c7,ark/deepseek-v3,6122,1735,7857
125c9d4b9d4742859a494b63e6ed57c7,unknown,0,0,0
126421aa41a94e5ebbbd07bfa5086b12,unknown,0,0,0
1310aa752ec24d2ea9797ce7cdbc64f7,unknown,0,0,0
13486e28faee4aecbddc4a1140c858c0,unknown,0,0,0
1394e88409c84504acc5247ecf80bf2e,deepseek-chat,25,75,100
1394e88409c84504acc5247ecf80bf2e,unknown,0,0,0
13bd7167420f42ba92ab59e8ef2882a3,deepseek-chat,5,15,20
13bd7167420f42ba92ab59e8ef2882a3,unknown,0,0,0
13c0a17660f24287b5b2a37aaab7fe30,deepseek-chat,11,717,728
13c0a17660f24287b5b2a37aaab7fe30,unknown,0,0,0
13c115a1987b43b2b67a8688e39576e4,ark/deepseek-v3,3089,717,3806
13c115a1987b43b2b67a8688e39576e4,unknown,0,0,0
13ca09a9c3174d24940f9026f0bfac81,ark/deepseek-v3,3021,1410,4431
13f339a0fac24d05b8a458770a4b1854,ark/deepseek-v3,8614,1596,10210
13f339a0fac24d05b8a458770a4b1854,unknown,0,0,0
13f45f3feffc4990aa33cef978f62cf8,deepseek-chat,2361,560,2921
13f45f3feffc4990aa33cef978f62cf8,unknown,0,0,0
143b72b49cea41cc830d907527297c24,ark/deepseek-v3,561,206,767
143b72b49cea41cc830d907527297c24,unknown,0,0,0
1447f345e41f41de938b120adbeea74e,deepseek-chat,5,11,16
1447f345e41f41de938b120adbeea74e,unknown,0,0,0
148df0144a874bf193b62ce3495ecd22,unknown,0,0,0
1499823fb41e462bba2659d8a9879118,gpt-4o-2024-05-13,4249,367,4616
1499823fb41e462bba2659d8a9879118,unknown,0,0,0
14ab9ea5f012408582c2d27d76260ee6,ark/deepseek-v3,504,151,655
14ab9ea5f012408582c2d27d76260ee6,unknown,0,0,0
14bec37940dc4fb796de8f1472717801,ark/deepseek-v3,465,96,561
14cd724d398441ba9e2afb29d33e4e93,deepseek-chat,1150,375,1525
14cd724d398441ba9e2afb29d33e4e93,unknown,0,0,0
14ee125b7ca545e0ad5a6192a671e8bb,deepseek-chat,4,11,15
14ee125b7ca545e0ad5a6192a671e8bb,unknown,0,0,0
1501f6f0ac8c4fbda28d94e8c230a64e,ark/deepseek-v3,1307,327,1634
1501f6f0ac8c4fbda28d94e8c230a64e,gpt-4.1,1621,336,1957
1501f6f0ac8c4fbda28d94e8c230a64e,unknown,0,0,0
1525856e85a84745aa5e1aa24daada4b,unknown,0,0,0
152b20f04e764026adafb3bea59382b9,unknown,0,0,0
153df4887603444caad277a4e1fa7575,deepseek-chat,652,651,1303
153df4887603444caad277a4e1fa7575,unknown,0,0,0
15a97a37f6484626b02a1d972470e6cb,gpt-4.1,664,273,937
15a97a37f6484626b02a1d972470e6cb,unknown,0,0,0
15dd991afc52460fbb67415bd4351b26,deepseek-chat,1209,366,1575
15dd991afc52460fbb67415bd4351b26,gpt-4.1,1648,206,1854
15dd991afc52460fbb67415bd4351b26,unknown,0,0,0
15e9f42e148d480c8b0067f00e179538,ark/deepseek-v3,1455,255,1710
15e9f42e148d480c8b0067f00e179538,unknown,0,0,0
15f578de4cd347abb384951f78ebd7ce,deepseek-chat,687,883,1570
15f578de4cd347abb384951f78ebd7ce,unknown,0,0,0
160b001b5d6a47268675155b1ed1bc89,deepseek-chat,642,492,1134
160b001b5d6a47268675155b1ed1bc89,unknown,0,0,0
1616ea6668c44ac38ceb1cb25e9c8c1c,unknown,0,0,0
161ab685d4b3458894eb4b45218cc77d,deepseek-chat,0,0,0
161ab685d4b3458894eb4b45218cc77d,unknown,0,0,0
1623d63e166d48178fee63752b64d290,unknown,0,0,0
163aae0cf45543f4ba9ab93fcefefb81,unknown,0,0,0
1663aff33b11448aa682cb82640f7a75,unknown,0,0,0
1681be0c88924beea796c6e76657ce1e,unknown,0,0,0
17022a47dd6a45f99a903ad642e83283,ark/deepseek-v3,3790,1405,5195
17022a47dd6a45f99a903ad642e83283,gpt-4.1,5083,825,5908
17022a47dd6a45f99a903ad642e83283,unknown,0,0,0
1747abe0da724f24ac1077d1ca90dccc,unknown,0,0,0
174ab787284f4f11bf7af39da9111b22,ark/deepseek-v3,1246,722,1968
174ab787284f4f11bf7af39da9111b22,unknown,0,0,0
174edf577ac54cf6a620a1c61f3eb4ed,ark/deepseek-v3,2081,1273,3354
174edf577ac54cf6a620a1c61f3eb4ed,unknown,0,0,0
17611ea0dd2744e8871f37b5f35b9be0,unknown,0,0,0
17644bc4d05c4e988b1a2c534af49379,deepseek-chat,5,15,20
17644bc4d05c4e988b1a2c534af49379,unknown,0,0,0
1776757a49b34601a32976159e33cd40,ark/kimi-k2,183,128,311
1790e4ac5d594559ad124a64a466add2,deepseek-chat,2820,540,3360
1790e4ac5d594559ad124a64a466add2,unknown,0,0,0
17a5e396d3414d5ebda8aa365f5bf17a,deepseek-chat,2677,1099,3776
17a5e396d3414d5ebda8aa365f5bf17a,unknown,0,0,0
17ff2646cba34af78c991b1c6f34073d,unknown,0,0,0
180cce5f4ab640cb87fbe81e25b4c8b1,deepseek-chat,4,11,15
180cce5f4ab640cb87fbe81e25b4c8b1,unknown,0,0,0
1827fbf13b2f498eaa2de9973d51c6cd,ark/deepseek-v3,465,92,557
1827fbf13b2f498eaa2de9973d51c6cd,unknown,0,0,0
18340f8d88bb4cd3b8e22a2309715f58,unknown,0,0,0
18387bb012004f849f0cb98b21e01d9d,deepseek-chat,17181,3385,20566
18387bb012004f849f0cb98b21e01d9d,unknown,0,0,0
18de58afc4be415e9ccacde2d874e871,unknown,0,0,0
18fce2ac3a8140078b5357e7f8fb0865,deepseek-chat,1972,232,2204
18fce2ac3a8140078b5357e7f8fb0865,unknown,0,0,0
1907ec5bade443f4863edd36f38fff58,unknown,0,0,0
194454d5163c4f839dfedff1c1dd0f67,deepseek-chat,701,200,901
194454d5163c4f839dfedff1c1dd0f67,unknown,0,0,0
1953fc06aa5447269656c5bb995f670b,ark/deepseek-v3,3339,1215,4554
1953fc06aa5447269656c5bb995f670b,unknown,0,0,0
19591642c06a47a48917b4e01b5b7bc7,ark/deepseek-v3,624,35,659
19591642c06a47a48917b4e01b5b7bc7,unknown,0,0,0
19604fdc6add4b7b8201d936c658d05c,ark/deepseek-v3,1228,576,1804
1989796071b34bc4b09f0415458459de,ark/deepseek-v3,716,2362,3078
19b29cecb29e44e0b1b560f5dfdae1e4,unknown,0,0,0
19c827be9d45446bbd0d34da8a97ad99,ark/deepseek-v3,619,1483,2102
19de3bc7be324f71a7617fd27c79ba26,ark/deepseek-v3,604,89,693
19de3bc7be324f71a7617fd27c79ba26,unknown,0,0,0
1a0eff860c404333b930a0ae91510a62,gpt-4o-2024-05-13,111,147,258
1a0eff860c404333b930a0ae91510a62,unknown,0,0,0
1a28fef487b643f787edf2624995eaa1,unknown,0,0,0
1a5b74f446fb4388a3216fdece80636f,unknown,0,0,0
1a5c950a80a949768a3ea21283f51677,ark/deepseek-v3,1429,609,2038
1a5c950a80a949768a3ea21283f51677,unknown,0,0,0
1a6cae2d1d3d446aa2e6c0071363fab7,ark/kimi-k2,26,94,120
1a6e41e487574016b6840f31dbe81e57,deepseek-chat,5,98,103
1a6e41e487574016b6840f31dbe81e57,unknown,0,0,0
1a9511554811459f8aeb35ad5c87efae,ark/deepseek-v3,465,94,559
1a9d58a494d14c9f9592d3b54a652ffe,unknown,0,0,0
1aac3fb9c2f14923b45e0ff2bb21dbaf,ark/deepseek-v3,6122,2312,8434
1ad419aca8ed41548d54932ff4fc145d,ark/deepseek-v3,465,98,563
1adb8b0ca1a840ab9338e65a77a58833,ark/deepseek-v3,1485,711,2196
1adf65b6f38049428f665f1361dd35ac,ark/deepseek-v3,92,102,194
1b230367a598427da24ad92336531c3a,deepseek-chat,3136,570,3706
1b230367a598427da24ad92336531c3a,unknown,0,0,0
1b24d9aafa31456fbc3d2049d5190813,ark/deepseek-v3,1217,78,1295
1b24d9aafa31456fbc3d2049d5190813,unknown,0,0,0
1b61f6251ffd47199fdc534595ed5fb9,deepseek-chat,14,563,577
1b61f6251ffd47199fdc534595ed5fb9,unknown,0,0,0
1ba7bf224f764e72afefd2905a5167ca,deepseek-chat,1034,284,1318
1ba7bf224f764e72afefd2905a5167ca,unknown,0,0,0
1c355dd96a5042ee9eac15bd693b3fdf,ark/deepseek-v3,629,349,978
1c37ca39a0ef4a77a4b2325f6b607be1,deepseek-chat,742,330,1072
1c37ca39a0ef4a77a4b2325f6b607be1,unknown,0,0,0
1c3b05aadd124f6da18875d31a6e2613,deepseek-chat,701,192,893
1c3b05aadd124f6da18875d31a6e2613,unknown,0,0,0
1caee13021ba418daca75ce56dbefa1b,ark/deepseek-v3,2377,428,2805
1caee13021ba418daca75ce56dbefa1b,unknown,0,0,0
1cf679e4d49e43a1aaf0af38c320acdc,ark/deepseek-v3,4605,154,4759
1cf679e4d49e43a1aaf0af38c320acdc,deepseek-chat,12123,2659,14782
1cf679e4d49e43a1aaf0af38c320acdc,unknown,0,0,0
1d5c1315d39945b3a32b15494f5eb3af,unknown,0,0,0
1da29497325d49e999305d102cc3ec4d,unknown,0,0,0
1dcaddf60f09431cbd00c15ea788fce7,unknown,0,0,0
1dfa886a07a344a0bc6be1e64a7a5d97,ark/deepseek-v3,465,101,566
1e152c0327b741be83ebdbebdf8c7687,unknown,0,0,0
1e1cafe1101d4983bbc4c1f00dfa273e,unknown,0,0,0
1e364d9cea5d484b873b04d374a8cfcf,deepseek-chat,4,269,273
1e364d9cea5d484b873b04d374a8cfcf,unknown,0,0,0
1e579a0a846548b2a8544bf3dea325e1,gpt-4o-2024-05-13,100,0,100
1e579a0a846548b2a8544bf3dea325e1,unknown,0,0,0
1e7bf11fb6934272bd4cbd1ee5b52f81,unknown,0,0,0
1ea1afaa31bb488c9f8ef97381d90e21,deepseek-chat,4840,425,5265
1ea1afaa31bb488c9f8ef97381d90e21,unknown,0,0,0
1ecb3a7423504df38aa3daea7865b493,deepseek-chat,106,2483,2589
1ecb3a7423504df38aa3daea7865b493,unknown,0,0,0
1edba0ddcc6f49e388f74925cf1d466c,deepseek-chat,1955,941,2896
1edba0ddcc6f49e388f74925cf1d466c,unknown,0,0,0
1ef420d9d563409bb6ad70bf5c44e4dd,ark/deepseek-v3,1061,304,1365
1ef420d9d563409bb6ad70bf5c44e4dd,unknown,0,0,0
1f03b493c33746858a12a1c614af5f05,deepseek-chat,2144,348,2492
1f03b493c33746858a12a1c614af5f05,unknown,0,0,0
1f261670a285493aa9084af1665124b2,ark/deepseek-v3,465,88,553
1f30fc4a5c5d43feb74eb1f517c73a64,unknown,0,0,0
1f3e8fc3e63242e2a7c24ce6e3aabb69,deepseek-chat,5,15,20
1f3e8fc3e63242e2a7c24ce6e3aabb69,unknown,0,0,0
1f52aea3b4c14949b8ea3485abb9ab27,ark/deepseek-v3,1455,190,1645
1f52aea3b4c14949b8ea3485abb9ab27,unknown,0,0,0
1f5bb6d60efc419989cfd149fa919c76,deepseek-chat,2442,323,2765
1f5bb6d60efc419989cfd149fa919c76,unknown,0,0,0
1f6fb52a4ac34bebad888a51df6cdb83,deepseek-chat,866,849,1715
1f6fb52a4ac34bebad888a51df6cdb83,unknown,0,0,0
1f8686a233e049839aaba92579eda8af,deepseek-chat,53,35,88
1f8686a233e049839aaba92579eda8af,unknown,0,0,0
1fb67903ad584df19669053d20f6c1d8,deepseek-chat,2442,317,2759
1fb67903ad584df19669053d20f6c1d8,unknown,0,0,0
1fd71fbac78542abb9578a6f01b8f8f1,ark/kimi-k2,726,302,1028
1fd71fbac78542abb9578a6f01b8f8f1,unknown,0,0,0
1ffb1a4b8d7248e6ab4d86a19322a716,ark/deepseek-v3,1506,325,1831
1ffb1a4b8d7248e6ab4d86a19322a716,unknown,0,0,0
200c8b903e6641bfa747e747fa5da2d9,unknown,0,0,0
20296a31de7249cc95ebb7a7194a1c59,deepseek-chat,1251,76,1327
20296a31de7249cc95ebb7a7194a1c59,unknown,0,0,0
205ba4db1ed847c6ba12be24a68eeee6,deepseek-chat,1136,199,1335
205ba4db1ed847c6ba12be24a68eeee6,unknown,0,0,0
206a14b349c44a66bc55997a379cf486,ark/deepseek-v3,832,296,1128
206a14b349c44a66bc55997a379cf486,deepseek-chat,5685,307,5992
206a14b349c44a66bc55997a379cf486,unknown,0,0,0
2073c748d44543a1aea6c1fbb843ade3,deepseek-chat,2564,473,3037
2073c748d44543a1aea6c1fbb843ade3,unknown,0,0,0
207f1ea71c5d45979fb7e9bd0b4435b0,ark/deepseek-v3,465,88,553
20a235527b2f423e9e4b52e5c37ffb96,ark/kimi-k2,59,116,175
20aa563fab024e2ab5b0f58ae21809df,ark/deepseek-v3,92,100,192
20c4204f96904f0da11477f709af6e08,deepseek-chat,5,15,20
20c4204f96904f0da11477f709af6e08,unknown,0,0,0
20e8a92347b54c658756624dda2fc159,deepseek-chat,4,101,105
20e8a92347b54c658756624dda2fc159,unknown,0,0,0
20f49d4e2cd045b9870ec95cd7b6ba3b,ark/deepseek-v3,2066,429,2495
20f49d4e2cd045b9870ec95cd7b6ba3b,unknown,0,0,0
21231368d7cf4e989c630efeed609780,ark/deepseek-v3,196,708,904
213e71d755fc46acb90ad0a9b24e1e5b,ark/kimi-k2,31,186,217
213e71d755fc46acb90ad0a9b24e1e5b,unknown,0,0,0
21640690ee894079b7e0b377bd442739,deepseek-chat,6882,1395,8277
21640690ee894079b7e0b377bd442739,unknown,0,0,0
21c186e2882c402c80e4953df38a1df6,deepseek-chat,0,0,0
21c186e2882c402c80e4953df38a1df6,unknown,0,0,0
2211f6f9de274b6bb7939a485d384470,deepseek-chat,864,681,1545
2211f6f9de274b6bb7939a485d384470,unknown,0,0,0
222322652ec74104b184992e744cd083,ark/deepseek-v3,1060,257,1317
222322652ec74104b184992e744cd083,unknown,0,0,0
2229a2179de44c9383471a66ee5a3191,deepseek-chat,84,403,487
2229a2179de44c9383471a66ee5a3191,unknown,0,0,0
2235c64f122c42988be5e5f6f5ac5b42,ark/deepseek-v3,465,103,568
22400715424b48ddac656c9018e39893,unknown,0,0,0
22657e22d3b847eeb8b66ef710249a95,ark/deepseek-v3,620,325,945
22657e22d3b847eeb8b66ef710249a95,unknown,0,0,0
2288eeadbac241209102251eeece15f7,ark/deepseek-v3,1911,65,1976
2288eeadbac241209102251eeece15f7,deepseek-chat,6636,1517,8153
2288eeadbac241209102251eeece15f7,unknown,0,0,0
22e5684ce08e45f78379f6a0cc5124a1,deepseek-chat,5,15,20
22e5684ce08e45f78379f6a0cc5124a1,unknown,0,0,0
22ec461628454dd19f44fd075bdefcf7,unknown,0,0,0
22f1b578dfe6421aae9144ece14ae809,unknown,0,0,0
230a1cdb3b464d30b41712ffc8ea4aa4,unknown,0,0,0
2318c86387034cd7b745f0eb50b8e947,deepseek-chat,913,307,1220
2318c86387034cd7b745f0eb50b8e947,unknown,0,0,0
2330f23f22b2445aba181389380c144c,unknown,0,0,0
23483b49511942bdb30d70d69dc12b79,ark/deepseek-v3,2667,1239,3906
23483b49511942bdb30d70d69dc12b79,unknown,0,0,0
2388dfaa31ec48a5959b349465e73c59,ark/deepseek-v3,1892,59,1951
2388dfaa31ec48a5959b349465e73c59,deepseek-chat,9946,1915,11861
2388dfaa31ec48a5959b349465e73c59,unknown,0,0,0
23a9a20fee9c44ccbc6ba559dd2ed926,ark/deepseek-v3,92,99,191
23d7d9f464854f9fb135ba6a44e4be47,deepseek-chat,701,174,875
23d7d9f464854f9fb135ba6a44e4be47,unknown,0,0,0
23e8e597c2304cf1b943d50000f69f08,deepseek-chat,5,245,250
23e8e597c2304cf1b943d50000f69f08,unknown,0,0,0
240a11d49323416496e6b43f48c759ca,unknown,0,0,0
24302a04d90e484195e1621e38273f62,ark/deepseek-v3,92,151,243
244c79a2b2db4a1aa01a9e29331d5b6d,ark/deepseek-v3,465,103,568
245e0ae92532462e9860189b2d6f4be8,deepseek-chat,15,875,890
245e0ae92532462e9860189b2d6f4be8,unknown,0,0,0
2491e204a63e495db26cbe968dcf1cbe,ark/deepseek-v3,2607,866,3473
2491e204a63e495db26cbe968dcf1cbe,unknown,0,0,0
24bcb60bb8674b69bd3d1b7bfe59e9c6,deepseek-chat,5,15,20
24bcb60bb8674b69bd3d1b7bfe59e9c6,unknown,0,0,0
24bd735246614008bebc2dd0db8468ba,ark/deepseek-v3,1485,681,2166
25072601ba9848fa8bfdb5f97893f222,unknown,0,0,0
25092813d9394b31ab406019c4bf7c05,deepseek-chat,1209,367,1576
25092813d9394b31ab406019c4bf7c05,gpt-4.1,1649,201,1850
25092813d9394b31ab406019c4bf7c05,unknown,0,0,0
2520c1183dda4dd68d8bd7fe128b738b,deepseek-chat,4,20,24
2520c1183dda4dd68d8bd7fe128b738b,unknown,0,0,0
2543f62dfcf84d9e8d960ef752648e27,ark/deepseek-v3,922,238,1160
2543f62dfcf84d9e8d960ef752648e27,deepseek-chat,10575,200,10775
2543f62dfcf84d9e8d960ef752648e27,gpt-4.1,956,0,956
2543f62dfcf84d9e8d960ef752648e27,unknown,0,0,0
256b9fd1926748e0a98a3f73a3a1c70e,deepseek-chat,2442,345,2787
256b9fd1926748e0a98a3f73a3a1c70e,unknown,0,0,0
257d3e99adfd468ea123628d30503c75,unknown,0,0,0
25c983724c534fd397b60f6d1f95b690,ark/deepseek-v3,1455,233,1688
25c983724c534fd397b60f6d1f95b690,unknown,0,0,0
25f49024d5004bf3b15050e32a2470ad,unknown,0,0,0
26047618cdde46578709f8fe3e9f5efc,ark/deepseek-v3,561,206,767
26047618cdde46578709f8fe3e9f5efc,unknown,0,0,0
2611d27de6654e9c8bf6aef13ef4ace1,ark/deepseek-v3,634,257,891
2611d27de6654e9c8bf6aef13ef4ace1,unknown,0,0,0
2635d5a49eb64e319a7dc1ee9713c755,ark/deepseek-v3,1308,321,1629
2635d5a49eb64e319a7dc1ee9713c755,gpt-4.1,1629,315,1944
2635d5a49eb64e319a7dc1ee9713c755,unknown,0,0,0
2645e4b5ddca45b7a6bab91a4a34962e,ark/deepseek-v3,92,125,217
264eb9fa5170408591a027fa65248d8e,unknown,0,0,0
26690f90e37d4ed2aaeb1641c0298e63,deepseek-chat,2336,106,2442
26690f90e37d4ed2aaeb1641c0298e63,unknown,0,0,0
267e417ce62448e9a1d046450a63d4d3,deepseek-chat,73,415,488
267e417ce62448e9a1d046450a63d4d3,unknown,0,0,0
2682a42c6dd74627bbbe1c16b73b2087,ark/deepseek-v3,1485,735,2220
269077ab5acc4932ad5d10cd3fd02dcc,unknown,0,0,0
26e8afbef8d14321a561fbdce169e8d7,unknown,0,0,0
26f64ba76a164eeba55022174c7718c5,ark/deepseek-v3,465,96,561
26f7f6f7ef074cc5a8f0d7aebc6727d6,unknown,0,0,0
27159fb1b2ac4f87a795b244647450c5,ark/deepseek-v3,614,262,876
27159fb1b2ac4f87a795b244647450c5,unknown,0,0,0
2729c50aee8043bf8ca82013c2515d3c,unknown,0,0,0
2745df0d543d4716a5357ed6f9fe2807,ark/kimi-k2,1185,301,1486
2745df0d543d4716a5357ed6f9fe2807,gpt-4.1,1056,28,1084
2745df0d543d4716a5357ed6f9fe2807,unknown,0,0,0
2774aa5cc0f149de953fb936aa00b1a1,deepseek-chat,114,370,484
2774aa5cc0f149de953fb936aa00b1a1,unknown,0,0,0
27ab2d12a98748ba9f43f86f04c770c0,unknown,0,0,0
27b9526d47dd4254995312b9328237a6,unknown,0,0,0
27c10d76f1bf49d790d0446526692dcc,ark/deepseek-v3,1909,63,1972
27c10d76f1bf49d790d0446526692dcc,deepseek-chat,1983,357,2340
27c10d76f1bf49d790d0446526692dcc,unknown,0,0,0
27d625a9da1041c1bc085a726fd09271,unknown,0,0,0
27e07b41a9af4115a0b31d1b97812d06,deepseek-chat,4,27,31
27e07b41a9af4115a0b31d1b97812d06,unknown,0,0,0
27e6a0fff42d4b70b5f3315a3a7255aa,deepseek-chat,15,1038,1053
27e6a0fff42d4b70b5f3315a3a7255aa,unknown,0,0,0
27f39fc099fe4bf1ae218b910010e14d,deepseek-chat,4,46,50
27f39fc099fe4bf1ae218b910010e14d,unknown,0,0,0
28165418e6db4eacabb7231c08637547,deepseek-chat,828,820,1648
28165418e6db4eacabb7231c08637547,unknown,0,0,0
282594850d614c2a86824c859e22d251,ark/kimi-k2,31,11,42
285080d160a24d0aa28d27c19e8675f5,deepseek-chat,111,358,469
285080d160a24d0aa28d27c19e8675f5,unknown,0,0,0
2868ee3d6e0a4e28bcf7241cf9aaf315,ark/deepseek-v3,629,336,965
28ab7a3df0944fdd9cc571d24cf8894c,ark/deepseek-v3,611,235,846
28c3f491bba7476c80f700ff94633e12,unknown,0,0,0
28d225abcc844053a424e062e13c3d7f,ark/deepseek-v3,92,122,214
28ee62e28398467e8a12fe93ecf13b26,ark/deepseek-v3,619,296,915
28ee62e28398467e8a12fe93ecf13b26,unknown,0,0,0
28f0e20cebec4605810a4b0fdeaadbc4,deepseek-chat,601,144,745
28f0e20cebec4605810a4b0fdeaadbc4,unknown,0,0,0
29106f7faddb44868b20b1ed009f3a7b,unknown,0,0,0
2913c3ed1e66497ab4c7d0b39cd0e8fb,deepseek-chat,485,61,546
2913c3ed1e66497ab4c7d0b39cd0e8fb,unknown,0,0,0
291ee8e0d2ae4e299d631ffc365d90ea,unknown,0,0,0
2950fb201f074745ac2472c2df104768,unknown,0,0,0
295a80fd9f66453ba33fcfe55873f5cd,deepseek-chat,605,137,742
295a80fd9f66453ba33fcfe55873f5cd,unknown,0,0,0
297a180981ff4a75a579fea6d11a846f,unknown,0,0,0
298c1ca328a94cc18baa5855c80ee132,ark/deepseek-v3,6121,1865,7986
298c1ca328a94cc18baa5855c80ee132,gpt-4.1,640,20,660
298c1ca328a94cc18baa5855c80ee132,unknown,0,0,0
298e4477da924d59996101d81fc979c5,deepseek-chat,2442,320,2762
298e4477da924d59996101d81fc979c5,unknown,0,0,0
29a6346426e743fcb04c870261d1bc17,unknown,0,0,0
2a27b5d8b9bb411092c0ae4890384e61,unknown,0,0,0
2a2e352532564fbea3c0f274d864c4ce,deepseek-chat,5920,1325,7245
2a2e352532564fbea3c0f274d864c4ce,unknown,0,0,0
2a5ba56b9c264c6a9745c498e58bd51f,unknown,0,0,0
2a83112929e54117ac45e4457005b59c,unknown,0,0,0
2ac7e9c799dc4ff0b493448442f8ffc1,deepseek-chat,7,4,11
2ac7e9c799dc4ff0b493448442f8ffc1,unknown,0,0,0
2b0e3db279594701a3cb4ab14f9caa50,unknown,0,0,0
2b16d5a8ce25454f979c348035cf1f3c,deepseek-chat,0,0,0
2b16d5a8ce25454f979c348035cf1f3c,unknown,0,0,0
2b25ee79455447cb8974e3bc1ca83430,ark/deepseek-v3,591,747,1338
2b3c49f3fe7940548c903a3b785e803a,ark/deepseek-v3,71,740,811
2b4c528371a74714b252295b41992485,ark/deepseek-v3,591,769,1360
2b5d99cee0434dc1bdb981b49cb25e6e,ark/deepseek-v3,1169,693,1862
2b7e0d31e30e4234852edcd5f4052edc,deepseek-chat,30,761,791
2b7e0d31e30e4234852edcd5f4052edc,unknown,0,0,0
2bc416738d3f44cb884759c3db5b59bb,ark/kimi-k2,253,129,382
2c019f4c25664fa680e8dbd9ae264504,ark/deepseek-v3,0,0,0
2c019f4c25664fa680e8dbd9ae264504,unknown,0,0,0
2c0e5c34525941a4a95622dc44adbc50,unknown,0,0,0
2c505bc95e794996aa83173d7cd02579,deepseek-chat,930,199,1129
2c505bc95e794996aa83173d7cd02579,unknown,0,0,0
2c56141953504bf490f91d3752b7e059,unknown,0,0,0
2c5816013a3c4110a5fdbf89cd42ece4,unknown,0,0,0
2ca3037cf07e469da56742be4e238bd3,unknown,0,0,0
2cc0cae806404365b480b060d86cd7d7,deepseek-chat,29,428,457
2cc0cae806404365b480b060d86cd7d7,unknown,0,0,0
2cfb71b6d30b4e6384c1ae9173bbdda6,unknown,0,0,0
2da73a71a44d41fdaa40994c2ff4b0e9,gpt-4o,16,18,34
2da73a71a44d41fdaa40994c2ff4b0e9,unknown,0,0,0
2dc40cca62e94c9e8a44d0ee8645eba8,unknown,0,0,0
2ddb57cd56fe4fd988ccf92471434406,unknown,0,0,0
2df4f0ba87754f09bf77d35e28323210,unknown,0,0,0
2e0ae139838e4af4bf62df2446b46a7a,unknown,0,0,0
2e0dec1befe849be901e8fe8d85be571,deepseek-chat,2562,408,2970
2e0dec1befe849be901e8fe8d85be571,unknown,0,0,0
2e301453d09948dda1b141017ec99791,ark/deepseek-v3,555,1707,2262
2e381206fdb04285afa6cc3bea8e6346,ark/deepseek-v3,465,98,563
2e381206fdb04285afa6cc3bea8e6346,unknown,0,0,0
2e39d8372a7d43c99ecdcea4018e3e3c,deepseek-chat,4,15,19
2e39d8372a7d43c99ecdcea4018e3e3c,gpt-4.1,554,28,582
2e39d8372a7d43c99ecdcea4018e3e3c,unknown,0,0,0
2e3b98e727584ee99c24909719af46d7,unknown,0,0,0
2e5be4c274cd484495f81ba7cc776355,ark/deepseek-v3,2287,1215,3502
2e7e67c60622455ab67002e92149388e,ark/deepseek-v3,0,0,0
2e7e67c60622455ab67002e92149388e,unknown,0,0,0
2eae63924ac144ddbc0ab0fc97a7c95b,deepseek-chat,6,95,101
2eae63924ac144ddbc0ab0fc97a7c95b,unknown,0,0,0
2eb80ace19e24e44983342e78e52b8e8,deepseek-chat,5,15,20
2eb80ace19e24e44983342e78e52b8e8,unknown,0,0,0
2ed6bb3ccd1845ada4e7ce82bb69ef6d,deepseek-chat,4,738,742
2ed6bb3ccd1845ada4e7ce82bb69ef6d,unknown,0,0,0
2f285b405fd446c2b78dde2530924fd7,ark/deepseek-v3,629,359,988
2f4e0b43401248b28d2bd6bc6a8f15e2,unknown,0,0,0
2f72025b7a0a40d0baf939b6c9e70514,ark/deepseek-v3,465,93,558
2f72025b7a0a40d0baf939b6c9e70514,unknown,0,0,0
2f93daa3eb774ed8803664807a58f71c,unknown,0,0,0
2fb0702c4e084d919963160377239198,ark/kimi-k2,26,83,109
2fb179b0145146cdb1d72a51abd60ecb,unknown,0,0,0
2ffe4269db394618b8ab46e1bcf88665,deepseek-chat,4,11,15
2ffe4269db394618b8ab46e1bcf88665,unknown,0,0,0
301f256d640845679ca5347d4f4de7a7,deepseek-chat,618,57,675
301f256d640845679ca5347d4f4de7a7,unknown,0,0,0
30554454aa4a4b3c99e55414285c7735,unknown,0,0,0
30555b2190f94d79b4d593d1fde9381f,unknown,0,0,0
30bb061242a340019138d8c50b5c53d8,ark/deepseek-v3,2657,1454,4111
30bb061242a340019138d8c50b5c53d8,unknown,0,0,0
30c32b634454463eba70d8440f90682f,ark/deepseek-v3,600,208,808
30c32b634454463eba70d8440f90682f,unknown,0,0,0
30cea942e16049f786ef60c481916661,deepseek-chat,4,11,15
30cea942e16049f786ef60c481916661,unknown,0,0,0
30eef5915e114fa49dcfa2bce056175d,ark/deepseek-v3,465,102,567
313abdbab1184bf09668332982596d3a,ark/deepseek-v3,92,124,216
313b5f1e73444afc9335eac8b4f38a3e,unknown,0,0,0
31a040b9fb884472a2c653ef8723da9c,ark/deepseek-v3,4985,1885,6870
31a040b9fb884472a2c653ef8723da9c,gpt-4.1,2283,84,2367
31a040b9fb884472a2c653ef8723da9c,unknown,0,0,0
31a9a4b8cd5a44ee9d28c376acdaaa3a,ark/deepseek-v3,629,328,957
31abb0271bba4c2db7b30f7545d6d1ce,ark/deepseek-v3,1455,207,1662
31abb0271bba4c2db7b30f7545d6d1ce,unknown,0,0,0
31b17f735c3f40789444cd20a6004f63,deepseek-chat,617,57,674
31b17f735c3f40789444cd20a6004f63,unknown,0,0,0
3201f5ad27c2486bbe25012adc8384c7,deepseek-chat,5,15,20
3201f5ad27c2486bbe25012adc8384c7,unknown,0,0,0
3226a25c41f64a17816d6fedf2954e6e,ark/deepseek-v3,465,97,562
3226a25c41f64a17816d6fedf2954e6e,unknown,0,0,0
323ce16b6c414b888ff496cca5549557,ark/deepseek-v3,7344,3193,10537
323ce16b6c414b888ff496cca5549557,unknown,0,0,0
3254fd8899f04d63a3dc166e1f66c0d6,ark/deepseek-v3,2967,295,3262
3254fd8899f04d63a3dc166e1f66c0d6,deepseek-chat,1251,93,1344
3254fd8899f04d63a3dc166e1f66c0d6,unknown,0,0,0
325bdf0c6bbf467eae5ddfe8742bfffe,ark/deepseek-v3,3509,1074,4583
325bdf0c6bbf467eae5ddfe8742bfffe,gpt-4.1,4125,851,4976
325bdf0c6bbf467eae5ddfe8742bfffe,unknown,0,0,0
32afd7687474465792a941a493a8b9bb,ark/deepseek-v3,1061,320,1381
32afd7687474465792a941a493a8b9bb,unknown,0,0,0
32ba6b3393c54442b76005b713d9a112,deepseek-chat,186,1046,1232
32ba6b3393c54442b76005b713d9a112,unknown,0,0,0
32bfe17e0cd94c8fad678128969131e4,ark/deepseek-v3,4512,610,5122
32bfe17e0cd94c8fad678128969131e4,unknown,0,0,0
32de21a8137048058092c40d16eb2fef,deepseek-chat,866,869,1735
32de21a8137048058092c40d16eb2fef,unknown,0,0,0
3372e8bc229448ee93801b2d4c310bfd,unknown,0,0,0
33ade38fa5d84f4b94a92cc5d4e0673a,deepseek-chat,832,942,1774
33ade38fa5d84f4b94a92cc5d4e0673a,unknown,0,0,0
33e67250bc4243929bf4c46b9638c35c,deepseek-chat,2091,1524,3615
33e67250bc4243929bf4c46b9638c35c,unknown,0,0,0
3415c9db23864d6b82d78459b84a73f9,deepseek-chat,643,576,1219
3415c9db23864d6b82d78459b84a73f9,unknown,0,0,0
3433f0dea7d04828b5c7229e4521e6ae,ark/deepseek-v3,465,91,556
3433f0dea7d04828b5c7229e4521e6ae,unknown,0,0,0
344d813d0e9d4c268db7e54c637ef353,deepseek-chat,7,60,67
34cab51e94be4ebca1c18381861e490e,unknown,0,0,0
34e9ad4655d74e9ea1e06a495c5b94be,unknown,0,0,0
3514c98f723c48f5917b5fa6847938cf,deepseek-chat,1503,273,1776
3514c98f723c48f5917b5fa6847938cf,unknown,0,0,0
351bb41c8e544836bcc9da7d4b2580f5,unknown,0,0,0
3592deca25a04b26919b7772644214bd,deepseek-chat,5,15,20
3592deca25a04b26919b7772644214bd,unknown,0,0,0
35e85285dcf5456cb1f8e2ec9d6a287a,ark/deepseek-v3,622,277,899
35eb56e44c2044a3b5c0a34d4ff87fd4,deepseek-chat,106,2051,2157
35eb56e44c2044a3b5c0a34d4ff87fd4,unknown,0,0,0
36048c9fdff34cc0886aa23a883985f5,ark/deepseek-v3,1455,218,1673
36048c9fdff34cc0886aa23a883985f5,unknown,0,0,0
3655498322f54031862d0a2bdd1a985d,deepseek-chat,15,884,899
3655498322f54031862d0a2bdd1a985d,unknown,0,0,0
367b7fd23b1545d2b4d5c9b332edc058,deepseek-chat,93,349,442
367b7fd23b1545d2b4d5c9b332edc058,unknown,0,0,0
36b8c33805214b308e593387d4c75ee5,unknown,0,0,0
36c372f800684fef8f8579c1f0a46e6a,deepseek-chat,114,389,503
36c372f800684fef8f8579c1f0a46e6a,unknown,0,0,0
36d909079a1f47ffbad1edd27b96a324,unknown,0,0,0
370a61c4e38349d088dbd7ba9d3f1a49,unknown,0,0,0
371106f7557340a3acd32673426f1c52,ark/deepseek-v3,465,94,559
37226e5f4e4b490d871a6c163946dc29,deepseek-chat,1846,182,2028
37226e5f4e4b490d871a6c163946dc29,unknown,0,0,0
373f33a5c03944158713491f6bdf7e25,deepseek-chat,6,128,134
373f33a5c03944158713491f6bdf7e25,unknown,0,0,0
375c29a028814786b80f1618685d40fa,deepseek-chat,1403,535,1938
375c29a028814786b80f1618685d40fa,unknown,0,0,0
37a05a444b9c4db4a3adb1eea0a3a01d,deepseek-chat,33,771,804
37a05a444b9c4db4a3adb1eea0a3a01d,unknown,0,0,0
37a0efb214074ba09056d7cf1e9977cf,unknown,0,0,0
37daa159f4484d9597717a5b4d8cca52,deepseek-chat,4,11,15
37daa159f4484d9597717a5b4d8cca52,unknown,0,0,0
37efc79e81c54d508d3a8acae61cd9b5,deepseek-chat,15,881,896
37efc79e81c54d508d3a8acae61cd9b5,unknown,0,0,0
37fa588e26ed485cbddb6624738ef020,unknown,0,0,0
3830284ce98543d6b1c564b403c841cf,deepseek-chat,652,534,1186
3830284ce98543d6b1c564b403c841cf,unknown,0,0,0
3834d67e3ef849269bec090c09f19d22,deepseek-chat,5,166,171
3834d67e3ef849269bec090c09f19d22,unknown,0,0,0
389473d9fe904ec5bb86381d707c4673,unknown,0,0,0
38d5278cb4e046a59ef5148a16f6d262,ark/deepseek-v3,315,460,775
38e40356a3ba45f3a666fa8a046d6403,deepseek-chat,1251,114,1365
38e40356a3ba45f3a666fa8a046d6403,unknown,0,0,0
39086cda73f44267ab92122ef5fa7889,unknown,0,0,0
390b672d7c5d4a7ca0bb319f522bfb42,deepseek-chat,17,207,224
390b672d7c5d4a7ca0bb319f522bfb42,unknown,0,0,0
390c82ecf6b94ec88bc58de139c07d4f,ark/deepseek-v3,629,413,1042
392e49abaea9429ca9b2cdd85fb5a713,deepseek-chat,7,40,47
392e49abaea9429ca9b2cdd85fb5a713,gpt-4o-2024-05-13,11,22,33
392e49abaea9429ca9b2cdd85fb5a713,unknown,0,0,0
3937b04ad123437cb00184a7bc32741b,deepseek-chat,828,863,1691
3937b04ad123437cb00184a7bc32741b,unknown,0,0,0
397128fb83c5438ba668edd9c7f48a1f,unknown,0,0,0
398202613b7745e9943154407eecfc06,ark/deepseek-v3,465,104,569
39b485ed71fc4cc4a6c5ea4c980581cf,unknown,0,0,0
39d7c19366984a2ca278646df4eab2ba,ark/deepseek-v3,1485,770,2255
39da753d734e4912a696a961dac12984,unknown,0,0,0
39e73c5430ae42fb96d76d62fbab10b1,deepseek-chat,4,29,33
39e73c5430ae42fb96d76d62fbab10b1,unknown,0,0,0
39edd5df6128462dbbeba642fa6bc0da,deepseek-chat,1448,719,2167
39edd5df6128462dbbeba642fa6bc0da,gpt-4.1,3745,493,4238
39edd5df6128462dbbeba642fa6bc0da,unknown,0,0,0
39f01a99e78d4d82bec1c8c9acb08ecb,deepseek-chat,114,415,529
39f01a99e78d4d82bec1c8c9acb08ecb,unknown,0,0,0
3a11bb632f03447ba4aecfb78451df07,deepseek-chat,60,2692,2752
3a11bb632f03447ba4aecfb78451df07,unknown,0,0,0
3a16f61cd1084585b2e8915949467fe5,unknown,0,0,0
3a37d8e7c4b14fb2892669262ef39f22,deepseek-chat,5,1,6
3a37d8e7c4b14fb2892669262ef39f22,unknown,0,0,0
3a87aeef516543648b273b5d302bb5ca,unknown,0,0,0
3a8abf2421f644f7b97f64f50c884575,unknown,0,0,0
3ab32e333cd846758b90dc50ba3718da,ark/deepseek-v3,6632,756,7388
3ab32e333cd846758b90dc50ba3718da,unknown,0,0,0
3ac1718467ab4dc9b27b0467966363cb,deepseek-chat,4,14,18
3ac1718467ab4dc9b27b0467966363cb,gpt-4.1,554,28,582
3ac1718467ab4dc9b27b0467966363cb,unknown,0,0,0
3ac738a4782143a9aafea711e90112a0,deepseek-chat,2792,1031,3823
3ac738a4782143a9aafea711e90112a0,unknown,0,0,0
3accd2afc4e642699cd1976e323d3f17,unknown,0,0,0
3ade4d159f1a4d8cbd50d9c83ba18a1d,ark/deepseek-v3,1485,726,2211
3aff644f8e6a4c3b9999ddd4ab1ea361,ark/deepseek-v3,1078,329,1407
3b004bd8a627452386f1198422367e2f,unknown,0,0,0
3b3d1b70da444ae0b7d45442912dfb62,ark/kimi-k2,28,19,47
3b5bdca0c99e4907beeffd6deff2ba69,ark/deepseek-v3,465,89,554
3b82acd4aab74cb3af62ae907a20912d,ark/kimi-k2,289,389,678
3b89f8ee10b1456cb3a994812f60a151,unknown,0,0,0
3b8ce560d1af4bfba20c22c82b6a38f8,deepseek-chat,1131,220,1351
3b8ce560d1af4bfba20c22c82b6a38f8,unknown,0,0,0
3ba6e3f5625c403eba6f5c5fcefa8d88,ark/deepseek-v3,1485,760,2245
3bb20377c6f540a390a9a0da0ac78c3f,ark/deepseek-v3,5440,1387,6827
3bb20377c6f540a390a9a0da0ac78c3f,unknown,0,0,0
3bb6831ae2274d0f90d81c33c52a7c9d,deepseek-chat,4,15,19
3bb6831ae2274d0f90d81c33c52a7c9d,gpt-4.1,553,27,580
3bb6831ae2274d0f90d81c33c52a7c9d,unknown,0,0,0
3bbf3bfbef4a4e439a335e41d5037659,deepseek-chat,294,62,356
3bbf3bfbef4a4e439a335e41d5037659,unknown,0,0,0
3bd453e597804c708a0668e7ce16c532,unknown,0,0,0
3be11239b93243a7b8bd121d065deb49,deepseek-chat,93,412,505
3be11239b93243a7b8bd121d065deb49,unknown,0,0,0
3bf681e23de046da8f118def5d0a3378,unknown,0,0,0
3c2d5e6efb4e4a81adc8a54e0ded761d,unknown,0,0,0
3c3bb9e9e4024c4cb7759bc8b739d4cb,ark/deepseek-v3,92,98,190
3c461fe97e9b474b8f199e0e373d270f,unknown,0,0,0
3c54b812f0e74d8f9a1117286f8adbb2,unknown,0,0,0
3ca18ce6f0ad42268fbfe2cfebbcf0a5,ark/deepseek-v3,1006,579,1585
3cc9b0a623c542d7b3d04f318ede01a9,ark/deepseek-v3,1455,198,1653
3cc9b0a623c542d7b3d04f318ede01a9,unknown,0,0,0
3d14e185aa0140b499e72d7d9bf1fe30,unknown,0,0,0
3d440a0a3bac4bfface83f8bef695efd,unknown,0,0,0
3d9fd67e36d74b068a786f056c717a73,unknown,0,0,0
3dd6ec2a9b444c019612e1c52fb1f58d,ark/deepseek-v3,561,207,768
3dd6ec2a9b444c019612e1c52fb1f58d,unknown,0,0,0
3df5d83875754ba2a9dd6d16ec15c62e,deepseek-chat,91,370,461
3df5d83875754ba2a9dd6d16ec15c62e,unknown,0,0,0
3e3789cd2ab249c2a74c969f7e732743,deepseek-chat,3154,1401,4555
3e3789cd2ab249c2a74c969f7e732743,gpt-4.1,3316,898,4214
3e3789cd2ab249c2a74c969f7e732743,unknown,0,0,0
3e394cf63d6041b7a16436dd2311e5b4,unknown,0,0,0
3e4692fa1c2043a5b063a00189dee9d4,deepseek-chat,29,456,485
3e4692fa1c2043a5b063a00189dee9d4,unknown,0,0,0
3e4d26e63d2c4effb34b83bed5100d79,unknown,0,0,0
3e60e6664e6d4a4da9922b40e69689c6,unknown,0,0,0
3e8646b80a6048888f94b523f54d1112,ark/deepseek-v3,1485,744,2229
3e8b40871f19460494411784b8f36c9e,deepseek-chat,886,444,1330
3e8b40871f19460494411784b8f36c9e,unknown,0,0,0
3eb4b51c4a864a088dd7b6d31af32fb4,unknown,0,0,0
3ebb31d541f648a495fb7accade7b30d,ark/deepseek-v3,1909,62,1971
3ebb31d541f648a495fb7accade7b30d,deepseek-chat,9501,1750,11251
3ebb31d541f648a495fb7accade7b30d,unknown,0,0,0
3ee008bee42944bc9b545117e8a265be,unknown,0,0,0
3ef0c256973e44a9a59cb43676a19f44,deepseek-chat,1560,392,1952
3ef0c256973e44a9a59cb43676a19f44,unknown,0,0,0
3f18e4933bba469c98f8aa5c281dd187,ark/deepseek-v3,0,0,0
3f18e4933bba469c98f8aa5c281dd187,unknown,0,0,0
3f190c917e634010ae49a2ac84da24dd,ark/deepseek-v3,0,0,0
3f190c917e634010ae49a2ac84da24dd,unknown,0,0,0
3f8c8f84bd6c440382de06ce0003f0ba,ark/deepseek-v3,0,0,0
3f8c8f84bd6c440382de06ce0003f0ba,unknown,0,0,0
3f950849bd1944d589471bf101caf149,ark/deepseek-v3,1485,733,2218
3faa64bb31c94045a3bfe0a519f6f6a9,ark/deepseek-v3,2294,1103,3397
3faa64bb31c94045a3bfe0a519f6f6a9,unknown,0,0,0
3fc26ce09b2b4662b7a4d83eec4e8811,unknown,0,0,0
3ff37d6104b44f59bb198f07fd904f9c,unknown,0,0,0
40224cd08e1e454f83ee4e39c3f9c4cd,ark/deepseek-v3,2959,643,3602
40224cd08e1e454f83ee4e39c3f9c4cd,unknown,0,0,0
40665183487e40c3a616ea9609ad277c,ark/deepseek-v3,1485,780,2265
406f46ea8bf841509f2714e1ed15859a,unknown,0,0,0
4094ddc748fe4101b737fdb20157bbfa,deepseek-chat,922,1204,2126
4094ddc748fe4101b737fdb20157bbfa,unknown,0,0,0
40f8a5fb4e3f418e88ca80feaa5e22e8,deepseek-chat,8,86,94
40f8a5fb4e3f418e88ca80feaa5e22e8,unknown,0,0,0
412f4b5ca2564645b8824d709a5f3728,deepseek-chat,33,486,519
412f4b5ca2564645b8824d709a5f3728,unknown,0,0,0
41529aaf293c4360914fada35fdd5066,deepseek-chat,756,142,898
41529aaf293c4360914fada35fdd5066,unknown,0,0,0
416e957c2c434ac8811eedf5f3fa109c,ark/deepseek-v3,465,90,555
418b7edda94e459e9d71bfb6709625e6,unknown,0,0,0
418c0928fc794a7194e82f6094d323de,unknown,0,0,0
41ca564171904ed9a905c4250c247475,deepseek-chat,2107,764,2871
41ca564171904ed9a905c4250c247475,gpt-4.1,3145,369,3514
41ca564171904ed9a905c4250c247475,unknown,0,0,0
41d1eb7adfee45668ae1a8b79717684e,unknown,0,0,0
41dfc9bdc9904d4c8b53c4034e0d16d3,unknown,0,0,0
41e401a12a244ed8857c5536c2c81efd,deepseek-chat,866,668,1534
41e401a12a244ed8857c5536c2c81efd,unknown,0,0,0
4221763119eb4eceb07db6dea5b9c17f,deepseek-chat,603,221,824
4221763119eb4eceb07db6dea5b9c17f,unknown,0,0,0
424de4b4f69e4fe7b463fac11fb3e18c,deepseek-chat,1118,179,1297
424de4b4f69e4fe7b463fac11fb3e18c,unknown,0,0,0
4291e6568c794c0a985eaeb70a768a1e,ark/deepseek-v3,465,97,562
4291e6568c794c0a985eaeb70a768a1e,unknown,0,0,0
42ad5eab54df43b1adf594c2ae7e0574,deepseek-chat,1251,72,1323
42ad5eab54df43b1adf594c2ae7e0574,unknown,0,0,0
42b873beea034184b7bd1848ab7bdc71,deepseek-chat,9,192,201
42b873beea034184b7bd1848ab7bdc71,unknown,0,0,0
42bd546d9def4755bdc49b327c14c587,deepseek-chat,1948,470,2418
42bd546d9def4755bdc49b327c14c587,gpt-4.1,1056,28,1084
42bd546d9def4755bdc49b327c14c587,unknown,0,0,0
42db30b6f90548e2b971b506ae7f07ad,ark/deepseek-v3,465,98,563
42e216070b7f46028f9f6bc86205aea8,ark/deepseek-v3,1485,737,2222
42f7e5efdfd84ad3a89f5b3643c8a8ae,unknown,0,0,0
42fe5aed1c6446d3a5fdd8e974f82d89,unknown,0,0,0
4307e1257c25444892b87c8a1c4e8bc1,deepseek-chat,701,197,898
4307e1257c25444892b87c8a1c4e8bc1,unknown,0,0,0
433feee093fa4b39802a4dab3f136d21,deepseek-chat,16,534,550
433feee093fa4b39802a4dab3f136d21,unknown,0,0,0
43a5fb0cbabf46af9ae855702c5a5168,deepseek-chat,1307,306,1613
43a5fb0cbabf46af9ae855702c5a5168,gpt-4.1,1613,312,1925
43a5fb0cbabf46af9ae855702c5a5168,unknown,0,0,0
43a696554be54285a238eb9706770b4b,ark/deepseek-v3,92,114,206
43ac7d7dac2a4c609777a0a296c88bf7,unknown,0,0,0
43bfe5af49ea486ca9b9e76c87a5c0f7,deepseek-chat,0,0,0
43bfe5af49ea486ca9b9e76c87a5c0f7,unknown,0,0,0
43c40b214aa4462bbe2b75f61cd7b845,ark/deepseek-v3,2647,1243,3890
43c40b214aa4462bbe2b75f61cd7b845,unknown,0,0,0
440fe38f56744b02b400da6b6926ea5e,unknown,0,0,0
442a1b5203c444f489d2d069ef85d025,deepseek-chat,1084,253,1337
442a1b5203c444f489d2d069ef85d025,unknown,0,0,0
4434250cb4f24f188a354a278f3c88cb,ark/deepseek-v3,1067,180,1247
4434250cb4f24f188a354a278f3c88cb,unknown,0,0,0
445045259fc649c79b8d308f740a721c,deepseek-chat,8,82,90
445045259fc649c79b8d308f740a721c,unknown,0,0,0
446d745af01e46c6a9bf8e3ebdb33396,ark/deepseek-v3,758,101,859
446d745af01e46c6a9bf8e3ebdb33396,unknown,0,0,0
44724b5431cf496388824892f51d1242,deepseek-chat,3730,833,4563
44724b5431cf496388824892f51d1242,gpt-4.1,4795,473,5268
44724b5431cf496388824892f51d1242,unknown,0,0,0
448a46d250604fbf9850ad754f8812d7,deepseek-chat,93,576,669
448a46d250604fbf9850ad754f8812d7,unknown,0,0,0
448dd719146b4a20b74bc56f9e3f6acf,deepseek-chat,1154,682,1836
448dd719146b4a20b74bc56f9e3f6acf,unknown,0,0,0
44f28504f7ee40549bad860a6dad16f1,deepseek-chat,2444,391,2835
44f28504f7ee40549bad860a6dad16f1,unknown,0,0,0
454f7924b368452c9d8976cb48e3cde9,deepseek-chat,4,92,96
454f7924b368452c9d8976cb48e3cde9,unknown,0,0,0
456cb4e8e0164135a954d2f9d68b0964,ark/deepseek-v3,363,1181,1544
45bc57b19f374ad6b2b10b4c5314c051,unknown,0,0,0
45c4ddf014f947a48953ee4aca4901f2,unknown,0,0,0
463e51d2310b410180661cb1ea9a1d64,deepseek-chat,897,70,967
463e51d2310b410180661cb1ea9a1d64,unknown,0,0,0
4644a493595b4aa0ade6b8444695be2c,deepseek-chat,4558,1651,6209
4644a493595b4aa0ade6b8444695be2c,unknown,0,0,0
464ce85203a445028a1a03f36ced6652,deepseek-chat,810,387,1197
464ce85203a445028a1a03f36ced6652,dify,0,0,0
464ce85203a445028a1a03f36ced6652,unknown,0,0,0
4687d5ea11364891b222cf6b621ad1ae,ark/kimi-k2,66,76,142
4687d5ea11364891b222cf6b621ad1ae,unknown,0,0,0
46a5d3c002304321ac329863142ef7f2,unknown,0,0,0
47197d57f53b4cfa877e7e747f3cb043,deepseek-chat,988,247,1235
47197d57f53b4cfa877e7e747f3cb043,unknown,0,0,0
47493555c1ca4575b676120cb899251b,unknown,0,0,0
475346f822f64cf0b74820b0339153d9,ark/deepseek-v3,1909,62,1971
475346f822f64cf0b74820b0339153d9,deepseek-chat,1232,229,1461
475346f822f64cf0b74820b0339153d9,unknown,0,0,0
4772fdd467464b01adcee915df0d913b,ark/deepseek-v3,1841,670,2511
478520a4ddbb49e38781952f6f9f7365,ark/deepseek-v3,0,0,0
478520a4ddbb49e38781952f6f9f7365,unknown,0,0,0
47eca314259e411684b82298ad009902,ark/deepseek-v3,602,215,817
47eca314259e411684b82298ad009902,unknown,0,0,0
480d95cf73664899a3c954be62ce0eb4,ark/deepseek-v3,465,92,557
480d95cf73664899a3c954be62ce0eb4,unknown,0,0,0
481198d31f3c484a8f4f47a1df267ee8,ark/deepseek-v3,465,93,558
481198d31f3c484a8f4f47a1df267ee8,unknown,0,0,0
481252d0282748e599fe3281bb4c9a34,ark/deepseek-v3,465,96,561
4812db42c25946188bf5bc8177191abc,unknown,0,0,0
483363c43adf4f87966a747614165712,ark/deepseek-v3,1181,574,1755
4834975957aa4d53aa1aab39abeca0d1,ark/deepseek-v3,465,115,580
485d3561dc2043e987db4cf5565b3e82,deepseek-chat,828,292,1120
485d3561dc2043e987db4cf5565b3e82,unknown,0,0,0
487fd0d11fdd489b90751f692cb01fd4,deepseek-chat,8,78,86
487fd0d11fdd489b90751f692cb01fd4,unknown,0,0,0
48b1d4312e8f4ce0848684985523b1a5,ark/deepseek-v3,6608,504,7112
48b1d4312e8f4ce0848684985523b1a5,unknown,0,0,0
48d9241332934df38db749fb7d75106f,ark/kimi-k2,3645,442,4087
48d9241332934df38db749fb7d75106f,unknown,0,0,0
48d92ea7f1394cf79b26460270edad86,ark/deepseek-v3,1073,404,1477
48d92ea7f1394cf79b26460270edad86,unknown,0,0,0
4a0181b6249c4c928ca7eca63d543b4a,deepseek-chat,0,0,0
4a0181b6249c4c928ca7eca63d543b4a,unknown,0,0,0
4a176034ee75474e92234e418b53a878,ark/kimi-k2,289,250,539
4a1f971812174430a52daeb5bfb9d268,deepseek-chat,1306,284,1590
4a1f971812174430a52daeb5bfb9d268,gpt-4.1,1612,235,1847
4a1f971812174430a52daeb5bfb9d268,unknown,0,0,0
4a33d2d0052d4fb290768419d26440bb,ark/deepseek-v3,0,0,0
4a33d2d0052d4fb290768419d26440bb,unknown,0,0,0
4a84f40e41f44025af8a76908e58edda,unknown,0,0,0
4ab5afe150b84d7ca8a4541ef512d097,unknown,0,0,0
4aba5f43cb784bf0b34f1296abaa731f,ark/deepseek-v3,618,38,656
4aba5f43cb784bf0b34f1296abaa731f,unknown,0,0,0
4ad9527e723742028fb329e78210e933,unknown,0,0,0
4b223a28023d4e86a86521c43e280a4f,ark/deepseek-v3,1485,810,2295
4b44aeb72c1c4a5895f68244377eafc1,ark/deepseek-v3,3345,1408,4753
4b44aeb72c1c4a5895f68244377eafc1,unknown,0,0,0
4b5a7c7853c94d36811ac6deddde84e6,deepseek-chat,561,207,768
4b5a7c7853c94d36811ac6deddde84e6,unknown,0,0,0
4b6f3e9dda104a2db6d58ff7228bbda1,unknown,0,0,0
4b77e535d28f46da92e7e06ff4a1b0c8,deepseek-chat,91,421,512
4b77e535d28f46da92e7e06ff4a1b0c8,unknown,0,0,0
4b8adb8dd1df44cba46f8f093b7ac378,ark/kimi-k2,83,40,123
4ba8342f827b46cd94c1a7a597e62a33,deepseek-chat,756,303,1059
4ba8342f827b46cd94c1a7a597e62a33,unknown,0,0,0
4ba9fa2cd46d47a29055c9ebae90eecd,unknown,0,0,0
4bad4f8708f2449b84457c040913ad06,ark/deepseek-v3,629,342,971
4bd54e43caaf42c5aa2e570f6c03bf0c,ark/deepseek-v3,1455,217,1672
4bd54e43caaf42c5aa2e570f6c03bf0c,unknown,0,0,0
4bf7a585708d492a9dc097be1830d060,deepseek-chat,9,326,335
4bf7a585708d492a9dc097be1830d060,unknown,0,0,0
4c604bad9b744ee0acf24d1ce293b59e,ark/deepseek-v3,350,70,420
4c604bad9b744ee0acf24d1ce293b59e,unknown,0,0,0
4c61856c525c46ae9d6ece028833f0ca,unknown,0,0,0
4c72855401b149b0b73aaed291f46a48,ark/deepseek-v3,0,0,0
4c72855401b149b0b73aaed291f46a48,unknown,0,0,0
4c8a9a77826c4920801307f5d5405415,ark/deepseek-v3,6063,1789,7852
4c8a9a77826c4920801307f5d5405415,gpt-4.1,649,22,671
4c8a9a77826c4920801307f5d5405415,unknown,0,0,0
4cca7a0a8aa54f99b382264d9cf7b8f3,unknown,0,0,0
4ccbe373a2fd43818db796107facd340,unknown,0,0,0
4cd676225dfc48eb890c5f959607cd38,ark/deepseek-v3,0,0,0
4cd676225dfc48eb890c5f959607cd38,unknown,0,0,0
4d09a0e585e547c6abb1519148eb9a7a,deepseek-chat,4,11,15
4d09a0e585e547c6abb1519148eb9a7a,unknown,0,0,0
4d17589652914c3590bac5c6b5138e72,ark/deepseek-v3,3395,1145,4540
4d17589652914c3590bac5c6b5138e72,gpt-4.1,3175,877,4052
4d17589652914c3590bac5c6b5138e72,unknown,0,0,0
4d39d33d44b94f939e33a9fe3ccd5447,deepseek-chat,17,175,192
4d39d33d44b94f939e33a9fe3ccd5447,unknown,0,0,0
4d54efcf8321491bad7c846986019591,ark/deepseek-v3,1455,219,1674
4d54efcf8321491bad7c846986019591,unknown,0,0,0
4dbafc72fcb24ebf9fd0c6085e1625f5,deepseek-chat,474,81,555
4dbafc72fcb24ebf9fd0c6085e1625f5,unknown,0,0,0
4ddd10bf15064a4990c30df52bd01701,deepseek-chat,106,3409,3515
4ddd10bf15064a4990c30df52bd01701,unknown,0,0,0
4dea196b14db48f69f43bf3714a01e38,ark/deepseek-v3,465,93,558
4dfbc3a55eea4f579228b717d8c4dc32,ark/kimi-k2,31,124,155
4dfbc3a55eea4f579228b717d8c4dc32,unknown,0,0,0
4e2f4854a1da4421bf94f122a1eb73c3,deepseek-chat,15,1101,1116
4e2f4854a1da4421bf94f122a1eb73c3,unknown,0,0,0
4e63e0c937344c0396d3eb2c61eac5ff,ark/deepseek-v3,758,121,879
4e63e0c937344c0396d3eb2c61eac5ff,unknown,0,0,0
4e92e1d2a0ab40f1bffc0c56a72a92c0,deepseek-chat,1482,445,1927
4e92e1d2a0ab40f1bffc0c56a72a92c0,unknown,0,0,0
4ec7e91799574d0a9975b8a679907dc6,unknown,0,0,0
4edd5218b5864403a210f6eaf6e4911f,ark/deepseek-v3,1059,175,1234
4edd5218b5864403a210f6eaf6e4911f,unknown,0,0,0
4ef3576855b94943bc282a700c96228e,unknown,0,0,0
4f1ac8d08fa544c7b8636419220bf4f6,deepseek-chat,4,95,99
4f1ac8d08fa544c7b8636419220bf4f6,unknown,0,0,0
4f25bb7e83d64989a097a08f2f31834a,deepseek-chat,756,119,875
4f25bb7e83d64989a097a08f2f31834a,unknown,0,0,0
4f2a0ac3e52b4887ab8b2da8fe6600f7,ark/deepseek-v3,3299,1355,4654
4f2a0ac3e52b4887ab8b2da8fe6600f7,gpt-4.1,5124,903,6027
4f2a0ac3e52b4887ab8b2da8fe6600f7,unknown,0,0,0
4f3e8ece8789439388ce499a58d4432d,gpt-4.1,554,28,582
4f3e8ece8789439388ce499a58d4432d,unknown,0,0,0
4f66abdda47d452180a9ce93b18a4169,ark/deepseek-v3,561,207,768
4f66abdda47d452180a9ce93b18a4169,unknown,0,0,0
4f94ed0e49ee42c4a3db2ea0b8cd82f7,ark/deepseek-v3,465,93,558
4f9af330bf8a4f82a1ed12cc061c4c79,unknown,0,0,0
4fe61d91ec074b5b89cbd3f6a5a24d8f,ark/deepseek-v3,1681,848,2529
4fe61d91ec074b5b89cbd3f6a5a24d8f,unknown,0,0,0
4ff37f4a10ed4ceab57c421833a2e53c,ark/deepseek-v3,1455,217,1672
4ff37f4a10ed4ceab57c421833a2e53c,unknown,0,0,0
4ffe0bd40ae840afb9cd64094c2b14cc,deepseek-chat,30,418,448
4ffe0bd40ae840afb9cd64094c2b14cc,unknown,0,0,0
5033c1add78a4b1abee60c68c95ab4dd,ark/deepseek-v3,0,0,0
5033c1add78a4b1abee60c68c95ab4dd,unknown,0,0,0
5089705008234377b8bcc594b41f0a77,unknown,0,0,0
508b0f9b64c040bb95cf5ec72666a205,ark/deepseek-v3,592,71,663
508b0f9b64c040bb95cf5ec72666a205,unknown,0,0,0
5092c75f9c914c62b3de37e2ea58f8de,ark/kimi-k2,31,114,145
5092c75f9c914c62b3de37e2ea58f8de,unknown,0,0,0
50964e32e64c4252af01913102726820,deepseek-chat,612,57,669
50964e32e64c4252af01913102726820,unknown,0,0,0
51009f92cf3e4003aea85c6925278b5d,deepseek-chat,17,202,219
51009f92cf3e4003aea85c6925278b5d,unknown,0,0,0
5133860db230492a977cc35a7b7a73b1,deepseek-chat,741,200,941
5133860db230492a977cc35a7b7a73b1,unknown,0,0,0
5154189bf6294776bb97cf2e67adf0d7,ark/deepseek-v3,465,95,560
5161b488c80d4643b0738784d257b0d8,deepseek-chat,1164,735,1899
5161b488c80d4643b0738784d257b0d8,unknown,0,0,0
51ea3e337e3241de90730745aa2f8181,ark/deepseek-v3,465,102,567
51fa5a2330a64529bdfc1f85f95915eb,ark/deepseek-v3,92,138,230
520a4b800d6f431580739934a6f70123,deepseek-chat,6,68,74
520a4b800d6f431580739934a6f70123,unknown,0,0,0
525ce89bd4404a47865b540834ce3fa9,ark/deepseek-v3,4016,1262,5278
525ce89bd4404a47865b540834ce3fa9,gpt-4.1,4123,814,4937
525ce89bd4404a47865b540834ce3fa9,unknown,0,0,0
52865ed81091452982e6f8a31b173088,deepseek-chat,1209,322,1531
52865ed81091452982e6f8a31b173088,gpt-4.1,1648,146,1794
52865ed81091452982e6f8a31b173088,unknown,0,0,0
529f9583faa746528d7930c4c6c261fd,ark/deepseek-v3,1841,666,2507
52a7d470697b454caf6dd8f39f9e9395,unknown,0,0,0
52b2719e9e7043f295d59440985bad6d,ark/deepseek-v3,92,93,185
52ec2abef0f34ee2a9d93556fd7e0d69,ark/deepseek-v3,691,399,1090
52edee73e4cc496c9b0b59760323f154,deepseek-chat,1059,171,1230
52edee73e4cc496c9b0b59760323f154,unknown,0,0,0
52fa975013794f4db9c8ba9bac4a0c97,unknown,0,0,0
5312a44917da48d48ea721ded6159673,unknown,0,0,0
53183adf911041ca9816f262eaa49661,unknown,0,0,0
531b3893447b418fb67ea105e1da739f,deepseek-chat,5,15,20
531b3893447b418fb67ea105e1da739f,unknown,0,0,0
5323e2d6777b46e4bff26b0d5e9b99c8,unknown,0,0,0
5337bbfa4960405a8e7522fb5b77dce1,unknown,0,0,0
53a0dc239d9a4236a57f7374709b8e44,ark/deepseek-v3,196,782,978
53b0e336d19d404abfa7a80518e544a2,deepseek-chat,1209,367,1576
53b0e336d19d404abfa7a80518e544a2,gpt-4.1,1648,140,1788
53b0e336d19d404abfa7a80518e544a2,unknown,0,0,0
53e743d4da68405096d4d959100bf613,ark/deepseek-v3,5992,699,6691
53e743d4da68405096d4d959100bf613,unknown,0,0,0
541dce47cee74b78bb285c03497e0af4,ark/deepseek-v3,1485,717,2202
5432217057984016a422cf2191cfdbfe,unknown,0,0,0
545fd92a81314eb19ab9dffebb51374c,deepseek-chat,623,541,1164
545fd92a81314eb19ab9dffebb51374c,unknown,0,0,0
54659e1897f040c29422c6a4c6c54a43,deepseek-chat,34,586,620
54659e1897f040c29422c6a4c6c54a43,unknown,0,0,0
5473871c802e4721b0307a9b488d0220,deepseek-chat,8,150,158
5473871c802e4721b0307a9b488d0220,unknown,0,0,0
54c3327780dc45de9aab62cb9fdc4a67,unknown,0,0,0
54dbbf04f2be4e8f84fbfacdbbbf5736,ark/deepseek-v3,465,108,573
54f43731b33441c39b4fe88a23db89c3,ark/deepseek-v3,1670,415,2085
551d6457e4994e54bc47783cadc983ba,deepseek-chat,1451,297,1748
551d6457e4994e54bc47783cadc983ba,unknown,0,0,0
553fdbdc9fe24fe68c2ec75fc3c983e2,deepseek-chat,7,57,64
554565cdff6e465d8674dc52ecaff3cd,deepseek-chat,866,817,1683
554565cdff6e465d8674dc52ecaff3cd,unknown,0,0,0
5556d6d4d3da4ea5ad337ca50a910d90,deepseek-chat,11543,1109,12652
5556d6d4d3da4ea5ad337ca50a910d90,unknown,0,0,0
555c4ed6807645b5ac85818e23c0fe08,ark/deepseek-v3,465,94,559
557e4e12063e491cbf30c3f3ce8a0e15,ark/deepseek-v3,92,113,205
558c889743174d3a9a5f66a02bb681d4,ark/deepseek-v3,2607,1411,4018
558c889743174d3a9a5f66a02bb681d4,unknown,0,0,0
5593301ba31b4d218a110581b5aa34a1,unknown,0,0,0
55a65c2fddfd4092bd081b1bd9f110d8,ark/deepseek-v3,465,89,554
55d9c471810b42928d59a6c77d9d7b4a,ark/deepseek-v3,465,92,557
55d9c471810b42928d59a6c77d9d7b4a,unknown,0,0,0
55da7976706f47f3a5802d03f53e57e8,ark/deepseek-v3,1124,379,1503
55da7976706f47f3a5802d03f53e57e8,unknown,0,0,0
55f6291042d04268b9d48484c095ae37,unknown,0,0,0
560eddb599f54fbc9599c5f3c7bd0778,deepseek-chat,594,710,1304
560eddb599f54fbc9599c5f3c7bd0778,unknown,0,0,0
560f9e49c1164cf2bca5d9a331347ac8,ark/deepseek-v3,1485,794,2279
562bdc2bb23e46adb659ada1ce1a6bd2,gpt-4o-2024-05-13,2055,325,2380
562bdc2bb23e46adb659ada1ce1a6bd2,unknown,0,0,0
563b600525584b8e9626d23b2810c462,deepseek-chat,934,230,1164
563b600525584b8e9626d23b2810c462,gpt-4.1,672,231,903
563b600525584b8e9626d23b2810c462,unknown,0,0,0
567fa6f05ca74997a3178dce299d2533,ark/deepseek-v3,1515,258,1773
567fa6f05ca74997a3178dce299d2533,unknown,0,0,0
56e5205d184148519e347ac75fe62127,deepseek-chat,741,213,954
56e5205d184148519e347ac75fe62127,unknown,0,0,0
5715ec6afbec45188bcc1d469e56b7cc,ark/deepseek-v3,562,2103,2665
5716426e831e4faf9f5744fc85ea80d7,unknown,0,0,0
572dba846add48699d896c51eb49356f,deepseek-chat,75,374,449
572dba846add48699d896c51eb49356f,unknown,0,0,0
57516cdeffd249599d9eb3ae5280e7e0,ark/deepseek-v3,1485,694,2179
57694581dd50409ba14e07e0bc39041e,deepseek-chat,1482,425,1907
57694581dd50409ba14e07e0bc39041e,unknown,0,0,0
57837ebfd6f244cb8a03756c6decaf8b,deepseek-chat,3601,202,3803
57837ebfd6f244cb8a03756c6decaf8b,unknown,0,0,0
5788dfd519a24b73bfa1d93bd718836e,unknown,0,0,0
57a5e632d47d490c996cec21bf3a75f9,ark/kimi-k2,0,0,0
57a5e632d47d490c996cec21bf3a75f9,unknown,0,0,0
57dd96f4784e41b7957a0532bbc31e78,unknown,0,0,0
57e54221d1124e07a8a05ef3281d4ec4,unknown,0,0,0
57e67e307ba54ad68a0139e8eed619fb,deepseek-chat,15,916,931
57e67e307ba54ad68a0139e8eed619fb,unknown,0,0,0
5819bb24561f4e42b7bcdfb1d8a6edb4,ark/deepseek-v3,5880,1543,7423
5819bb24561f4e42b7bcdfb1d8a6edb4,unknown,0,0,0
585aa1467cd8430b97d13065775cf44e,unknown,0,0,0
586fa25499de4f26a8b41c75efa8e0e5,ark/deepseek-v3,2220,2574,4794
5892237ac3ce45bcae7b3a986fb78769,ark/deepseek-v3,1909,53,1962
5892237ac3ce45bcae7b3a986fb78769,deepseek-chat,3144,574,3718
5892237ac3ce45bcae7b3a986fb78769,unknown,0,0,0
58a89bc0cae14b86a1e5f6d47f025592,deepseek-chat,1307,294,1601
58a89bc0cae14b86a1e5f6d47f025592,gpt-4.1,2962,511,3473
58a89bc0cae14b86a1e5f6d47f025592,unknown,0,0,0
58b2cf6fbfdf4544bbda2a13aeefa1a2,ark/deepseek-v3,6030,1556,7586
58b2cf6fbfdf4544bbda2a13aeefa1a2,gpt-4.1,638,18,656
58b2cf6fbfdf4544bbda2a13aeefa1a2,unknown,0,0,0
58ba568d4dbb4943b0a5bc7e2fae6535,deepseek-chat,641,521,1162
58ba568d4dbb4943b0a5bc7e2fae6535,unknown,0,0,0
58ddebef720e404983ffde2b8624f6e1,deepseek-chat,739,221,960
58ddebef720e404983ffde2b8624f6e1,unknown,0,0,0
58e1846e2e09437facc20ecc429b8d47,ark/deepseek-v3,1455,223,1678
58e1846e2e09437facc20ecc429b8d47,unknown,0,0,0
58e75be1b8aa4bee9577a5396dabf16c,unknown,0,0,0
59064bc5681749b59162be1fd9d4e26a,unknown,0,0,0
5955b88cfa764efb81379051dd23378b,deepseek-chat,15,1087,1102
5955b88cfa764efb81379051dd23378b,unknown,0,0,0
5966546f69d34232a77b89de5107f072,deepseek-chat,3245,1247,4492
5966546f69d34232a77b89de5107f072,gpt-4.1,3346,856,4202
5966546f69d34232a77b89de5107f072,unknown,0,0,0
596d991692c44d0784763267388b9407,deepseek-chat,810,376,1186
596d991692c44d0784763267388b9407,unknown,0,0,0
59873b295b1243848f3e0a45e784627d,deepseek-chat,3136,789,3925
59873b295b1243848f3e0a45e784627d,unknown,0,0,0
5a77e5fb33334cd9aca9dda489da6c81,ark/deepseek-v3,1439,490,1929
5a832f234e9549f6a90ce569de98c49a,deepseek-chat,786,825,1611
5a832f234e9549f6a90ce569de98c49a,unknown,0,0,0
5a95c2649d014c49af810abc5808bafb,unknown,0,0,0
5aac3c7876464264b32413c351bcdfcf,ark/deepseek-v3,1911,65,1976
5aac3c7876464264b32413c351bcdfcf,deepseek-chat,1232,203,1435
5aac3c7876464264b32413c351bcdfcf,unknown,0,0,0
5ae9eaaea78949cfa211d76ae0f68e34,deepseek-chat,1348,767,2115
5ae9eaaea78949cfa211d76ae0f68e34,unknown,0,0,0
5af82dcd1d2e45759484fea1d7375b2d,deepseek-chat,601,108,709
5af82dcd1d2e45759484fea1d7375b2d,unknown,0,0,0
5b0ea7f1a23343f99a5d9502bda1653c,ark/deepseek-v3,257,650,907
5b49954d3b0f49409bfd0a20b3f1e41a,deepseek-chat,865,761,1626
5b49954d3b0f49409bfd0a20b3f1e41a,unknown,0,0,0
5b739f9bd07f4995aa8558e8c0587cd6,deepseek-chat,1019,157,1176
5b739f9bd07f4995aa8558e8c0587cd6,unknown,0,0,0
5b9a2b8f6c5b4c35b187b82a5a89956d,deepseek-chat,4,539,543
5b9a2b8f6c5b4c35b187b82a5a89956d,unknown,0,0,0
5bae8e7209c24c3b96cd73bc11cd54c8,ark/kimi-k2,31,124,155
5bae8e7209c24c3b96cd73bc11cd54c8,unknown,0,0,0
5bca36dfcc9d44d6a462f0e9b767e70e,deepseek-chat,4,227,231
5bca36dfcc9d44d6a462f0e9b767e70e,unknown,0,0,0
5c4e6c4feae74cd690210e03b1531c2a,ark/deepseek-v3,1909,63,1972
5c4e6c4feae74cd690210e03b1531c2a,deepseek-chat,1232,237,1469
5c4e6c4feae74cd690210e03b1531c2a,unknown,0,0,0
5c664d7881134332be1f474ef8e6050f,deepseek-chat,0,0,0
5c664d7881134332be1f474ef8e6050f,unknown,0,0,0
5cdb1a269d944ac6bb7a800a4a3abb37,deepseek-chat,14,523,537
5cdb1a269d944ac6bb7a800a4a3abb37,unknown,0,0,0
5cdf2d999f8e45b69dd80bb15002495a,unknown,0,0,0
5d2630ce211e488c8b10a4f1048d0476,deepseek-chat,15,1065,1080
5d2630ce211e488c8b10a4f1048d0476,unknown,0,0,0
5d2bca344174491696d1c855200b54d3,ark/deepseek-v3,92,129,221
5d68127502da40f58759fbd866e30401,ark/kimi-k2,793,373,1166
5d92f16558194583bc0541e0657330ec,unknown,0,0,0
5db0b4f7e3774338997a9643f2d8c817,unknown,0,0,0
5db9a0399adb408d8070864e6dd694b4,unknown,0,0,0
5dbdad4dee494e509b08fc75b5f54521,ark/deepseek-v3,1485,755,2240
5e9e941455114461b34fd36cd633e52f,unknown,0,0,0
5ec70292613a49d99974ee3a12fb93e1,unknown,0,0,0
5f33a880bfdb412e9a555579c9c4c279,unknown,0,0,0
5f44845cc3e14587915d90d39002d41c,deepseek-chat,5,15,20
5f44845cc3e14587915d90d39002d41c,unknown,0,0,0
5f5b73cb6b0e4d4485b9a9f4fe732627,deepseek-chat,4,11,15
5f5b73cb6b0e4d4485b9a9f4fe732627,unknown,0,0,0
5fa71e28c1354d0488fb7bc3bd4e474f,ark/deepseek-v3,465,81,546
5fc15b2d39724f22a54321662126bb4e,unknown,0,0,0
5fc23d973e5a4aae9a3df6bfe947f130,unknown,0,0,0
5fc8fad7c4414ec694758af5b0f295b2,deepseek-chat,93,440,533
5fc8fad7c4414ec694758af5b0f295b2,unknown,0,0,0
5fd22b91365a41f9830e5aa199f5ca52,ark/deepseek-v3,465,96,561
5fd22b91365a41f9830e5aa199f5ca52,unknown,0,0,0
600c02bd15d14fb0b7178a6e0aca2882,ark/deepseek-v3,92,115,207
600d8b6f71c343be8f9b7bcbaa7b78f8,ark/deepseek-v3,12627,5177,17804
602a3bc91d65402dae588a91885666d0,deepseek-chat,862,336,1198
602a3bc91d65402dae588a91885666d0,unknown,0,0,0
6033ef19fa184d7d8178eea4f9577371,deepseek-chat,9,358,367
6033ef19fa184d7d8178eea4f9577371,unknown,0,0,0
605854da469544acba2e861849c0df36,unknown,0,0,0
6065813ae0974f0eb81906e70362a5d7,unknown,0,0,0
6088b66519fc453ba1adf77b551c44e7,ark/deepseek-v3,833,131,964
6088b66519fc453ba1adf77b551c44e7,unknown,0,0,0
60950837f7da4129bf9720345100ce6b,deepseek-chat,7,4,11
60950837f7da4129bf9720345100ce6b,unknown,0,0,0
60fce83ef66c42989e6cb400b886bca9,unknown,0,0,0
6101259386d24c438904831da15cf696,ark/deepseek-v3,0,0,0
6101259386d24c438904831da15cf696,unknown,0,0,0
610be101a3dd4855aa670239d183aef2,ark/deepseek-v3,465,96,561
610be101a3dd4855aa670239d183aef2,unknown,0,0,0
610dd44e32c541239e88cad98f2165d4,unknown,0,0,0
611606048be740b0b4863ae3264ec984,ark/deepseek-v3,1485,666,2151
6145cd0b90534a60bbc7da348f167d7f,ark/deepseek-v3,465,97,562
616a9ab05116481eb998cc5bf392532c,ark/deepseek-v3,0,0,0
616a9ab05116481eb998cc5bf392532c,unknown,0,0,0
6198a307e5284fe1b9adf42b01780911,unknown,0,0,0
61bd7f72269e4a7f95102965c09e2aa7,deepseek-chat,1187,246,1433
61bd7f72269e4a7f95102965c09e2aa7,unknown,0,0,0
620a7e1562304609be29eb4dbae6f8c5,unknown,0,0,0
6242c6b0892b4aceabd5884bb5dabc16,deepseek-chat,15,889,904
6242c6b0892b4aceabd5884bb5dabc16,unknown,0,0,0
624c689fe9704b48b02103c9b9ae3bd9,ark/deepseek-v3,92,156,248
6250d3335c3341b0b24f2b1457fbab2d,deepseek-chat,634,57,691
6250d3335c3341b0b24f2b1457fbab2d,unknown,0,0,0
62c60a5e55ae406a9c24c09ca1f185ee,deepseek-chat,701,165,866
62c60a5e55ae406a9c24c09ca1f185ee,unknown,0,0,0
62c7b4c4659446868f7281d5bd1638ab,unknown,0,0,0
62c999651a6c49fd987a24b5beef7361,unknown,0,0,0
62e5cf89a3ce4ba5a35f14c7fca877aa,unknown,0,0,0
62f63f52f2cb4e15a619d9f8f667cc71,deepseek-chat,2444,340,2784
62f63f52f2cb4e15a619d9f8f667cc71,unknown,0,0,0
630289f8424e48149f230b7fa4959e9c,ark/deepseek-v3,2702,1047,3749
630289f8424e48149f230b7fa4959e9c,unknown,0,0,0
6340da91b49c4ed38d9e23915e320e52,unknown,0,0,0
63828dc3d8394c37aa3ffcfc66aee3af,ark/deepseek-v3,91281,38809,130090
63828dc3d8394c37aa3ffcfc66aee3af,deepseek-chat,47046,745,47791
63828dc3d8394c37aa3ffcfc66aee3af,unknown,0,0,0
63b36ac2077149bab08c189b7ff8972b,deepseek-chat,866,921,1787
63b36ac2077149bab08c189b7ff8972b,unknown,0,0,0
63bc6c034131467dafdeb393951e72a0,ark/kimi-k2,26,92,118
63dd4062ef8648aea4d4909d2433268d,deepseek-chat,3205,1105,4310
63dd4062ef8648aea4d4909d2433268d,gpt-4.1,3338,924,4262
63dd4062ef8648aea4d4909d2433268d,unknown,0,0,0
641daaf9daf346bdb6a2b3e25ca91cb7,unknown,0,0,0
643501d1a3e64b6696eb0d4e45c36541,ark/deepseek-v3,465,119,584
645b6c702ba648f89744750fbca35a5c,ark/deepseek-v3,636,2222,2858
646b2e4a31804c5c93ab09bb02402df0,deepseek-chat,4,15,19
646b2e4a31804c5c93ab09bb02402df0,gpt-4.1,554,28,582
646b2e4a31804c5c93ab09bb02402df0,unknown,0,0,0
648ff8e3559e45209c8bc358a24306e2,unknown,0,0,0
64c66721bb5a4d7f98cb25484db33bfb,deepseek-chat,5,15,20
64c66721bb5a4d7f98cb25484db33bfb,unknown,0,0,0
64f2bf677cd84feba154dea9de75068a,ark/deepseek-v3,465,94,559
64f6e6c809864a1e941cb02938c0f9ec,unknown,0,0,0
650c70da929a4d02a7c0dfd9196af71d,deepseek-chat,1209,370,1579
650c70da929a4d02a7c0dfd9196af71d,gpt-4.1,1649,157,1806
650c70da929a4d02a7c0dfd9196af71d,unknown,0,0,0
6527ac3c37b7418188f2fc7877025586,ark/deepseek-v3,6142,1740,7882
6527ac3c37b7418188f2fc7877025586,gpt-4.1,650,24,674
6527ac3c37b7418188f2fc7877025586,unknown,0,0,0
6542f31a60cd4adfafb0da39281e4eb2,deepseek-chat,0,0,0
6542f31a60cd4adfafb0da39281e4eb2,unknown,0,0,0
654713aa51b74be8a13ac684b4a8c1fd,ark/deepseek-v3,625,94,719
654713aa51b74be8a13ac684b4a8c1fd,unknown,0,0,0
659d53838a6d4f97889f8dbc24272abd,ark/deepseek-v3,590,545,1135
65d6d90bc8ab4805870101f7a4009eec,unknown,0,0,0
660437a9fa0a4500980dd6ef93d76880,unknown,0,0,0
660aa81da2184738a1c98fe0b4eacf37,ark/deepseek-v3,1455,222,1677
660aa81da2184738a1c98fe0b4eacf37,unknown,0,0,0
660c716c52454d588b337b13d1b0367e,unknown,0,0,0
6616bd8c6f794d95b8ad6f20a5a816e2,unknown,0,0,0
663b6d4c7f15463b8eb7e09fae33d4de,gpt-4o-audio-preview-2024-12-17,0,0,0
663b6d4c7f15463b8eb7e09fae33d4de,unknown,0,0,0
6670a0c9810b4246995f8c9bcb215140,ark/deepseek-v3,6142,1766,7908
6670a0c9810b4246995f8c9bcb215140,gpt-4.1,656,36,692
6670a0c9810b4246995f8c9bcb215140,unknown,0,0,0
66e06e72b181484099e91fec46da9bd0,unknown,0,0,0
66f41bef81ab4b559a70e03854c9b528,unknown,0,0,0
67132acdcf314285b0bfc8adaa7595d3,unknown,0,0,0
671d5fa267f14fc098a51eefbfc8136f,ark/deepseek-v3,2288,1317,3605
672e2344e68449938ebdf73ed4985cf9,unknown,0,0,0
67428331edcc447c947b4f74ad33ad36,unknown,0,0,0
6763d41b682641f08a83d14f88349bdd,unknown,0,0,0
676acc854d5f438dace5778a68bf592a,ark/deepseek-v3,1485,794,2279
6773f48ec68448b0a4f24ee15d4d07ea,ark/deepseek-v3,2288,1169,3457
67950cb5765b404ba758f7d8decdb924,deepseek-chat,742,332,1074
67950cb5765b404ba758f7d8decdb924,unknown,0,0,0
67b4324e3b4d4274b965eef38a2a7a20,ark/deepseek-v3,112,1035,1147
67d269ce674b4864abc61093e6a49230,deepseek-chat,2442,307,2749
67d269ce674b4864abc61093e6a49230,unknown,0,0,0
67d5d20e801948c1b30b2f804c738e06,deepseek-chat,2177,740,2917
67d5d20e801948c1b30b2f804c738e06,unknown,0,0,0
67e552468d7e4771829c47ba6b08a4e9,unknown,0,0,0
68065f557e7e47968be72fea97a28807,ark/deepseek-v3,693,394,1087
681ae3deffd14993aeeaad03a56a1e7c,unknown,0,0,0
68255f1f06a4421cb23ad058524cfc7e,deepseek-chat,93,630,723
68255f1f06a4421cb23ad058524cfc7e,unknown,0,0,0
6828b9cfe9b94865beedb4469ad6b433,deepseek-chat,1578,128,1706
6828b9cfe9b94865beedb4469ad6b433,unknown,0,0,0
683541b7debd4225994ad5ac24b540e8,unknown,0,0,0
684ee4e5717746568dea3aabd2311cb1,unknown,0,0,0
6860f63502694d548a91b63204a6c64c,ark/deepseek-v3,3983,1089,5072
6860f63502694d548a91b63204a6c64c,deepseek-chat,102681,922,103603
6860f63502694d548a91b63204a6c64c,gpt-4.1,4087,807,4894
6860f63502694d548a91b63204a6c64c,unknown,0,0,0
68688c23084247dbacce27fc65cf1ec7,ark/deepseek-v3,1455,193,1648
68688c23084247dbacce27fc65cf1ec7,unknown,0,0,0
686fa0fc0f7b4db39db2ad91fd4d006f,unknown,0,0,0
69400bfa7f194f649fa04049d1f4f78e,ark/deepseek-v3,0,0,0
69400bfa7f194f649fa04049d1f4f78e,unknown,0,0,0
698f44eff0c74e3d8e1d30933e6887af,ark/deepseek-v3,1470,244,1714
698f44eff0c74e3d8e1d30933e6887af,unknown,0,0,0
6992de79587944c2af571ce31824b61e,ark/kimi-k2,31,37,68
6992de79587944c2af571ce31824b61e,unknown,0,0,0
69a54c5ac2c64a558df0f8e876ac823d,unknown,0,0,0
69f5accd34504f1d8bd5852f5ab71e3f,deepseek-chat,1053,197,1250
69f5accd34504f1d8bd5852f5ab71e3f,unknown,0,0,0
6a145d00a05d459eb2a04f7c7b5b3e7b,ark/deepseek-v3,196,667,863
6a7d06b9f6574f62ac8489d6bb6faaba,unknown,0,0,0
6a807f977e6c44b69cc0b8627e53b81d,unknown,0,0,0
6ab512f487be49189a6101337e010408,deepseek-chat,187,635,822
6ab512f487be49189a6101337e010408,unknown,0,0,0
6ac464e158cb438787b20e1af0e679a8,unknown,0,0,0
6ada96c8b4e543d0a7aa7ae785321623,deepseek-chat,0,0,0
6ada96c8b4e543d0a7aa7ae785321623,unknown,0,0,0
6aef2339ec70450385b486405fdc3acc,unknown,0,0,0
6affb455105c4808ae09a1c2496df497,unknown,0,0,0
6b40238d652a4a3caaa5a48e3bfe405e,ark/deepseek-v3,38414,11868,50282
6b40238d652a4a3caaa5a48e3bfe405e,unknown,0,0,0
6b40d9ea6da8430e913e58ccaa6566b2,deepseek-chat,11,968,979
6b40d9ea6da8430e913e58ccaa6566b2,unknown,0,0,0
6b50284f591848f5a5e138d9e2f5d069,unknown,0,0,0
6b54b66894da4e5f9ffea6c35917c9e6,deepseek-chat,5,15,20
6b54b66894da4e5f9ffea6c35917c9e6,unknown,0,0,0
6b6392d9a99e4167bf18fba1e3180449,ark/deepseek-v3,1509,500,2009
6b6392d9a99e4167bf18fba1e3180449,unknown,0,0,0
6b9f7d218b734d2bad02779787a614de,deepseek-chat,4,208,212
6b9f7d218b734d2bad02779787a614de,unknown,0,0,0
6bd7be20192c45979858c4a509bade19,ark/deepseek-v3,612,215,827
6be96cac62034853a211e836e3e484a1,unknown,0,0,0
6c06b8616bc54b44aa2ea745f13ed44d,ark/deepseek-v3,2649,651,3300
6c06b8616bc54b44aa2ea745f13ed44d,unknown,0,0,0
6c105526829443d19213bd53a3a1ab4e,ark/deepseek-v3,622,35,657
6c105526829443d19213bd53a3a1ab4e,unknown,0,0,0
6c27d1fe035b4725946a5317ee1252c6,ark/deepseek-v3,568,231,799
6c27d1fe035b4725946a5317ee1252c6,deepseek-chat,5816,60,5876
6c27d1fe035b4725946a5317ee1252c6,unknown,0,0,0
6cc008006f564a2d8492c26c1c268190,unknown,0,0,0
6ce1916ab1f74573add5c9c51773fc08,unknown,0,0,0
6ce333dd777e405897904bc91f565a8b,ark/deepseek-v3,2727,1466,4193
6ce333dd777e405897904bc91f565a8b,unknown,0,0,0
6ce941c04cc54c44a1821700828f513d,unknown,0,0,0
6d3171614dba4e93a82769dd67b9e6e1,ark/deepseek-v3,1909,62,1971
6d3171614dba4e93a82769dd67b9e6e1,deepseek-chat,3144,572,3716
6d3171614dba4e93a82769dd67b9e6e1,unknown,0,0,0
6d4951f125f44ee1b793ef3f906e339d,ark/deepseek-v3,1909,63,1972
6d4951f125f44ee1b793ef3f906e339d,deepseek-chat,4518,1064,5582
6d4951f125f44ee1b793ef3f906e339d,unknown,0,0,0
6d6138a8d7c44f6d8812a3f929ec69ed,deepseek-chat,4,774,778
6d6138a8d7c44f6d8812a3f929ec69ed,unknown,0,0,0
6df0fd0416ed47baa877b2469393c29f,unknown,0,0,0
6e2be828b1624ee6ac15a7021250ee71,unknown,0,0,0
6e5083116f80403090808ce309db881e,ark/deepseek-v3,931,240,1171
6e5083116f80403090808ce309db881e,unknown,0,0,0
6e61f9ab560e418a856550afa66e75a8,ark/deepseek-v3,1357,597,1954
6e61f9ab560e418a856550afa66e75a8,unknown,0,0,0
6e7021ea9cc9458381048f217a362fb7,unknown,0,0,0
6e7f68dd6f3f4a418bb1a718c6423e29,deepseek-chat,864,664,1528
6e7f68dd6f3f4a418bb1a718c6423e29,unknown,0,0,0
6ed43fab08414b7d958b357c697cbe43,ark/deepseek-v3,2874,1679,4553
6ed43fab08414b7d958b357c697cbe43,unknown,0,0,0
6eef3396444743e0a22220a0b854f352,deepseek-chat,2442,303,2745
6eef3396444743e0a22220a0b854f352,unknown,0,0,0
6f08611e9e0f4787814c5186f2ea84bd,deepseek-chat,1251,77,1328
6f08611e9e0f4787814c5186f2ea84bd,unknown,0,0,0
6f28f064dd564d369a533a77cfa18568,ark/deepseek-v3,3391,1293,4684
6f28f064dd564d369a533a77cfa18568,gpt-4.1,4109,834,4943
6f28f064dd564d369a533a77cfa18568,unknown,0,0,0
6f45fbd3222e40f69fea41a155afb095,unknown,0,0,0
6f9a0964721243f28000f6fa4c5af2a5,ark/deepseek-v3,3407,1275,4682
6f9a0964721243f28000f6fa4c5af2a5,deepseek-chat,6585,1088,7673
6f9a0964721243f28000f6fa4c5af2a5,gpt-4.1,4110,796,4906
6f9a0964721243f28000f6fa4c5af2a5,unknown,0,0,0
6f9d5a6cc3b44fba8d9b5444d0c4c15e,unknown,0,0,0
6fa8aa4592a746d3bef69c0298b04ad8,deepseek-chat,4,135,139
6fa8aa4592a746d3bef69c0298b04ad8,unknown,0,0,0
6fbd4714e29548e9ae128cfa1c283230,ark/deepseek-v3,92,140,232
7014d6b8a3104b67808f9beff5fadf8f,unknown,0,0,0
706ce89a768642e9ad78fddb23066a76,deepseek-chat,0,0,0
706ce89a768642e9ad78fddb23066a76,unknown,0,0,0
706d8c3ad46b4ac29ae67173ca3bb09e,ark/kimi-k2,1143,343,1486
706d8c3ad46b4ac29ae67173ca3bb09e,unknown,0,0,0
707dd591a2474476b05df96363c4251b,deepseek-chat,4,118,122
707dd591a2474476b05df96363c4251b,unknown,0,0,0
7083f1fd1fa14c67b97a33d1983e7cca,deepseek-chat,378,91,469
7083f1fd1fa14c67b97a33d1983e7cca,unknown,0,0,0
7093c4446d5d4a2687b2e1df07131f07,ark/deepseek-v3,921,237,1158
7093c4446d5d4a2687b2e1df07131f07,gpt-4.1,4409,564,4973
7093c4446d5d4a2687b2e1df07131f07,unknown,0,0,0
70e1b1c7e2ce426a911c64f29aa1a0b1,unknown,0,0,0
70fd35e933b14c4a954f32409484f901,unknown,0,0,0
7106f012d571412fb3c48d4b9d21ad36,deepseek-chat,828,954,1782
7106f012d571412fb3c48d4b9d21ad36,unknown,0,0,0
71101c9df9f9414d91170e08d0e2f6f8,deepseek-chat,18,1344,1362
71101c9df9f9414d91170e08d0e2f6f8,unknown,0,0,0
71254bc37cfc4ed3920be8c31aa4a7b1,ark/deepseek-v3,2338,1246,3584
71254bc37cfc4ed3920be8c31aa4a7b1,unknown,0,0,0
713143c025a44c9ea4baa8c99dcb7354,deepseek-chat,2562,354,2916
713143c025a44c9ea4baa8c99dcb7354,unknown,0,0,0
713d7d5d1f594f60a60ef2183b7db8da,ark/deepseek-v3,1485,807,2292
71475c1417af4c4292582d74f1aadcab,deepseek-chat,0,0,0
71475c1417af4c4292582d74f1aadcab,unknown,0,0,0
714f575da1af4121a61e5b8e99c1295f,ark/deepseek-v3,1911,65,1976
714f575da1af4121a61e5b8e99c1295f,deepseek-chat,2563,468,3031
714f575da1af4121a61e5b8e99c1295f,unknown,0,0,0
715be77c90f54f5189e39b8dd7744fff,unknown,0,0,0
717791c216ad44d6a69170262f2e4e37,deepseek-chat,9,373,382
717791c216ad44d6a69170262f2e4e37,unknown,0,0,0
71a739849f344bc78e310ffe4dbc7676,deepseek-chat,49,455,504
71a739849f344bc78e310ffe4dbc7676,unknown,0,0,0
71d3380ab344476cb99950ee88c01293,ark/deepseek-v3,2067,846,2913
71eeba37ddf444f29f33196d8a4eba38,ark/deepseek-v3,3424,1465,4889
71eeba37ddf444f29f33196d8a4eba38,gpt-4.1,4121,858,4979
71eeba37ddf444f29f33196d8a4eba38,unknown,0,0,0
71f1d5790f0846e6a618f51ac5f5438e,deepseek-chat,832,991,1823
71f1d5790f0846e6a618f51ac5f5438e,unknown,0,0,0
720479e1e9a54aa2b67287cd641c6895,ark/deepseek-v3,25300,8127,33427
720479e1e9a54aa2b67287cd641c6895,unknown,0,0,0
72131e788368431c9476a848fc1ce0ca,ark/deepseek-v3,3686,811,4497
72131e788368431c9476a848fc1ce0ca,unknown,0,0,0
721ea82f16f54189a48a2132d877a4f5,deepseek-chat,36,123,159
721ea82f16f54189a48a2132d877a4f5,unknown,0,0,0
728d36ed284842f3a271bcb8ed91fced,ark/deepseek-v3,3508,1038,4546
728d36ed284842f3a271bcb8ed91fced,gpt-4.1,4121,834,4955
728d36ed284842f3a271bcb8ed91fced,unknown,0,0,0
72cb83ad3297488e85604c955203b5bd,unknown,0,0,0
72db4ca4c58f4ae9a5094b07a2946ef1,ark/deepseek-v3,1909,63,1972
72db4ca4c58f4ae9a5094b07a2946ef1,deepseek-chat,3144,641,3785
72db4ca4c58f4ae9a5094b07a2946ef1,unknown,0,0,0
72dcdfe3c08d48cf9f1a24833dd9da79,deepseek-chat,639,1522,2161
72dcdfe3c08d48cf9f1a24833dd9da79,unknown,0,0,0
72dded2974484ccaba1ff003772e7ec6,unknown,0,0,0
73258644a3b04611a23cbe0828f24370,ark/deepseek-v3,465,91,556
733e612162b0478892957eec31961ccf,unknown,0,0,0
734969e711fb4d24b3acbb3cb22c9383,ark/deepseek-v3,3500,1020,4520
734969e711fb4d24b3acbb3cb22c9383,gpt-4.1,4130,849,4979
734969e711fb4d24b3acbb3cb22c9383,unknown,0,0,0
7365b6e7840c43769b1b3c089a284691,ark/deepseek-v3,623,57,680
7365b6e7840c43769b1b3c089a284691,unknown,0,0,0
7388dd44f6fc472295cee569f93d1579,gpt-4o,16,18,34
7388dd44f6fc472295cee569f93d1579,unknown,0,0,0
73ae0fd772a24883901a4ae73178da58,deepseek-chat,20,244,264
73ae0fd772a24883901a4ae73178da58,gpt-4o-2024-05-13,939,43,982
73ae0fd772a24883901a4ae73178da58,unknown,0,0,0
73be0ba7cd2546f69ff1f4cd7e00ab80,ark/deepseek-v3,1455,226,1681
73be0ba7cd2546f69ff1f4cd7e00ab80,unknown,0,0,0
73c3e4052f3743d6be45d4b2050cf954,ark/deepseek-v3,465,83,548
73c7619b502144b48aaef88b74d4a9d3,ark/deepseek-v3,2260,978,3238
73c7619b502144b48aaef88b74d4a9d3,unknown,0,0,0
7400cd1bdf2249999873a8e28e9df5a8,deepseek-chat,5,15,20
7400cd1bdf2249999873a8e28e9df5a8,unknown,0,0,0
7415cf2b786a4f61ba6e18fdf7d5bb44,deepseek-chat,934,230,1164
7415cf2b786a4f61ba6e18fdf7d5bb44,gpt-4.1,672,251,923
7415cf2b786a4f61ba6e18fdf7d5bb44,unknown,0,0,0
7442ea272853436ebdb387ba38aa0132,ark/deepseek-v3,2286,1133,3419
74476158cc3443fc803a4e46270a0271,ark/deepseek-v3,1061,328,1389
74476158cc3443fc803a4e46270a0271,unknown,0,0,0
744a3331cbf84f53a9ee85a59630c604,deepseek-chat,5,15,20
744a3331cbf84f53a9ee85a59630c604,unknown,0,0,0
7461b4708a4b4db48df384fa09c6522e,ark/deepseek-v3,2667,873,3540
7461b4708a4b4db48df384fa09c6522e,unknown,0,0,0
7462aecf5e044be2a707f629b0b84597,deepseek-chat,9190,635,9825
7462aecf5e044be2a707f629b0b84597,gpt-4o-2024-05-13,2642,0,2642
7462aecf5e044be2a707f629b0b84597,unknown,0,0,0
746b26f78678469cbc58d7288cd7a6e9,unknown,0,0,0
7481414663074515a8b7142fb608618a,unknown,0,0,0
74dbf5c42d1d44b39df8cb79e1267194,deepseek-chat,2442,301,2743
74dbf5c42d1d44b39df8cb79e1267194,unknown,0,0,0
74edc50ae7f747119b95b8b5dd7568c9,deepseek-chat,93,596,689
74edc50ae7f747119b95b8b5dd7568c9,unknown,0,0,0
7541c7cdff51454a923040fde8165175,ark/deepseek-v3,1071,312,1383
7541c7cdff51454a923040fde8165175,unknown,0,0,0
75638bce05c74f67b2fc8ff597a8b8db,unknown,0,0,0
75a3bdf31e0c463989572c41e890da3f,deepseek-chat,2822,336,3158
75a3bdf31e0c463989572c41e890da3f,unknown,0,0,0
75d1436cd75642029616e33ee030bf77,unknown,0,0,0
75e92c3fc08945e790b40b2733eb3299,deepseek-chat,7,57,64
75f3e775631f49e488450f9dc45f82c8,ark/deepseek-v3,1455,198,1653
75f3e775631f49e488450f9dc45f82c8,unknown,0,0,0
76195bd4186c415abcf7f809dddcdf8c,ark/kimi-k2,726,277,1003
76195bd4186c415abcf7f809dddcdf8c,gpt-4.1,1064,100,1164
76195bd4186c415abcf7f809dddcdf8c,unknown,0,0,0
76339cc1a843483da95622f6bbfa4d1b,deepseek-chat,809,279,1088
76339cc1a843483da95622f6bbfa4d1b,unknown,0,0,0
76381a875b304997be00904a36ef59a2,unknown,0,0,0
7651283e28624d19bff0b94b1ba90b49,ark/deepseek-v3,20143,6135,26278
7651283e28624d19bff0b94b1ba90b49,unknown,0,0,0
7658f63757a94feebba6d6a54d5f98f7,unknown,0,0,0
765df42811344d54b1b83b2ad848a7f8,unknown,0,0,0
7679e7253c46490385d4e935df4f15da,ark/deepseek-v3,92,162,254
767b755e875842c49eb31bad7f545316,ark/deepseek-v3,2650,685,3335
767b755e875842c49eb31bad7f545316,unknown,0,0,0
76842ecef5234ccdb90d149b20d35b80,ark/deepseek-v3,2337,1121,3458
76842ecef5234ccdb90d149b20d35b80,unknown,0,0,0
768ef3c0a96c460b843394943f316d30,deepseek-chat,5,21,26
768ef3c0a96c460b843394943f316d30,unknown,0,0,0
76c810f71e214c29ac47fbe1ebde9678,ark/deepseek-v3,1306,302,1608
76c810f71e214c29ac47fbe1ebde9678,gpt-4.1,1623,312,1935
76c810f71e214c29ac47fbe1ebde9678,unknown,0,0,0
76ddb348a8834f3aaf0daa3ae39da2b2,unknown,0,0,0
76e018bc8cde4664a97518aeda38b18c,unknown,0,0,0
771863100b244ac3b5b73b1cf065a2c8,gpt-4,1522,0,1522
771863100b244ac3b5b73b1cf065a2c8,gpt-4.1,554,28,582
771863100b244ac3b5b73b1cf065a2c8,unknown,0,0,0
7719506ff8be437097e268443ef496bf,deepseek-chat,4,11,15
7719506ff8be437097e268443ef496bf,unknown,0,0,0
7751c72c058b4961a05ef70cc2953d5f,unknown,0,0,0
7793628e415842caa9f30e14f036cc4d,unknown,0,0,0
77999e6affe84268a04fdb1d7c27924c,ark/deepseek-v3,1455,211,1666
77999e6affe84268a04fdb1d7c27924c,unknown,0,0,0
77c0270bb08c4712bf1c7471a24982ae,ark/deepseek-v3,1485,835,2320
77c495150e3e4d4fb36e51cfbb171c28,unknown,0,0,0
77ec0056d693492e8566278ccc441d1e,deepseek-chat,15,1018,1033
77ec0056d693492e8566278ccc441d1e,unknown,0,0,0
783664f9261c478ea48f44ad971a1b85,gpt-4o,50,0,50
783664f9261c478ea48f44ad971a1b85,unknown,0,0,0
7856f56b6d494db1b52ffbf16916476f,ark/deepseek-v3,2941,674,3615
7856f56b6d494db1b52ffbf16916476f,unknown,0,0,0
789ca6fe01144b58a4462e12f98c552b,unknown,0,0,0
78d18ff1a994482eb6fe6f5122a83ac8,deepseek-chat,520,158,678
78d18ff1a994482eb6fe6f5122a83ac8,unknown,0,0,0
7917579964f543f79f7d40a035303990,ark/deepseek-v3,1485,800,2285
7933e3d025ed4617a4bea387836b96f0,ark/deepseek-v3,623,57,680
7933e3d025ed4617a4bea387836b96f0,unknown,0,0,0
7938eadd80164809bb19e99eecff2b79,deepseek-chat,116,152,268
7938eadd80164809bb19e99eecff2b79,unknown,0,0,0
79470bd77592468a8a8c2799c1e43858,deepseek-chat,809,296,1105
79470bd77592468a8a8c2799c1e43858,unknown,0,0,0
794d0159fa7845cb9183cd8a6094d853,deepseek-chat,0,0,0
794d0159fa7845cb9183cd8a6094d853,unknown,0,0,0
795113e8d3d8436a874723dc4349e52c,deepseek-chat,4,100,104
795113e8d3d8436a874723dc4349e52c,unknown,0,0,0
795d3cd8533b4c7cb244d59437f2f126,unknown,0,0,0
7981f46acf274075afc0f9f14299a62d,unknown,0,0,0
79b136f6652e4ed8844b959e0cdf46c8,unknown,0,0,0
79d02585e3a4465a85149ab0ee77c7a1,ark/deepseek-v3,1973,1019,2992
79de0148a5a74341986e7f246b7c9f91,ark/deepseek-v3,6131,1593,7724
79de0148a5a74341986e7f246b7c9f91,gpt-4.1,656,33,689
79de0148a5a74341986e7f246b7c9f91,unknown,0,0,0
79ea5ec3cd894873a35ea46c19b67196,unknown,0,0,0
7a1dc2f4e06d4154b06bcb8a799dc1fa,deepseek-chat,701,193,894
7a1dc2f4e06d4154b06bcb8a799dc1fa,unknown,0,0,0
7a433d19f5e441658c68de7735aa1a47,ark/kimi-k2,546,644,1190
7a539ea00d5d400e886fc04e2a978131,ark/deepseek-v3,2207,872,3079
7a539ea00d5d400e886fc04e2a978131,deepseek-chat,6217,404,6621
7a539ea00d5d400e886fc04e2a978131,unknown,0,0,0
7a60c2ac51ab4c17b154b6ea0c7d82d9,ark/deepseek-v3,1485,812,2297
7a67f48d7ae341a1918ea081f3cf6963,ark/deepseek-v3,92,123,215
7a7b07dc4dbe4f37b0187d52e93934e1,ark/deepseek-v3,612,233,845
7aa01d79e90e47f7918276127e267dab,unknown,0,0,0
7abcfe875f904f7195acc43808103fbb,deepseek-chat,0,0,0
7abcfe875f904f7195acc43808103fbb,unknown,0,0,0
7adca8bcacad4ed89c2d83708106ee9e,deepseek-chat,4,11,15
7adca8bcacad4ed89c2d83708106ee9e,unknown,0,0,0
7ae04137ef7b498b9d8a79ea7f7b7a90,deepseek-chat,2267,823,3090
7ae04137ef7b498b9d8a79ea7f7b7a90,unknown,0,0,0
7aebe98e9bb6463f9840a1bdfe59bccd,unknown,0,0,0
7afdf83993a147efbadff985c4e1be46,ark/deepseek-v3,6248,2059,8307
7afdf83993a147efbadff985c4e1be46,unknown,0,0,0
7b243a6cd18d48219f3519d54b4a96e1,deepseek-chat,7,4,11
7b243a6cd18d48219f3519d54b4a96e1,unknown,0,0,0
7b5ca5b520964fbcafcee219011cf9c0,ark/deepseek-v3,1485,751,2236
7b5cf17e6dac4e20af857d357cb5b67e,deepseek-chat,1306,291,1597
7b5cf17e6dac4e20af857d357cb5b67e,gpt-4.1,2191,505,2696
7b5cf17e6dac4e20af857d357cb5b67e,unknown,0,0,0
7b5faab54bce47c19243f8a1f77778bb,ark/kimi-k2,253,133,386
7b6b34b90e844931a594c26e75ce32cc,ark/deepseek-v3,1192,372,1564
7b95b649a4c14d17915715df48ea2289,deepseek-chat,4,18,22
7b95b649a4c14d17915715df48ea2289,unknown,0,0,0
7bdb263df99140969549fddc057711d8,ark/deepseek-v3,465,94,559
7be8af153c5d4fff825f70fcc5166b11,unknown,0,0,0
7c212f58ae934e678471164234d0c18e,deepseek-chat,4,113,117
7c212f58ae934e678471164234d0c18e,unknown,0,0,0
7c8a9245d7fd4201be47da7d68c0c6c2,deepseek-chat,1409,728,2137
7c8a9245d7fd4201be47da7d68c0c6c2,unknown,0,0,0
7c984923be85490db87921bd39d88f4b,unknown,0,0,0
7cc5f44f1ba24c05b36d20bca80e47e6,unknown,0,0,0
7cc637c4275247699b4f199eea376205,unknown,0,0,0
7d2163b29e974aebab23fd48aa0a44eb,deepseek-chat,742,282,1024
7d2163b29e974aebab23fd48aa0a44eb,unknown,0,0,0
7d2427df2b80401badc639b8230d8bb5,unknown,0,0,0
7d526096afbc4b7a9f6e9b8d847ae54c,unknown,0,0,0
7d6adce93d424934bad075e7314eac48,deepseek-chat,5,363,368
7d6adce93d424934bad075e7314eac48,unknown,0,0,0
7d9cab6a79b141b29f81bd61f6b06056,deepseek-chat,1565,521,2086
7d9cab6a79b141b29f81bd61f6b06056,dify,0,0,0
7d9cab6a79b141b29f81bd61f6b06056,unknown,0,0,0
7e62237de0114facb2ccdb8fe63f94be,deepseek-chat,4,11,15
7e62237de0114facb2ccdb8fe63f94be,unknown,0,0,0
7e6574c575df4ad0ad9c218a8581b80a,ark/deepseek-v3,1485,725,2210
7e6e404718d44f08aa69c079a7a7fbc3,ark/deepseek-v3,0,0,0
7e6e404718d44f08aa69c079a7a7fbc3,unknown,0,0,0
7ea909b084ed49c4b825e1c8341d3320,deepseek-chat,106,2351,2457
7ea909b084ed49c4b825e1c8341d3320,unknown,0,0,0
7ebacbf21e1a4c32a8e9d61d76b34244,unknown,0,0,0
7ec502f1257c4c91920cc3ac6de384a8,unknown,0,0,0
7f00913efbbe4f4e8d0f85958e73fbad,deepseek-chat,561,207,768
7f00913efbbe4f4e8d0f85958e73fbad,unknown,0,0,0
7f3e0a3b19104c6f82bd5903cc6fd5fb,deepseek-chat,4,11,15
7f3e0a3b19104c6f82bd5903cc6fd5fb,unknown,0,0,0
7f41085eb2314181918adb9a644baf85,unknown,0,0,0
7f468e33ea72468983e4827d2176afeb,ark/deepseek-v3,1911,65,1976
7f468e33ea72468983e4827d2176afeb,deepseek-chat,13796,2956,16752
7f468e33ea72468983e4827d2176afeb,unknown,0,0,0
7f4c89e0607741fbadc2cbaaddc9b8df,deepseek-chat,8,248,256
7f4c89e0607741fbadc2cbaaddc9b8df,unknown,0,0,0
7f58a3f2894741d6990225f67ad422af,deepseek-chat,4,15,19
7f58a3f2894741d6990225f67ad422af,unknown,0,0,0
7f749de125fe4afa92f7acc69c81de6d,unknown,0,0,0
7f9797549a4f480e8ee025982a7c245e,ark/deepseek-v3,1455,191,1646
7f9797549a4f480e8ee025982a7c245e,unknown,0,0,0
7fb798828f9a426482e08604f05e72df,ark/deepseek-v3,561,207,768
7fb798828f9a426482e08604f05e72df,unknown,0,0,0
7fc997bc70d84f1398cca4fbe2c9a704,unknown,0,0,0
7fd9afb99c6d40a7ae0d153907d29cd1,deepseek-chat,9,179,188
7fd9afb99c6d40a7ae0d153907d29cd1,unknown,0,0,0
801e4f59075a42259e35753367243fa0,unknown,0,0,0
8039ca828cac4ab19629b1a9153e4d1d,deepseek-chat,93,474,567
8039ca828cac4ab19629b1a9153e4d1d,unknown,0,0,0
806e15941db24d9c8ff2645fd7057515,ark/deepseek-v3,411,829,1240
80fb4aa176744b6abb21034744575f87,deepseek-chat,6,113,119
80fb4aa176744b6abb21034744575f87,unknown,0,0,0
810b5075fc064d8d9439ec855da5deb9,ark/deepseek-v3,5805,2772,8577
810b5075fc064d8d9439ec855da5deb9,unknown,0,0,0
8114a1d27690408e942b6367a4c51305,deepseek-chat,0,0,0
8114a1d27690408e942b6367a4c51305,unknown,0,0,0
8119555488ea48478bed4a796e107617,deepseek-chat,0,0,0
8119555488ea48478bed4a796e107617,unknown,0,0,0
81356013800948008c44d7a8bd00dca7,unknown,0,0,0
813bb67c0b9843818796cbd73c1cc471,unknown,0,0,0
81c0947cd3a244d69606e94c1e9d8771,unknown,0,0,0
81c658933e5041f6a3b47640a66703fd,ark/deepseek-v3,1455,213,1668
81c658933e5041f6a3b47640a66703fd,unknown,0,0,0
81ec3fb964bb43b88aeeec06343cfb2a,deepseek-chat,0,0,0
81ec3fb964bb43b88aeeec06343cfb2a,unknown,0,0,0
81f4ae5bd6554d399f343c40fb6b80c1,unknown,0,0,0
823558948bf64869aa21508124d702d3,ark/deepseek-v3,465,96,561
823558948bf64869aa21508124d702d3,unknown,0,0,0
8244473237284b9388caf2f8404335ba,ark/deepseek-v3,930,214,1144
8254c63b5aa7453396b5b60ee4253f6d,ark/deepseek-v3,92,109,201
826a9dc42bed47998fc8715f52d00a1c,deepseek-chat,1432,1137,2569
826a9dc42bed47998fc8715f52d00a1c,unknown,0,0,0
826f79e7b2ae45d694603e0e02975315,ark/deepseek-v3,1336,596,1932
826f79e7b2ae45d694603e0e02975315,deepseek-chat,17815,233,18048
826f79e7b2ae45d694603e0e02975315,unknown,0,0,0
82d07a4ffa26416c8ea14fd8d553b305,ark/deepseek-v3,6110,1738,7848
82d07a4ffa26416c8ea14fd8d553b305,gpt-4.1,638,64,702
82d07a4ffa26416c8ea14fd8d553b305,unknown,0,0,0
82e080671e4f4ae3a5e5c1ba895a5ae9,ark/deepseek-v3,758,90,848
82e080671e4f4ae3a5e5c1ba895a5ae9,unknown,0,0,0
82e98a26b50a4668b0cb5140d898a1ba,unknown,0,0,0
82ef6c0798a548bc88820ebc79571642,deepseek-chat,561,207,768
82ef6c0798a548bc88820ebc79571642,unknown,0,0,0
83011b53af57497f938e78c81035e5db,unknown,0,0,0
83150c6df67d47c5a28447390fbb5548,deepseek-chat,14,489,503
83150c6df67d47c5a28447390fbb5548,unknown,0,0,0
831c75c72ddb482ea3221bcb60b01423,deepseek-chat,5,158,163
831c75c72ddb482ea3221bcb60b01423,unknown,0,0,0
832b05230f7f4b12b2fe8c68bb73c665,deepseek-chat,3136,725,3861
832b05230f7f4b12b2fe8c68bb73c665,unknown,0,0,0
834fbbc07f954694867a029066baefeb,unknown,0,0,0
8394773185254b7389efed687a4450c0,unknown,0,0,0
83c05a9d35044cdbb8073241bf5169a4,deepseek-chat,4,207,211
83c05a9d35044cdbb8073241bf5169a4,unknown,0,0,0
83d6c4dce3464ec09fd346606c3460a1,ark/deepseek-v3,1455,176,1631
83d6c4dce3464ec09fd346606c3460a1,unknown,0,0,0
83f800dcb4e7418fb41c5acb4b8001bb,deepseek-chat,4,15,19
83f800dcb4e7418fb41c5acb4b8001bb,unknown,0,0,0
8449873f05254753bc4699673af560c3,ark/kimi-k2,447,148,595
84871c12a1184d0f865c1f8afd161652,ark/deepseek-v3,1892,59,1951
84871c12a1184d0f865c1f8afd161652,deepseek-chat,9946,1863,11809
84871c12a1184d0f865c1f8afd161652,unknown,0,0,0
84894cbc892e41018dd4abeb492ad07d,unknown,0,0,0
84b188bfc93341f0acc23c5b1278d37b,deepseek-chat,5,15,20
84b188bfc93341f0acc23c5b1278d37b,unknown,0,0,0
84c41de59ce64326a03bfbf8129b85e6,unknown,0,0,0
84f0c7954d8643b2820db3a5a1bf678a,ark/deepseek-v3,3447,1430,4877
84f0c7954d8643b2820db3a5a1bf678a,gpt-4.1,4127,899,5026
84f0c7954d8643b2820db3a5a1bf678a,unknown,0,0,0
853ac718dd3a4e77800d9e2b0a78abea,unknown,0,0,0
859959712bf24e3abb6c1c92df07ad5f,deepseek-chat,106,2198,2304
859959712bf24e3abb6c1c92df07ad5f,unknown,0,0,0
85aa762e4cce4581814ec0faa7526707,ark/kimi-k2,253,135,388
85b3e9ddeb1140c9beb85e9c29d3a31f,ark/deepseek-v3,2418,643,3061
85b3e9ddeb1140c9beb85e9c29d3a31f,gpt-4.1,940,27,967
85b3e9ddeb1140c9beb85e9c29d3a31f,unknown,0,0,0
85d5a9415b9241cca5eeef753ceff1a9,ark/deepseek-v3,2692,943,3635
85d5a9415b9241cca5eeef753ceff1a9,unknown,0,0,0
85e06078f6094a979a32ff5fb5019ebe,deepseek-chat,469,70,539
85e06078f6094a979a32ff5fb5019ebe,unknown,0,0,0
85e5b0104c624f778f5843e7c77bc56d,deepseek-chat,775,263,1038
85e5b0104c624f778f5843e7c77bc56d,unknown,0,0,0
861f29d6fa6e429b951403fa7d59078b,ark/deepseek-v3,618,38,656
861f29d6fa6e429b951403fa7d59078b,unknown,0,0,0
866fce30ace04db09bfecdbdd893674f,gpt-4o-2024-05-13,858,264,1122
866fce30ace04db09bfecdbdd893674f,unknown,0,0,0
86b303a95292495bb04247d654ea1c11,ark/deepseek-v3,465,97,562
86f112e0357540d091b86de81d90907c,ark/deepseek-v3,1360,459,1819
86f112e0357540d091b86de81d90907c,deepseek-chat,18232,552,18784
86f112e0357540d091b86de81d90907c,unknown,0,0,0
8704b094dda34e24b6c983c283f54ded,ark/deepseek-v3,5019,2485,7504
8704b094dda34e24b6c983c283f54ded,unknown,0,0,0
8711413841fb47dbb0eaa86fe99f5494,deepseek-chat,756,132,888
8711413841fb47dbb0eaa86fe99f5494,unknown,0,0,0
873e39f4d077411396d29c65bab30395,deepseek-chat,14,116,130
87421fad170e49ff8e1e73ccf1fea049,deepseek-chat,17,170,187
87421fad170e49ff8e1e73ccf1fea049,unknown,0,0,0
87532cc1dd844b69a39a958374f133b1,deepseek-chat,0,0,0
87532cc1dd844b69a39a958374f133b1,unknown,0,0,0
876fd735a1e64765b9d827567e94e96d,unknown,0,0,0
87a0e96eac8b4a3cbd70d73f5c3d2093,deepseek-chat,785,758,1543
87a0e96eac8b4a3cbd70d73f5c3d2093,unknown,0,0,0
87cc7e9aff924a98b39496b9c6d973de,ark/kimi-k2,59,116,175
87fc1502bfe3438b919efbfbe571f120,ark/deepseek-v3,2712,952,3664
87fc1502bfe3438b919efbfbe571f120,unknown,0,0,0
881f6f60bf38465d9b0432e0c6687415,ark/deepseek-v3,1485,786,2271
884578f2dbbb4f5b822269480664449c,deepseek-chat,641,752,1393
884578f2dbbb4f5b822269480664449c,unknown,0,0,0
88cde13e15c1499ba210368053ace25b,ark/deepseek-v3,2153,1056,3209
88cde13e15c1499ba210368053ace25b,unknown,0,0,0
88e6b0ec227b4433a141cdf14d5cdb53,deepseek-chat,4,229,233
88e6b0ec227b4433a141cdf14d5cdb53,unknown,0,0,0
8949168c873a421fab3d168622fdd1fe,ark/deepseek-v3,92,141,233
894d0a0049914870aee7e3849846fc63,unknown,0,0,0
895d09589d9c4e57bdc66cf7dacff7e7,unknown,0,0,0
8975c1e5c59d4bd3bf0b4c42c8956812,deepseek-chat,28,519,547
8975c1e5c59d4bd3bf0b4c42c8956812,unknown,0,0,0
899ec75bb19e4e05a391421f2e61a3e0,unknown,0,0,0
89a8c6b2a70544f79481f01bf0d298af,deepseek-chat,17,201,218
89a8c6b2a70544f79481f01bf0d298af,unknown,0,0,0
89a9ab73c88b42558199f63cdf078ee7,deepseek-chat,0,0,0
89a9ab73c88b42558199f63cdf078ee7,unknown,0,0,0
89c9a0aab5f64a6d829fda20c41d386d,unknown,0,0,0
89d6d534881f4547aeb2f4c45d8c5a24,ark/deepseek-v3,2223,246,2469
89d6d534881f4547aeb2f4c45d8c5a24,gpt-4o-2024-05-13,2543,94,2637
89d6d534881f4547aeb2f4c45d8c5a24,unknown,0,0,0
89ecb3ba22e14ba08e141a29bdf05982,ark/kimi-k2,31,25,56
89ecb3ba22e14ba08e141a29bdf05982,unknown,0,0,0
89f2d23050b94e4bb15bbc1fee6a9d8f,deepseek-chat,499,34,533
89f2d23050b94e4bb15bbc1fee6a9d8f,unknown,0,0,0
8a0b49eca3394ed0bdb212ccc90c440f,deepseek-chat,864,792,1656
8a0b49eca3394ed0bdb212ccc90c440f,unknown,0,0,0
8a8314f9ecac4a33bfdb43566f720bc5,deepseek-chat,9401,1898,11299
8a8314f9ecac4a33bfdb43566f720bc5,gpt-4.1,4382,1029,5411
8a8314f9ecac4a33bfdb43566f720bc5,unknown,0,0,0
8a87055be2a44200b99a24de5256fbdb,ark/deepseek-v3,1323,459,1782
8a87055be2a44200b99a24de5256fbdb,deepseek-chat,18309,622,18931
8a87055be2a44200b99a24de5256fbdb,unknown,0,0,0
8a9ed3e2ffbe4229867627e3ab672891,ark/deepseek-v3,600,256,856
8a9ed3e2ffbe4229867627e3ab672891,unknown,0,0,0
8a9ef8c039db4565ae2e4c447a92cb6c,ark/kimi-k2,359,254,613
8aa2a4d747834f5f86fcdade02a871bf,unknown,0,0,0
8ac94b258f4f4b7389780a8eb316ed80,deepseek-chat,485,62,547
8ac94b258f4f4b7389780a8eb316ed80,unknown,0,0,0
8b1c1b4d3a8b4502a705febaa634da1b,deepseek-chat,934,230,1164
8b1c1b4d3a8b4502a705febaa634da1b,gpt-4.1,672,238,910
8b1c1b4d3a8b4502a705febaa634da1b,unknown,0,0,0
8b4d986382494e6f936f70960427a3fa,unknown,0,0,0
8b4dbe2b259a4308b698c81c6bf74d70,deepseek-chat,8,770,778
8b4dbe2b259a4308b698c81c6bf74d70,unknown,0,0,0
8b5df299ed1f48a79ecc071bd9313ae6,deepseek-chat,4,366,370
8b5df299ed1f48a79ecc071bd9313ae6,unknown,0,0,0
8b642e4c91cd4de9af7d324e17651c12,unknown,0,0,0
8b8b4f6286ae4050a9fef0aec8e734c5,deepseek-chat,4,46,50
8b8b4f6286ae4050a9fef0aec8e734c5,unknown,0,0,0
8b8c9390fd654f2582760388dea62093,deepseek-chat,810,335,1145
8b8c9390fd654f2582760388dea62093,unknown,0,0,0
8bee55f5de994924a7f0f40afd753c5b,deepseek-chat,7,4,11
8bee55f5de994924a7f0f40afd753c5b,unknown,0,0,0
8c0c37db12dc40198536fc602ffe239b,ark/deepseek-v3,629,329,958
8c0f65fe4d19452f8cc8f6dd82092356,unknown,0,0,0
8c17323fd9424968b94f837fb493a7ae,unknown,0,0,0
8c43f87bc5854a55ace007c06ea2670e,ark/deepseek-v3,1224,491,1715
8c651c5de1694d77a65d5e7b399449de,unknown,0,0,0
8c78479f5b2846e2926032a645a3ab08,deepseek-chat,10,12,22
8c78479f5b2846e2926032a645a3ab08,unknown,0,0,0
8cca57799ab84ab5bee402b25591bce1,deepseek-chat,980,3794,4774
8cca57799ab84ab5bee402b25591bce1,unknown,0,0,0
8cf25d62c0764c2bad2e667b9ae71a13,ark/deepseek-v3,1455,196,1651
8cf25d62c0764c2bad2e667b9ae71a13,unknown,0,0,0
8cf5633d443642b5af53275f4b9da7d4,unknown,0,0,0
8d33650e2bdc4d798519ecf4a8fa50d7,deepseek-chat,1306,296,1602
8d33650e2bdc4d798519ecf4a8fa50d7,gpt-4.1,1612,244,1856
8d33650e2bdc4d798519ecf4a8fa50d7,unknown,0,0,0
8d700d3ac6d542dbae6b35868cd9f12c,ark/kimi-k2,2302,635,2937
8db1d00f59c941dd8921e1309cfbaffa,unknown,0,0,0
8e03d097839c47ebaf750f24935e9434,unknown,0,0,0
8e5564ef2fdd494ebce2d364a5c9de5c,unknown,0,0,0
8e6088f7706f497396d0506707033733,deepseek-chat,2361,580,2941
8e6088f7706f497396d0506707033733,unknown,0,0,0
8e61cb29f7c9482c8f4865808348924e,unknown,0,0,0
8e6e245e1d3b4d58b967379c63b00c55,deepseek-chat,7,4,11
8e6e245e1d3b4d58b967379c63b00c55,unknown,0,0,0
8e77e05680204f6a83fba9eec04e3e4c,deepseek-chat,4,11,15
8e77e05680204f6a83fba9eec04e3e4c,unknown,0,0,0
8e9c826d2c7b4262ad72ab235d3a1eaf,deepseek-chat,866,732,1598
8e9c826d2c7b4262ad72ab235d3a1eaf,unknown,0,0,0
8ee90da631e94ea8bbdef1130806a747,deepseek-chat,832,1076,1908
8ee90da631e94ea8bbdef1130806a747,unknown,0,0,0
8efa15e7535c4e83a7b0a45c0da9146c,deepseek-chat,1037,59,1096
8efa15e7535c4e83a7b0a45c0da9146c,unknown,0,0,0
8f0e1e15ac2d4dfebae9464b7e2c7759,deepseek-chat,803,995,1798
8f0e1e15ac2d4dfebae9464b7e2c7759,unknown,0,0,0
8f1d780861e543659978864c9370c282,unknown,0,0,0
8f26c1e688224e18a5f541dacfddd1b9,ark/deepseek-v3,2652,1396,4048
8f26c1e688224e18a5f541dacfddd1b9,deepseek-chat,6513,340,6853
8f26c1e688224e18a5f541dacfddd1b9,unknown,0,0,0
8f3311a2669749228bb347052cf2bb8e,unknown,0,0,0
8f52055cc69843618f72ab93f5bc6de0,ark/deepseek-v3,314,381,695
8f566a290f3b4bf19c4b963852a4ccca,unknown,0,0,0
8f66982db9024ea89a9c9e5d07a49fe7,deepseek-chat,8,75,83
8f66982db9024ea89a9c9e5d07a49fe7,unknown,0,0,0
8f67a02182f542e5ae06cd9d0e2c3116,deepseek-chat,8,21,29
8f67a02182f542e5ae06cd9d0e2c3116,unknown,0,0,0
8f7b2e37b7f44ebcb256a8d0ad78d390,deepseek-chat,75,393,468
8f7b2e37b7f44ebcb256a8d0ad78d390,unknown,0,0,0
8f8c1b4efa6b44b785a42e90ba4f1ce0,ark/deepseek-v3,1296,294,1590
8f8c1b4efa6b44b785a42e90ba4f1ce0,gpt-4.1,2552,304,2856
8f8c1b4efa6b44b785a42e90ba4f1ce0,unknown,0,0,0
8f8dfe24a2794365a3effedd886d82a0,ark/deepseek-v3,465,134,599
8fa496a2a9b24a5e93f9465744bd1759,ark/kimi-k2,59,103,162
8fb7c1cebab64e97bcd5748f7cb3f575,unknown,0,0,0
8fbdce2eaf694e22944e8f8fddcdee6c,ark/deepseek-v3,22814,5974,28788
8fbdce2eaf694e22944e8f8fddcdee6c,deepseek-chat,11022,126,11148
8fbdce2eaf694e22944e8f8fddcdee6c,unknown,0,0,0
8fc4b52ad23a4ebfaf49d4a967eaac75,deepseek-chat,866,654,1520
8fc4b52ad23a4ebfaf49d4a967eaac75,unknown,0,0,0
8fcb8635c18a49e68f4ac2d75b43449f,ark/deepseek-v3,2347,1213,3560
8fcb8635c18a49e68f4ac2d75b43449f,unknown,0,0,0
8fe4be315f1646f7b8c621e62761eaa5,deepseek-chat,35,571,606
8fe4be315f1646f7b8c621e62761eaa5,unknown,0,0,0
8fe68a2c732e40cba33e775671939e09,ark/deepseek-v3,60664,14417,75081
8fe68a2c732e40cba33e775671939e09,unknown,0,0,0
8ff4d60fe0164242a9c2be9928c00dce,deepseek-chat,785,871,1656
8ff4d60fe0164242a9c2be9928c00dce,unknown,0,0,0
8ff8ff3452204a759cf897d6a1f9c4f7,unknown,0,0,0
9004fe6db4374bd8a637631e5db74353,unknown,0,0,0
903c02ff5cf54f4ba994bc15de7a2a0a,ark/deepseek-v3,465,99,564
905858a6c75e457fb5d79b6967617c4b,deepseek-chat,93,560,653
905858a6c75e457fb5d79b6967617c4b,unknown,0,0,0
906fa2e1a7914134872ae07155107cb4,ark/deepseek-v3,465,99,564
9079e7cd15da4f3c8dafef3b51d03a87,unknown,0,0,0
90e9511a24a344e5bc83aae8523b405d,deepseek-chat,626,58,684
90e9511a24a344e5bc83aae8523b405d,unknown,0,0,0
9139ddeaa281454abc00aca98dec88cb,gpt-4.1,554,28,582
9139ddeaa281454abc00aca98dec88cb,gpt-4o,8,0,8
9139ddeaa281454abc00aca98dec88cb,unknown,0,0,0
9156e7bf71274b1dbaaf4e355233ad47,unknown,0,0,0
9181cf0388124594a137c861a370c679,unknown,0,0,0
918a8e865d1f45d68731199484ee214b,unknown,0,0,0
91a43bad5e77467c9d43bc1b117d4555,ark/deepseek-v3,1077,913,1990
91ac6ef10a4f4de7841e8745731bc6b8,ark/deepseek-v3,465,93,558
91c5ec76ba28427cbbfc9118655975b2,deepseek-chat,474,44,518
91c5ec76ba28427cbbfc9118655975b2,unknown,0,0,0
91d647f6648e411380700918540d3ad6,unknown,0,0,0
91f699ce371d48e084f4e5bb3d2693e1,ark/deepseek-v3,1354,580,1934
91f699ce371d48e084f4e5bb3d2693e1,unknown,0,0,0
91f936b826214304b08d3640ddb68fc2,unknown,0,0,0
922734e49b7c4f26b414c642faa42cfe,deepseek-chat,30,687,717
922734e49b7c4f26b414c642faa42cfe,unknown,0,0,0
924048d58a6448969e7d2a29babb1ef8,unknown,0,0,0
9262d3a477254d7aa4515f977110efac,deepseek-chat,4,29,33
9262d3a477254d7aa4515f977110efac,unknown,0,0,0
9282c916c2b94ec1a0656b003b944c99,ark/deepseek-v3,1485,762,2247
92980675ec294363b249fed47fa1391c,ark/deepseek-v3,1485,741,2226
92b533b7620943b9b6d0a2ab1c84c67a,deepseek-chat,2125,806,2931
92b533b7620943b9b6d0a2ab1c84c67a,gpt-4.1,3925,463,4388
92b533b7620943b9b6d0a2ab1c84c67a,unknown,0,0,0
92edfdb71a73469aa01cadb927fb0b7d,deepseek-chat,3762,794,4556
92edfdb71a73469aa01cadb927fb0b7d,gpt-4.1,3915,471,4386
92edfdb71a73469aa01cadb927fb0b7d,unknown,0,0,0
930e64732e3d4ecfbc1e6dfbf6861783,ark/deepseek-v3,465,98,563
931ab82316a648609288e59e1f344962,unknown,0,0,0
9355f896d4cc4ea0ae2d88282d026b58,unknown,0,0,0
936d79ec3bf645158bdd42de6a69de05,deepseek-chat,14,892,906
936d79ec3bf645158bdd42de6a69de05,unknown,0,0,0
9397094c4775496ab535b1abf648f1c8,deepseek-chat,0,0,0
9397094c4775496ab535b1abf648f1c8,unknown,0,0,0
93a85c9b04b1432199937952e6fa5f61,ark/deepseek-v3,581,143,724
93a85c9b04b1432199937952e6fa5f61,unknown,0,0,0
93afbc9893aa43309db2b1fe83922cbc,deepseek-chat,8,73,81
93afbc9893aa43309db2b1fe83922cbc,unknown,0,0,0
93b007cc4fa5474a8e331926b90dd943,deepseek-chat,13,579,592
93b007cc4fa5474a8e331926b90dd943,unknown,0,0,0
93b8b426b6be46c1bfa23866d38d296f,deepseek-chat,611,1199,1810
93e5428450504081a3b33a60c253ae10,unknown,0,0,0
93ed49cdb82a47468cb67f9dd6f2a078,deepseek-chat,2216,1248,3464
93ed49cdb82a47468cb67f9dd6f2a078,unknown,0,0,0
93f17b08e566440894e3b2d0ccb9e5de,ark/kimi-k2,6637,909,7546
93f17b08e566440894e3b2d0ccb9e5de,unknown,0,0,0
9420b3feb59246ddba98ca3f9956d781,deepseek-chat,4,29,33
9420b3feb59246ddba98ca3f9956d781,unknown,0,0,0
94306c89cd7242e89e811527e2257348,unknown,0,0,0
9436c48d992b42dab789db61b7582d15,deepseek-chat,934,245,1179
9436c48d992b42dab789db61b7582d15,gpt-4.1,672,282,954
9436c48d992b42dab789db61b7582d15,unknown,0,0,0
9495391cdebc4b8b941490531c84e543,ark/deepseek-v3,5975,723,6698
9495391cdebc4b8b941490531c84e543,unknown,0,0,0
9573139d43e34c1eab3f6749324d4887,unknown,0,0,0
95b4c4407f624c64afe95adb8f3757bb,deepseek-chat,687,879,1566
95b4c4407f624c64afe95adb8f3757bb,unknown,0,0,0
95c9c771e8ac4daab1d8b71b7383fe45,unknown,0,0,0
95f1065bcb614fcdba63aa2680df04c3,ark/deepseek-v3,465,95,560
95f1100c1136495aa8dd0df9a158972c,ark/deepseek-v3,688,349,1037
95f45c95fc1d496eb444a43264cdedec,unknown,0,0,0
965b2aee5ccb45728676f32032c03f06,ark/deepseek-v3,849,452,1301
965b2aee5ccb45728676f32032c03f06,deepseek-chat,11786,234,12020
965b2aee5ccb45728676f32032c03f06,unknown,0,0,0
965b533b074544389c70114da73484c1,ark/deepseek-v3,635,199,834
965b533b074544389c70114da73484c1,unknown,0,0,0
966fd44f046b4fa5b78b8e0ff2699178,ark/deepseek-v3,923,108,1031
966fd44f046b4fa5b78b8e0ff2699178,unknown,0,0,0
96703625e6cb4ddea2b1d9fe129837d3,ark/deepseek-v3,1485,783,2268
967f8a68b1cf4c2f81eeee9fa97a309f,deepseek-chat,2218,165,2383
967f8a68b1cf4c2f81eeee9fa97a309f,unknown,0,0,0
969640e6d6474b8d92f331a14ba6fa7f,deepseek-chat,1136,152,1288
969640e6d6474b8d92f331a14ba6fa7f,unknown,0,0,0
969fb17031a246db922d515f30bb428b,ark/kimi-k2,676,475,1151
96b8e0e379a24fd79065c6bf81cf515b,deepseek-chat,0,0,0
96b8e0e379a24fd79065c6bf81cf515b,unknown,0,0,0
96e609a2feab4cb3b6355182f6cd902c,ark/deepseek-v3,1455,251,1706
96e609a2feab4cb3b6355182f6cd902c,unknown,0,0,0
96fb4594551b4effbff36560f9f59a81,ark/deepseek-v3,1455,170,1625
96fb4594551b4effbff36560f9f59a81,unknown,0,0,0
97001dcd2005430694e66e3b56386942,ark/deepseek-v3,465,82,547
9710e33ca38d4637a56c35d346b732f1,unknown,0,0,0
971f34e569e7466d8b880a051e46bff3,ark/deepseek-v3,1909,63,1972
971f34e569e7466d8b880a051e46bff3,deepseek-chat,6634,1494,8128
971f34e569e7466d8b880a051e46bff3,unknown,0,0,0
9725605570a642f4bc56f79476ec5d7e,deepseek-chat,8,732,740
9725605570a642f4bc56f79476ec5d7e,unknown,0,0,0
972b8d7f36004b4983c21e99568e5429,deepseek-chat,7,310,317
972b8d7f36004b4983c21e99568e5429,unknown,0,0,0
9732f5edba1149a0985cf6d8ff365d21,unknown,0,0,0
974868545b5a42d298a67e315778ba6f,gpt-4,761,0,761
974868545b5a42d298a67e315778ba6f,unknown,0,0,0
97633108cec948fd8a08ea78d32ed3b7,unknown,0,0,0
979e2b8d747f4cb8b9fdc9456da297a7,deepseek-chat,642,598,1240
979e2b8d747f4cb8b9fdc9456da297a7,unknown,0,0,0
97abbe62004b4ab9bd42268ece7e91e8,deepseek-chat,9,395,404
97abbe62004b4ab9bd42268ece7e91e8,unknown,0,0,0
9853ea9510e14f4d962b7d5a28ecaf9b,deepseek-chat,1726,978,2704
9853ea9510e14f4d962b7d5a28ecaf9b,unknown,0,0,0
986052205d16431d8e76bb83de67a875,deepseek-chat,5,15,20
986052205d16431d8e76bb83de67a875,unknown,0,0,0
9866dd6d8f1a4882b8096c7cc86936bc,unknown,0,0,0
98a4657b3aa84a50b28ff8fe13023989,deepseek-chat,688,762,1450
98a4657b3aa84a50b28ff8fe13023989,unknown,0,0,0
98b48172523f4401880af88201f538b7,ark/deepseek-v3,465,90,555
98b4984ec9a5426d903db65e58a96900,deepseek-chat,114,478,592
98b4984ec9a5426d903db65e58a96900,unknown,0,0,0
98c3fc07cf794837a2c1c35a3a280a74,unknown,0,0,0
98d81374ee6c4f6081ee4fd2136da405,unknown,0,0,0
98e426ffca0e44b692b91c7e4d4fd36a,unknown,0,0,0
98f692c2bddb402aa2a4810b3c3316a4,ark/deepseek-v3,1455,186,1641
98f692c2bddb402aa2a4810b3c3316a4,unknown,0,0,0
990a5275f2d24c5fb0edc8841f9da64b,deepseek-chat,3705,1025,4730
990a5275f2d24c5fb0edc8841f9da64b,unknown,0,0,0
9924d8fc43224add82b455aa64aeccb3,unknown,0,0,0
9936cfe2803b45deabe15d9fea841690,deepseek-chat,17,201,218
9936cfe2803b45deabe15d9fea841690,unknown,0,0,0
9938ba4d3b594d2ebc234903eef6b216,unknown,0,0,0
994cf2c3d9f143c385dd337eec4b4294,ark/deepseek-v3,1485,700,2185
9971e01a2d7144518fa51a9c00ea70b3,deepseek-chat,17,190,207
9971e01a2d7144518fa51a9c00ea70b3,unknown,0,0,0
99a50d1666af40fd9e628abaca92e60a,unknown,0,0,0
99acdcf1c60241dd8e3f734a5856a1a6,unknown,0,0,0
99bc1ce2372b4bec8edc48f3ec054267,deepseek-chat,3455,1022,4477
99bc1ce2372b4bec8edc48f3ec054267,gpt-4.1,4126,820,4946
99bc1ce2372b4bec8edc48f3ec054267,unknown,0,0,0
99f67e8fea9e472c893466fe1367f471,deepseek-chat,48,404,452
99f67e8fea9e472c893466fe1367f471,unknown,0,0,0
9a7830790241431ba1a8a78301a57ae9,ark/deepseek-v3,1354,620,1974
9a7830790241431ba1a8a78301a57ae9,deepseek-chat,6023,144,6167
9a7830790241431ba1a8a78301a57ae9,unknown,0,0,0
9a7fa3ff36b3415281911ab59020eb54,ark/deepseek-v3,923,239,1162
9a7fa3ff36b3415281911ab59020eb54,gpt-4.1,1613,285,1898
9a7fa3ff36b3415281911ab59020eb54,unknown,0,0,0
9a91062015e7474aaf305ea23910b589,deepseek-chat,5,15,20
9a91062015e7474aaf305ea23910b589,unknown,0,0,0
9ab5e2ccd2164f75a65b94546f2a7409,deepseek-chat,583,580,1163
9ab5e2ccd2164f75a65b94546f2a7409,unknown,0,0,0
9ae7ad778e0241bc87501340f1fb2b6f,unknown,0,0,0
9affae4549b64c27b2ae23d3650d3aff,unknown,0,0,0
9b238ec6b3bf4e3c931b51e066f845e2,ark/deepseek-v3,629,350,979
9b3f18c35ccd489cb6a0b328be4ea905,deepseek-chat,15,931,946
9b3f18c35ccd489cb6a0b328be4ea905,unknown,0,0,0
9b95375a374442849bb93de4040a8f87,ark/deepseek-v3,3606,812,4418
9b95375a374442849bb93de4040a8f87,unknown,0,0,0
9bbab828c9a74863ac168d43f3fcf5d6,ark/deepseek-v3,1909,63,1972
9bbab828c9a74863ac168d43f3fcf5d6,deepseek-chat,4518,982,5500
9bbab828c9a74863ac168d43f3fcf5d6,unknown,0,0,0
9c3a1e2808ac43d9b10b368747e36125,deepseek-chat,4,15,19
9c3a1e2808ac43d9b10b368747e36125,gpt-4.1,554,28,582
9c3a1e2808ac43d9b10b368747e36125,unknown,0,0,0
9c51a57a63b3401a936910be4ca7c241,deepseek-chat,15,1094,1109
9c51a57a63b3401a936910be4ca7c241,unknown,0,0,0
9c7a50d90384476d8259f6606f2816ce,deepseek-chat,2442,297,2739
9c7a50d90384476d8259f6606f2816ce,unknown,0,0,0
9c8bdeefabb7440ca236ebd22abe6f6d,deepseek-chat,5,15,20
9c8bdeefabb7440ca236ebd22abe6f6d,unknown,0,0,0
9c918c4446174b0ca988979244967f29,unknown,0,0,0
9c99347616ca46a9bfed5d426216c43a,deepseek-chat,2692,767,3459
9c99347616ca46a9bfed5d426216c43a,unknown,0,0,0
9cbd98bc47424ec7b032491efe902b65,unknown,0,0,0
9cc6795e7ed84b328912d8671d38bb34,ark/deepseek-v3,465,108,573
9ce01c5986384cfa9074167b6a35e094,unknown,0,0,0
9cfa8b544f09458eb1fdc0018a734ccd,ark/deepseek-v3,465,95,560
9cfff05766e94aac8d9f64473bb613e6,deepseek-chat,1251,76,1327
9cfff05766e94aac8d9f64473bb613e6,unknown,0,0,0
9d12b102e2924838a3139ff0799fe9ed,ark/deepseek-v3,1770,459,2229
9d3898639232498997e1cdf7bf90dffd,unknown,0,0,0
9d3cc8f0454a4b09a6bd534e5b100b57,deepseek-chat,12,626,638
9d3cc8f0454a4b09a6bd534e5b100b57,unknown,0,0,0
9d775f2c18b24f0b9e384951582e8471,ark/deepseek-v3,5051,1732,6783
9d775f2c18b24f0b9e384951582e8471,gpt-4.1,2307,107,2414
9d775f2c18b24f0b9e384951582e8471,unknown,0,0,0
9dab99642d4c4baca07cdb3c4c874c44,ark/kimi-k2,31,221,252
9dab99642d4c4baca07cdb3c4c874c44,unknown,0,0,0
9ddbf5fbf6b4497e9f1173ec0e457e73,deepseek-chat,5,15,20
9ddbf5fbf6b4497e9f1173ec0e457e73,unknown,0,0,0
9e0461dd420c4db89febd793381ab78b,ark/deepseek-v3,1755,836,2591
9e0461dd420c4db89febd793381ab78b,gpt-4.1,2996,567,3563
9e0461dd420c4db89febd793381ab78b,unknown,0,0,0
9e47509a0a3b4d899f4bd230dcdb3068,deepseek-chat,741,235,976
9e47509a0a3b4d899f4bd230dcdb3068,unknown,0,0,0
9e5533acf1e24cc1a2827a11bbfbec5e,ark/deepseek-v3,2697,1225,3922
9e5533acf1e24cc1a2827a11bbfbec5e,unknown,0,0,0
9e67bc723bf04a6db62442ebecadee19,deepseek-chat,640,635,1275
9e67bc723bf04a6db62442ebecadee19,unknown,0,0,0
9e8b18f4598647ab9d42382622e4d661,ark/deepseek-v3,465,96,561
9e8b18f4598647ab9d42382622e4d661,unknown,0,0,0
9f042fab3056414a9a457220abac7410,unknown,0,0,0
9f45f21cd597432a985c8811e580a541,deepseek-chat,93,261,354
9f45f21cd597432a985c8811e580a541,unknown,0,0,0
9f7f924816744548bc6c8c413e1e49f7,unknown,0,0,0
9fa29c01b50248f0936a375f115c9524,deepseek-chat,3002,491,3493
9fa29c01b50248f0936a375f115c9524,unknown,0,0,0
9fa71ed1acaa44edaf6deb27eaaf92fe,ark/deepseek-v3,1356,642,1998
9fa71ed1acaa44edaf6deb27eaaf92fe,unknown,0,0,0
9ff8ace9e87b42dba2d25c6cc7e19108,deepseek-chat,6863,532,7395
9ff8ace9e87b42dba2d25c6cc7e19108,unknown,0,0,0
a001b966004d4ec9b4ff4db06f4817e0,deepseek-chat,2625,1141,3766
a001b966004d4ec9b4ff4db06f4817e0,unknown,0,0,0
a00b2b7995e0466cb0904843c23eec1f,ark/deepseek-v3,2592,868,3460
a00b2b7995e0466cb0904843c23eec1f,unknown,0,0,0
a0101a540f4b4a6394e8432355b94875,deepseek-chat,14,917,931
a0101a540f4b4a6394e8432355b94875,unknown,0,0,0
a018c14272334a2d8f27b0ecd75a7349,ark/deepseek-v3,0,0,0
a018c14272334a2d8f27b0ecd75a7349,unknown,0,0,0
a01de94d3e3f439b9dc03921121f1c89,unknown,0,0,0
a050a30dc5e54266a81672bb52d31b12,deepseek-chat,8790,1732,10522
a050a30dc5e54266a81672bb52d31b12,unknown,0,0,0
a07f3d0c2c964839baeec69df3a92d80,unknown,0,0,0
a084773d2e3e497d84b1bae3e92acd56,unknown,0,0,0
a09c6296dce144ea888bc9f1fba00901,unknown,0,0,0
a0a44dd9174e43c3b3df018d4b9b1a10,ark/deepseek-v3,465,99,564
a0b35f7b38c342f3948e4c94862e19c0,unknown,0,0,0
a0bfd969ba774694a57779b9f49069ce,ark/deepseek-v3,561,208,769
a0bfd969ba774694a57779b9f49069ce,deepseek-chat,89376,982,90358
a0bfd969ba774694a57779b9f49069ce,unknown,0,0,0
a11d9bc9da314c7b891d8c8d650df416,ark/deepseek-v3,1455,192,1647
a11d9bc9da314c7b891d8c8d650df416,unknown,0,0,0
a1236a61b4fa496485ef09ef3ede5fc4,deepseek-chat,24,178,202
a1236a61b4fa496485ef09ef3ede5fc4,unknown,0,0,0
a1247db1e6cb4f748265fb2043a92048,unknown,0,0,0
a1390a4967d6454796dab54315baf0fc,ark/kimi-k2,289,282,571
a16b8c9a697d4e27b19c2fae2dd6e53d,unknown,0,0,0
a1b6531815b54bbda66227f47044f1cb,ark/kimi-k2,31,175,206
a1b6531815b54bbda66227f47044f1cb,unknown,0,0,0
a1f11cc5707048e9af659afda9d80f76,unknown,0,0,0
a22abd0464b444be874e69083cec7365,unknown,0,0,0
a25801c1202f4738be370cad7a866283,deepseek-chat,6,264,270
a25801c1202f4738be370cad7a866283,unknown,0,0,0
a263a41f9d7b47d2b1f4cd2c625199a4,unknown,0,0,0
a264fcfab61a4f70b35b3d166c3e056f,ark/deepseek-v3,1455,198,1653
a264fcfab61a4f70b35b3d166c3e056f,unknown,0,0,0
a2870cf03de34bfa88fc29dddb9a7a42,ark/deepseek-v3,684,286,970
a2983c4d5a4040499566aa0c6d5182d5,unknown,0,0,0
a29de367053e4cf998fe9d7dfbb4aef4,unknown,0,0,0
a2ca8f64ed8e427c960996a541b7db53,unknown,0,0,0
a2d028e20e4242b5a6ca6e9f9b3e2c68,ark/deepseek-v3,4352,722,5074
a2d028e20e4242b5a6ca6e9f9b3e2c68,unknown,0,0,0
a2d91c58a767483dbbe35dcf8b4faa55,unknown,0,0,0
a2fb29977dfc431bba5dae2302e04343,ark/deepseek-v3,1251,96,1347
a2fb29977dfc431bba5dae2302e04343,unknown,0,0,0
a301ec6c1ebd45b19a7796e49e90195d,unknown,0,0,0
a35453fe109c46fca0597f5345a50553,deepseek-chat,48,374,422
a35453fe109c46fca0597f5345a50553,unknown,0,0,0
a387bd9ff2f548a1a0931bc2d4f446d9,ark/deepseek-v3,465,96,561
a3b107f73d15426d9b3b69e4b50972ae,unknown,0,0,0
a3b8b793290547dbb12164f868b0cd04,unknown,0,0,0
a3c27f5fc4074fbf91476f60ddc3cc9e,unknown,0,0,0
a3c702f20b304d02af47b1c31e663cd6,ark/deepseek-v3,1041,263,1304
a3c702f20b304d02af47b1c31e663cd6,deepseek-chat,10651,120,10771
a3c702f20b304d02af47b1c31e663cd6,unknown,0,0,0
a3d2f5aff3224e8487d1827a637bde5c,deepseek-chat,866,864,1730
a3d2f5aff3224e8487d1827a637bde5c,unknown,0,0,0
a3d4e9e559b948ccba0778ed3d178e04,ark/deepseek-v3,561,208,769
a3d4e9e559b948ccba0778ed3d178e04,deepseek-chat,22977,482,23459
a3d4e9e559b948ccba0778ed3d178e04,unknown,0,0,0
a40d23e628c64a67ae894556850fba10,unknown,0,0,0
a4b0f5845e8544d5af5f08662895c75d,unknown,0,0,0
a4d67c2dd1f346e09b514d9cf281c031,deepseek-chat,809,306,1115
a4d67c2dd1f346e09b514d9cf281c031,unknown,0,0,0
a4f523993bca4b8097da8d3465ae6455,deepseek-chat,7152,1415,8567
a4f523993bca4b8097da8d3465ae6455,unknown,0,0,0
a4ff13834cac4997a5adb2fe5b453368,ark/deepseek-v3,1485,874,2359
a53a399e5d5a4f5685ddddbd97c2b3d2,ark/deepseek-v3,925,239,1164
a53a399e5d5a4f5685ddddbd97c2b3d2,gpt-4.1,1618,279,1897
a53a399e5d5a4f5685ddddbd97c2b3d2,unknown,0,0,0
a53be12f9c7448fbb63a1d55c171e50f,ark/deepseek-v3,1306,310,1616
a53be12f9c7448fbb63a1d55c171e50f,gpt-4.1,1623,300,1923
a53be12f9c7448fbb63a1d55c171e50f,unknown,0,0,0
a53c860418d544128f829a49dda31761,deepseek-chat,2244,326,2570
a53c860418d544128f829a49dda31761,unknown,0,0,0
a560051c81744c62a7cd9c3c6c2a6c3b,deepseek-chat,719,763,1482
a560051c81744c62a7cd9c3c6c2a6c3b,unknown,0,0,0
a5659d4b8617424b83036fda5923f19a,ark/deepseek-v3,629,346,975
a5881ca6b5aa40bd92a6313085e9d898,deepseek-chat,0,0,0
a5881ca6b5aa40bd92a6313085e9d898,unknown,0,0,0
a5a009f979a44d5da2ecda74bc9d53f4,deepseek-chat,864,723,1587
a5a009f979a44d5da2ecda74bc9d53f4,unknown,0,0,0
a5c953372ed14c7abd6b8f2eecaeb65f,deepseek-chat,6793,305,7098
a5c953372ed14c7abd6b8f2eecaeb65f,unknown,0,0,0
a6096be951bb4113b2244037812930fb,unknown,0,0,0
a61fb06b23234c5b87f619bb514c4bd4,deepseek-chat,11,850,861
a61fb06b23234c5b87f619bb514c4bd4,unknown,0,0,0
a65c708c903a49d0b198f712162b0f71,deepseek-chat,687,701,1388
a65c708c903a49d0b198f712162b0f71,unknown,0,0,0
a67411008ffb44a3b5c13f91af18332e,deepseek-chat,804,635,1439
a67411008ffb44a3b5c13f91af18332e,unknown,0,0,0
a67a5df8c5b94219b2c24ec23f08837f,unknown,0,0,0
a6907c693bb94f0681ab88196e9fb78d,deepseek-chat,5,15,20
a6907c693bb94f0681ab88196e9fb78d,unknown,0,0,0
a6944e16218845bda2033ac43d270eb0,unknown,0,0,0
a6a1593900b1419c99741710e9f6a562,unknown,0,0,0
a6d620dfb2df4b8ba4c70e222d336495,deepseek-chat,5263,1255,6518
a6d620dfb2df4b8ba4c70e222d336495,unknown,0,0,0
a6e204e43df14b93a25743a9b5c08a24,deepseek-chat,0,0,0
a6e204e43df14b93a25743a9b5c08a24,unknown,0,0,0
a72a9580fc9a4e6bb93e7f9305a738c7,deepseek-chat,4215,311,4526
a72a9580fc9a4e6bb93e7f9305a738c7,unknown,0,0,0
a72cba4e45e3457fb530e82836ba459a,deepseek-chat,274,80,354
a72cba4e45e3457fb530e82836ba459a,unknown,0,0,0
a72ece91dd144f6c80fb5fc143e75295,unknown,0,0,0
a7baa7296c2b4aaabdf41f3eb5016921,unknown,0,0,0
a7c3624b6f6a4f1e87690a4137f2a607,ark/kimi-k2,289,202,491
a7f71aa4e7704280982246631143150a,deepseek-chat,2677,1082,3759
a7f71aa4e7704280982246631143150a,unknown,0,0,0
a895b99edb9d4996b9f2e8b2f63ee390,unknown,0,0,0
a8a1f883788648e5b2d23178e6ffa0d2,deepseek-chat,1251,83,1334
a8a1f883788648e5b2d23178e6ffa0d2,unknown,0,0,0
a8d1cba91a40467e94618e9327f2b376,unknown,0,0,0
a91dea1412cd488b9bb515940281cc63,deepseek-chat,4,15,19
a91dea1412cd488b9bb515940281cc63,unknown,0,0,0
a9b206e9b3304392b38fa9bf88ef4297,unknown,0,0,0
a9dd846cfa574cc1857741e15fc949ee,unknown,0,0,0
a9e1f6c5208a409286b2d9ba132b44f0,deepseek-chat,4,46,50
a9e1f6c5208a409286b2d9ba132b44f0,unknown,0,0,0
a9eca7af4f734e279a9d6b56770ee0c3,ark/deepseek-v3,92,115,207
a9edf8c6b5bf409f9a731fde400b12f8,deepseek-chat,1774,769,2543
a9edf8c6b5bf409f9a731fde400b12f8,gpt-4.1,2991,561,3552
a9edf8c6b5bf409f9a731fde400b12f8,unknown,0,0,0
aa3708f7c10f49cbb304570ca52a69d0,ark/deepseek-v3,3979,1519,5498
aa3708f7c10f49cbb304570ca52a69d0,unknown,0,0,0
aa3c207a7926421a8f6f113dae01e7dd,unknown,0,0,0
aa5f00d10fef4066a8f859b60d630452,deepseek-chat,14,467,481
aa5f00d10fef4066a8f859b60d630452,unknown,0,0,0
aa61d355f9924fa590d22c6624cf74ab,ark/deepseek-v3,1485,675,2160
aa76fefaf1f8403faa8ee20b3f4dc02b,ark/kimi-k2,28,17,45
aae0aa31c04d410dbbd432d3889a38da,unknown,0,0,0
ab2c2e5ba89848f3802f0d24dba2d9b0,ark/kimi-k2,726,275,1001
ab2c2e5ba89848f3802f0d24dba2d9b0,unknown,0,0,0
ab6a94e6f06746538df89e18fba38b4f,deepseek-chat,106,2100,2206
ab6a94e6f06746538df89e18fba38b4f,unknown,0,0,0
ab707e318c5e45939dd05db50191c581,deepseek-chat,5,15,20
ab707e318c5e45939dd05db50191c581,unknown,0,0,0
ab7c541586c74faf82cd7b184f3249de,unknown,0,0,0
abc6648798c74a55abfa171b12537257,unknown,0,0,0
abcdefb5ac3e43c594091e2625e205e5,ark/deepseek-v3,465,96,561
ac1dd23a0d3a44bf9a2fece4b89ff2cf,ark/deepseek-v3,1485,738,2223
ac1f32fa9b8f42f990f505207fc7b57b,ark/deepseek-v3,465,83,548
ac1f32fa9b8f42f990f505207fc7b57b,unknown,0,0,0
ac2612049b5e49f5847e0eafc4df1767,deepseek-chat,4,206,210
ac2612049b5e49f5847e0eafc4df1767,unknown,0,0,0
ac3deee818af4801a510c22801ca0b6e,deepseek-chat,652,565,1217
ac3deee818af4801a510c22801ca0b6e,unknown,0,0,0
acce6202959b4d6c83463ff9219a7864,unknown,0,0,0
acd48d35fa0e49c4a3e2a20c7b19f879,ark/deepseek-v3,1522,405,1927
acd48d35fa0e49c4a3e2a20c7b19f879,unknown,0,0,0
acd5a48f371f4206affe22b5ef878c3d,unknown,0,0,0
ad024e25a3184b8f9b67d25e3ad302f7,deepseek-chat,756,157,913
ad024e25a3184b8f9b67d25e3ad302f7,unknown,0,0,0
ad069b92a3c34dfcb73fe3f2ab861f20,unknown,0,0,0
ad49a30164db40c891e156d1389d308f,unknown,0,0,0
ad8159a746ab47c889e8955606eced1e,deepseek-chat,0,0,0
ad8159a746ab47c889e8955606eced1e,unknown,0,0,0
ad898bc653a9449587a85a4f3d0a8868,ark/deepseek-v3,96,1882,1978
ad898bc653a9449587a85a4f3d0a8868,unknown,0,0,0
adbed01a9b8b4374ac5f5589706273b5,ark/deepseek-v3,465,96,561
add1b8945d614dc18da37d65c88edba4,ark/deepseek-v3,465,85,550
ae10346a493f47ecbbfdefd0fdc0def7,deepseek-chat,234,150,384
ae10346a493f47ecbbfdefd0fdc0def7,dify,0,0,0
ae10346a493f47ecbbfdefd0fdc0def7,unknown,0,0,0
ae302644570d4e66860cda718d2c2ef3,deepseek-chat,864,734,1598
ae302644570d4e66860cda718d2c2ef3,unknown,0,0,0
ae309998c77c4616b76984d8cd6c34bc,unknown,0,0,0
ae39730215894f9982b0868f5bf513f4,ark/deepseek-v3,315,445,760
ae722d293d274721b820e22ce005bb74,deepseek-chat,506,118,624
ae722d293d274721b820e22ce005bb74,unknown,0,0,0
ae8965c4b70d47dfb86572a5ef77c8e4,deepseek-chat,862,600,1462
ae8965c4b70d47dfb86572a5ef77c8e4,unknown,0,0,0
aea7cae57ceb4113b894263be56a8ef6,ark/deepseek-v3,1147,383,1530
aef21842cad340d9a48e76c91204ab75,unknown,0,0,0
af6713fab26a467ab1be44d75710487f,ark/deepseek-v3,1455,214,1669
af6713fab26a467ab1be44d75710487f,unknown,0,0,0
af9597b9203f46e4b983c509b44bd0e3,deepseek-chat,866,891,1757
af9597b9203f46e4b983c509b44bd0e3,unknown,0,0,0
afa6f2fdd0274ec4ba91cc1e15c41b40,unknown,0,0,0
afb1e8afe06e468394a89ce038d26e04,unknown,0,0,0
b0192e1829374b06b0ee46dc0df3d357,deepseek-chat,1172,556,1728
b0192e1829374b06b0ee46dc0df3d357,unknown,0,0,0
b03bd70a8df04a23becb52b3346323ee,unknown,0,0,0
b058668a4b0a406fb67ae032bb77485c,unknown,0,0,0
b083f89a41cd452794b20e35db7482a8,deepseek-chat,1386,345,1731
b083f89a41cd452794b20e35db7482a8,unknown,0,0,0
b0dc32dc69f54c76b2796b7882376fed,ark/deepseek-v3,92,135,227
b104ac316d82482b98597b4ebed669a8,ark/deepseek-v3,629,290,919
b13cd6a6fa0b40549a7df57bc81abfc4,ark/deepseek-v3,2043,856,2899
b13cd6a6fa0b40549a7df57bc81abfc4,unknown,0,0,0
b15aa1cb39834303abcc95dd658871bd,deepseek-chat,866,661,1527
b15aa1cb39834303abcc95dd658871bd,unknown,0,0,0
b161974b4e4c4cccaba0d24a01b04a84,unknown,0,0,0
b1692b96ded14041bec19896efae7d21,unknown,0,0,0
b171cb5613584f7ea29078411f8e5b79,deepseek-chat,1131,400,1531
b171cb5613584f7ea29078411f8e5b79,unknown,0,0,0
b1738aa7fda143708af8b555014f2afa,deepseek-chat,0,0,0
b1738aa7fda143708af8b555014f2afa,unknown,0,0,0
b174cda79e7a46b4ab5508600c03db81,unknown,0,0,0
b185ff30e06740e38f0deae015ebb1ed,ark/kimi-k2,726,324,1050
b185ff30e06740e38f0deae015ebb1ed,unknown,0,0,0
b18db55032e9456596c7e8cc1b462f74,unknown,0,0,0
b1c95bc39e554d3cbcb11eea700fcd62,unknown,0,0,0
b1cbbeb829d54f77a25272b8950326c9,ark/deepseek-v3,1485,731,2216
b1d186d0f39c491d93381224b3f322e0,deepseek-chat,596,548,1144
b1d186d0f39c491d93381224b3f322e0,unknown,0,0,0
b20f7a7547e74e1ead0e35d370818569,unknown,0,0,0
b224550bf05a4d2583a050422a0be3fd,deepseek-chat,17,178,195
b224550bf05a4d2583a050422a0be3fd,unknown,0,0,0
b2255dc62e2b4244b1c9ed72024face8,unknown,0,0,0
b258be00bfd34baaa7c5d0dd3b863611,unknown,0,0,0
b2653dc72fe84c578123f099f6f0a3c5,deepseek-chat,6052,2144,8196
b2653dc72fe84c578123f099f6f0a3c5,unknown,0,0,0
b285c816d7e7444489e138b86dce6bae,deepseek-chat,5,15,20
b285c816d7e7444489e138b86dce6bae,unknown,0,0,0
b2884b511212439ca6c6a8de602b84bc,deepseek-chat,866,661,1527
b2884b511212439ca6c6a8de602b84bc,unknown,0,0,0
b29d15e8a924421d8aaa608e29324ce8,unknown,0,0,0
b2b4885d449740f6a3c079d37ce1baa4,unknown,0,0,0
b34e2a449b6f4ec9b1d57a5309a0f597,ark/deepseek-v3,1485,740,2225
b370e1bb7d2147c48558b334ecf1d272,unknown,0,0,0
b38206291f744607865687a7582f005d,deepseek-chat,8777,1760,10537
b38206291f744607865687a7582f005d,unknown,0,0,0
b3a567038916424e8beb205c1702ba4b,deepseek-chat,9,400,409
b3a567038916424e8beb205c1702ba4b,unknown,0,0,0
b3ad45c88034426da6e0b0189615c115,unknown,0,0,0
b3c5fc0e2f5441d2a0354f41bab03969,deepseek-chat,2562,398,2960
b3c5fc0e2f5441d2a0354f41bab03969,unknown,0,0,0
b3ee38b51e454884af7f3fc40a32a87f,deepseek-chat,2444,321,2765
b3ee38b51e454884af7f3fc40a32a87f,unknown,0,0,0
b443b9ce2913411f9607014917d94bed,ark/deepseek-v3,3447,1298,4745
b443b9ce2913411f9607014917d94bed,deepseek-chat,11565,471,12036
b443b9ce2913411f9607014917d94bed,gpt-4.1,4126,868,4994
b443b9ce2913411f9607014917d94bed,unknown,0,0,0
b44d1d82bba046a3ba96699efe602e9f,unknown,0,0,0
b45d45f05d1d4d9f80e08d1a3bcffea7,ark/deepseek-v3,92,120,212
b4775a18f6b34465a6b4fe618189d46b,ark/deepseek-v3,92,126,218
b495ff4103b741c9a227384888e85db4,unknown,0,0,0
b4aeaae3dcd0464d876c152b687f978e,unknown,0,0,0
b4b211392b364dcca4cb17f117fddc6e,ark/kimi-k2,770,306,1076
b4bd5a37f7a641e4a3da78b5a6371c6c,ark/deepseek-v3,465,80,545
b4cea45de3da4ea586cbd71e36edf176,unknown,0,0,0
b4d4517e52094653ad725ea5d2de70f1,ark/deepseek-v3,465,100,565
b4ebf103382744aa8ad5ab4e1a2e5b53,deepseek-chat,706,241,947
b4ebf103382744aa8ad5ab4e1a2e5b53,unknown,0,0,0
b4f8acdd27e74ba4841811eee06ca808,deepseek-chat,8,804,812
b4f8acdd27e74ba4841811eee06ca808,unknown,0,0,0
b4fc246d079f46cf99bac59589f1d695,unknown,0,0,0
b500d5abd025470397c88f8b6c6252ef,unknown,0,0,0
b52fe1bc47ee448b89b6215ef8e2385f,unknown,0,0,0
b53c6c943e9d4ead9bde7208d91df127,deepseek-chat,16,62,78
b53c6c943e9d4ead9bde7208d91df127,unknown,0,0,0
b5419f84cad84b05873684a316a06737,ark/kimi-k2,726,306,1032
b5419f84cad84b05873684a316a06737,gpt-4.1,1058,55,1113
b5419f84cad84b05873684a316a06737,unknown,0,0,0
b584aa85b0aa4e58bbe7688e3977db8a,unknown,0,0,0
b5f71311b3a846c88319e1084bb6cbdd,unknown,0,0,0
b6036771c65c454ab6d43cfb379563fb,unknown,0,0,0
b609a23328f142e98bb1b04aaf8e6fd6,unknown,0,0,0
b68455a5a83d43bb8b1da42c9bae0f60,unknown,0,0,0
b6cb71cccfc6489aaecb70aae06594e7,unknown,0,0,0
b6f8e22c289b4de18b9a947ec5246c30,ark/deepseek-v3,3032,1614,4646
b70d342e06d04a108ec058e373d7f7d5,deepseek-chat,21,150,171
b70d342e06d04a108ec058e373d7f7d5,unknown,0,0,0
b70f967bc5b443c593044207deee6305,deepseek-chat,2109,837,2946
b70f967bc5b443c593044207deee6305,unknown,0,0,0
b7390c4abe134367bf7581fe40d8904a,deepseek-chat,866,767,1633
b7390c4abe134367bf7581fe40d8904a,unknown,0,0,0
b794252b59644e97a7c05ee1fa875cac,unknown,0,0,0
b7a1d8c6c2ce4488818270c296739751,deepseek-chat,5,15,20
b7a1d8c6c2ce4488818270c296739751,unknown,0,0,0
b7a3bdd794e1405aa2c88c6bc59d96e9,ark/deepseek-v3,1485,775,2260
b7a3bdd794e1405aa2c88c6bc59d96e9,unknown,0,0,0
b7ac5a718e414bd18023cbfdda2ade8e,deepseek-chat,8,101,109
b7ac5a718e414bd18023cbfdda2ade8e,gpt-4o-realtime-preview,0,0,0
b7ac5a718e414bd18023cbfdda2ade8e,unknown,0,0,0
b7ccb6869e5d4fb0b74622983d68ba67,deepseek-chat,2632,1267,3899
b7ccb6869e5d4fb0b74622983d68ba67,unknown,0,0,0
b7d17834887f43c9b813b59ce17c1eeb,deepseek-chat,3209,1370,4579
b7d17834887f43c9b813b59ce17c1eeb,gpt-4.1,6045,1030,7075
b7d17834887f43c9b813b59ce17c1eeb,unknown,0,0,0
b7ecf32a61d94bbabc083a8b9fb0e08b,deepseek-chat,4,84,88
b7ecf32a61d94bbabc083a8b9fb0e08b,unknown,0,0,0
b7fc9dae80ce490ca84100eead50a7ff,deepseek-chat,0,0,0
b7fc9dae80ce490ca84100eead50a7ff,unknown,0,0,0
b81d142a64274b95bfc0e058c8756fce,unknown,0,0,0
b83daa42df9d4d9f94db59b5c634b70c,unknown,0,0,0
b87dfee6feea4e43b901ec70b35aeb13,deepseek-chat,4,15,19
b87dfee6feea4e43b901ec70b35aeb13,gpt-4.1,554,28,582
b87dfee6feea4e43b901ec70b35aeb13,unknown,0,0,0
b8b7798cd6324d738c4fa50c94d46d77,ark/deepseek-v3,1192,334,1526
b903cbd414a741b7b5a8b7f5143f0955,unknown,0,0,0
b95e4ca3c7ec4bce8711371829006c62,deepseek-chat,2562,301,2863
b95e4ca3c7ec4bce8711371829006c62,unknown,0,0,0
b9750fdfbafa4753b62aedcb46783a32,deepseek-chat,866,757,1623
b9750fdfbafa4753b62aedcb46783a32,unknown,0,0,0
b984dfab51b74c8382e6032611a7f0c9,unknown,0,0,0
b994e2d683ba4302af0ef109020e2d24,unknown,0,0,0
b9d5dfa168794dfcba64f0c66fd10832,ark/deepseek-v3,1175,573,1748
ba08584fd4ce4894988edd40e72cd86d,unknown,0,0,0
ba19ca479597417a8115338bd942f3b3,unknown,0,0,0
ba549c4f03c247f187247ebf17986578,unknown,0,0,0
ba5ab8a0167c47189b218cb19c039e9b,unknown,0,0,0
ba5e258727ba4b5780badd1f54420112,ark/deepseek-v3,1911,65,1976
ba5e258727ba4b5780badd1f54420112,deepseek-chat,1232,228,1460
ba5e258727ba4b5780badd1f54420112,unknown,0,0,0
ba83b1ddd17948139964a8e26c44451d,ark/deepseek-v3,1455,180,1635
ba83b1ddd17948139964a8e26c44451d,unknown,0,0,0
baab72e7ba8e432c841b6a3eeef3f289,deepseek-chat,0,0,0
baab72e7ba8e432c841b6a3eeef3f289,unknown,0,0,0
bab8693635534f178cae739369be000d,ark/deepseek-v3,623,279,902
bab8693635534f178cae739369be000d,unknown,0,0,0
bb06b9719fb44f679e06e32be3a0f829,unknown,0,0,0
bb240213f14647469fcbed2ac68801c3,unknown,0,0,0
bb533cb15568427db7ecb9c310a80c10,unknown,0,0,0
bb5baabee6dd4e31b86566bd878033c3,ark/deepseek-v3,1395,276,1671
bb5baabee6dd4e31b86566bd878033c3,unknown,0,0,0
bb9381078c8946f1bc02fed3eba8780e,deepseek-chat,6350,421,6771
bb9381078c8946f1bc02fed3eba8780e,unknown,0,0,0
bb9564cc9bc549d4b510c51f7a11fa3b,ark/deepseek-v3,465,102,567
bbcb6c9e856841fe95b9a4d7537fc533,ark/deepseek-v3,1073,210,1283
bbcb6c9e856841fe95b9a4d7537fc533,deepseek-chat,95323,3119,98442
bbcb6c9e856841fe95b9a4d7537fc533,unknown,0,0,0
bbd51188883b4bc6a6d5111b2105362a,ark/deepseek-v3,2287,1117,3404
bc05acb501e241b69af685aec6fd605b,unknown,0,0,0
bc0a5be84d7f477cb0d2949e36fc4386,deepseek-chat,943,461,1404
bc0a5be84d7f477cb0d2949e36fc4386,unknown,0,0,0
bc11cbf3d90b4abeb32c1394e28ed591,ark/deepseek-v3,71,752,823
bc11cbf3d90b4abeb32c1394e28ed591,unknown,0,0,0
bc3145add810445c96bb8fdc3d470681,deepseek-chat,7,4,11
bc3145add810445c96bb8fdc3d470681,unknown,0,0,0
bc438e858d6a4cedbb8ecc0e58d7fd05,unknown,0,0,0
bcd3f3f497ea4842ac47567acba99f38,unknown,0,0,0
bcd5ee160df54d069d88d6b909cc7931,ark/deepseek-v3,465,102,567
bcea7327c60e4ebe92d6adf485077b14,unknown,0,0,0
bd482fdc6fd94c3b96b96bd74c25d466,unknown,0,0,0
bd564b30d0114cdabb17e4da27253d74,unknown,0,0,0
bd6d586579074814bf8fe9302d0adfed,unknown,0,0,0
bda08dee4fb34ef8bec249fe27d9576d,unknown,0,0,0
bda39e490cd64bc380dd101d1457639a,ark/deepseek-v3,3901,4158,8059
bdd515ed858c4753bb32eec31c1f3b30,ark/deepseek-v3,465,149,614
bdf1e1d1beab43d0857fb2f523250a98,ark/deepseek-v3,635,218,853
bdf1e1d1beab43d0857fb2f523250a98,unknown,0,0,0
be1a4bc314c748379c67d882c15ff953,deepseek-chat,1355,1014,2369
be1a4bc314c748379c67d882c15ff953,unknown,0,0,0
be58305d68fe485fbc45ba5fbda5722f,deepseek-chat,5,15,20
be58305d68fe485fbc45ba5fbda5722f,unknown,0,0,0
be7c087a0b1141fe83a008e3d4e822be,deepseek-chat,15,1176,1191
be7c087a0b1141fe83a008e3d4e822be,unknown,0,0,0
be888805250740aaba19dfc75b675edc,ark/deepseek-v3,465,97,562
bee8f53376294cce87edbe756873e549,deepseek-chat,5,15,20
bee8f53376294cce87edbe756873e549,unknown,0,0,0
befb48870f71418b8e5128afc55d0c47,ark/deepseek-v3,1455,214,1669
befb48870f71418b8e5128afc55d0c47,unknown,0,0,0
bf00a6389e5543cc8ab94863f0380fbb,ark/deepseek-v3,465,107,572
bf2832a1fe904a84a18efa0d8d9cbef7,unknown,0,0,0
bf371044b45545ef82056420fc1972ba,deepseek-chat,658,321,979
bf371044b45545ef82056420fc1972ba,unknown,0,0,0
bf4264939f8441b5b2c1ed780e441c07,ark/deepseek-v3,1485,686,2171
bf8d9a5749184363a2d7811ce447565e,unknown,0,0,0
bfaf34e71b194a0892240b1af08e4c7e,unknown,0,0,0
bfc694d99d024b9ba53d967659160ff7,deepseek-chat,17,194,211
bfc694d99d024b9ba53d967659160ff7,unknown,0,0,0
bfca2ff19b5840d1942adff4c54c5dad,deepseek-chat,4,113,117
bfca2ff19b5840d1942adff4c54c5dad,unknown,0,0,0
bfd0d3df62204b839ae03a68ead2d641,deepseek-chat,0,0,0
bfd0d3df62204b839ae03a68ead2d641,unknown,0,0,0
bfd6aafcb7344e34b4de290b2ca969e5,unknown,0,0,0
c04bdc91216548c5a9f25ac353f8bf65,ark/deepseek-v3,1308,321,1629
c04bdc91216548c5a9f25ac353f8bf65,gpt-4.1,1626,267,1893
c04bdc91216548c5a9f25ac353f8bf65,unknown,0,0,0
c05bdb22394e4ad6babc5390f8d564a1,unknown,0,0,0
c0726812e58448369cbeb4628f5c60d7,deepseek-chat,65,57,122
c0726812e58448369cbeb4628f5c60d7,unknown,0,0,0
c09a1e5f842647efbc403abeae334b56,unknown,0,0,0
c0b7765d316c4e579c8aaa191ea915fe,deepseek-chat,611,91,702
c0b7765d316c4e579c8aaa191ea915fe,unknown,0,0,0
c104d131251f489aa2d9807e87882bda,unknown,0,0,0
c112c30b638f4d36a0b51978b2aa3209,unknown,0,0,0
c12853e68215411e8c3ca1ade264c1d7,deepseek-chat,866,798,1664
c12853e68215411e8c3ca1ade264c1d7,unknown,0,0,0
c16649e1633f4e7db89e3491eb418fb8,ark/deepseek-v3,2297,1257,3554
c16b7cc6ee4c41f182e3a07ef593c471,ark/deepseek-v3,1485,801,2286
c1f4e025da874665b407dd721308601f,deepseek-chat,91,354,445
c1f4e025da874665b407dd721308601f,unknown,0,0,0
c20d3e8d837a469b93fcda6435510426,deepseek-chat,4,134,138
c20d3e8d837a469b93fcda6435510426,unknown,0,0,0
c25fb5dc0e9b439c85cec96e56aae33f,ark/deepseek-v3,2088,861,2949
c25fb5dc0e9b439c85cec96e56aae33f,unknown,0,0,0
c27511a3f27b49b784adbf055bb30f2e,unknown,0,0,0
c27922469a3a4329be047d75de05460c,ark/deepseek-v3,6640,722,7362
c27922469a3a4329be047d75de05460c,unknown,0,0,0
c2f1e7e5cfd64b61b99df62687a51732,deepseek-chat,2442,339,2781
c2f1e7e5cfd64b61b99df62687a51732,unknown,0,0,0
c317aea57e804c99ba44391d94c10569,deepseek-chat,17,197,214
c317aea57e804c99ba44391d94c10569,unknown,0,0,0
c31fe168bf524709b3fc83ce30a2a0b4,deepseek-chat,9,356,365
c31fe168bf524709b3fc83ce30a2a0b4,unknown,0,0,0
c348e5761e2b4a8f855aa40679419ffb,deepseek-chat,1094,105,1199
c348e5761e2b4a8f855aa40679419ffb,unknown,0,0,0
c34aa36b6a1d4bdf8be7abb66c69ca95,unknown,0,0,0
c36abfe3f0b54b7284f09bcf8d66f0cf,deepseek-chat,29,412,441
c36abfe3f0b54b7284f09bcf8d66f0cf,unknown,0,0,0
c36d5fe283324673a6baa37d885ae58d,ark/deepseek-v3,1489,741,2230
c3d72a5db5ea42109fbe64ebddc4703a,deepseek-chat,7,4,11
c3d72a5db5ea42109fbe64ebddc4703a,unknown,0,0,0
c42415b3be884d5bb1bc07fbeb26b7af,deepseek-chat,10155,1850,12005
c42415b3be884d5bb1bc07fbeb26b7af,unknown,0,0,0
c429274ac8d540679f45677f99c162e5,ark/deepseek-v3,0,0,0
c429274ac8d540679f45677f99c162e5,unknown,0,0,0
c4531e96cf5f4b2294f47882a61e3c44,deepseek-chat,34,559,593
c4531e96cf5f4b2294f47882a61e3c44,unknown,0,0,0
c4aa97bac79646ddbea16f38e7575635,unknown,0,0,0
c4cf720e07f34109ba52b0da50431056,unknown,0,0,0
c5461d9983844722a3ef64f4b3370068,unknown,0,0,0
c5c593dc616148499d21fa96e9e6e2d9,unknown,0,0,0
c5ef63dff1aa4ae0af8df14c82e0e12f,ark/kimi-k2,105,395,500
c5ef63dff1aa4ae0af8df14c82e0e12f,unknown,0,0,0
c639ed01c99243e5b14922dfdf48893e,deepseek-chat,22,644,666
c639ed01c99243e5b14922dfdf48893e,unknown,0,0,0
c63db715b5114a95aaf5b5dade27054d,deepseek-chat,7,4,11
c63db715b5114a95aaf5b5dade27054d,unknown,0,0,0
c650e3017ecb473397784a1b0b62e581,ark/deepseek-v3,561,205,766
c650e3017ecb473397784a1b0b62e581,unknown,0,0,0
c69a986399aa4ba68495d6345e0e7d6b,unknown,0,0,0
c6a78577c6b04589931dadf0901e1ad0,unknown,0,0,0
c6e3a1060ee04dc78f3ee5e1c4cde569,ark/kimi-k2,28,19,47
c734787d52f941e3b221db9e0d6a38cc,deepseek-chat,17,192,209
c734787d52f941e3b221db9e0d6a38cc,unknown,0,0,0
c73af427b25b4b7885d91b8434dbc98b,deepseek-chat,0,0,0
c73af427b25b4b7885d91b8434dbc98b,unknown,0,0,0
c77ec38cbd894e7b823b3161964150a1,deepseek-chat,3260,1224,4484
c77ec38cbd894e7b823b3161964150a1,gpt-4.1,3357,917,4274
c77ec38cbd894e7b823b3161964150a1,unknown,0,0,0
c78b9437beb04a958ed802093cdb44a0,ark/deepseek-v3,1515,246,1761
c78b9437beb04a958ed802093cdb44a0,unknown,0,0,0
c7d30fc419584502a171e728bfbe24c7,ark/deepseek-v3,1911,65,1976
c7d30fc419584502a171e728bfbe24c7,deepseek-chat,11464,2441,13905
c7d30fc419584502a171e728bfbe24c7,unknown,0,0,0
c7d5cf0600044f9eb6786a321ce4af07,deepseek-chat,5,209,214
c7d5cf0600044f9eb6786a321ce4af07,unknown,0,0,0
c7eb85b0eae1472ba9aa8fe2d64b5455,unknown,0,0,0
c80f18a5824d4c3394075b6d296b609a,unknown,0,0,0
c8476766ef4649768be06bd9158671b7,unknown,0,0,0
c849bce4197e46538d64a41c15c3d50a,ark/deepseek-v3,465,91,556
c849bce4197e46538d64a41c15c3d50a,unknown,0,0,0
c8f51ecb35df497b8676954f383bf695,ark/deepseek-v3,629,330,959
c8f93dc3df3948a581d041ab27a077cb,deepseek-chat,114,466,580
c8f93dc3df3948a581d041ab27a077cb,unknown,0,0,0
c9250e9c1b96403492991d1b06617379,ark/deepseek-v3,92,91,183
c9261eb0d95f4ee0ac55745f6d83a0c3,ark/deepseek-v3,178,424,602
c93b12ec84684006b0d5be86326fd02e,unknown,0,0,0
c9790a0a1dce45af825ad620df6a6a00,ark/deepseek-v3,1485,777,2262
c9cf3ae863114895b950d2b700364545,deepseek-chat,73,451,524
c9cf3ae863114895b950d2b700364545,unknown,0,0,0
c9d360a1b6154b0a867cb7e37ba026d6,deepseek-chat,30,453,483
c9d360a1b6154b0a867cb7e37ba026d6,unknown,0,0,0
c9e5ad2cd31a4a70a30fd2cb992a9d78,deepseek-chat,4430,1420,5850
c9e5ad2cd31a4a70a30fd2cb992a9d78,unknown,0,0,0
c9e82222ab894a4ab96668b60051b1bc,deepseek-chat,828,993,1821
c9e82222ab894a4ab96668b60051b1bc,unknown,0,0,0
c9f4518f9b194c59b2afdf50e1e3dd7a,ark/deepseek-v3,1455,168,1623
c9f4518f9b194c59b2afdf50e1e3dd7a,unknown,0,0,0
ca26450742dd41b18825936e4826e4eb,unknown,0,0,0
ca3ca63efb554cf99472bbd5c593f112,ark/deepseek-v3,1455,190,1645
ca3ca63efb554cf99472bbd5c593f112,unknown,0,0,0
ca9f3c02e5944ec5829c026080a2c100,deepseek-chat,5,15,20
ca9f3c02e5944ec5829c026080a2c100,unknown,0,0,0
cade5070ad2e492ea62351bf0b58b860,ark/deepseek-v3,4488,1184,5672
cade5070ad2e492ea62351bf0b58b860,unknown,0,0,0
caf3ea0c069140d583c7c4c5b84604c4,deepseek-chat,2442,362,2804
caf3ea0c069140d583c7c4c5b84604c4,unknown,0,0,0
cb0b39d9001d4b2bbf671d0f315e7f7f,deepseek-chat,9,369,378
cb0b39d9001d4b2bbf671d0f315e7f7f,unknown,0,0,0
cb346e69a6524b97a2831aae71088c50,deepseek-chat,517,158,675
cb346e69a6524b97a2831aae71088c50,unknown,0,0,0
cb44a955dc1243d99091cc988969b7c5,ark/kimi-k2,31,118,149
cb44a955dc1243d99091cc988969b7c5,unknown,0,0,0
cb6c14dff4854c7e822c38515e6d68a9,unknown,0,0,0
cb788efaec8e4cb8b4f30f8fcaa3ba91,unknown,0,0,0
cbbb6f39fe754c03a0b75c8d1e984b84,unknown,0,0,0
cbf7b154bba74a36a7438912035316b1,unknown,0,0,0
cc0b9dab33c04e20b6948a8bb771088e,unknown,0,0,0
cc16c26ff5c84ffbb4e7904a3d3173aa,unknown,0,0,0
cc6798d63d2448d7b701cba60a8992c6,ark/deepseek-v3,629,330,959
cc770282d4594b6f94670476feef611e,ark/deepseek-v3,984,1446,2430
cc77e97f78e04a7996a97be7a584a4dc,unknown,0,0,0
ccb4a7e0f1854f77b429d0a8df643ed8,ark/deepseek-v3,561,207,768
ccb4a7e0f1854f77b429d0a8df643ed8,unknown,0,0,0
cce2601cf134489395f18d00b1645c26,deepseek-chat,1739,723,2462
cce2601cf134489395f18d00b1645c26,gpt-4.1,2971,485,3456
cce2601cf134489395f18d00b1645c26,unknown,0,0,0
cd0e6a1dae78403698922d08b5a3f93a,deepseek-chat,810,283,1093
cd0e6a1dae78403698922d08b5a3f93a,dify,0,0,0
cd0e6a1dae78403698922d08b5a3f93a,unknown,0,0,0
cd2d54260d2542338b47725da1aee5e4,deepseek-chat,50,77,127
cd2d54260d2542338b47725da1aee5e4,unknown,0,0,0
cd30e51635a949d18a955513580d4900,unknown,0,0,0
cd45ab7208bd4fe1b701673e5844c84d,unknown,0,0,0
cd5b0bce0e0447fa93e1425fe85919dc,deepseek-chat,14,569,583
cd5b0bce0e0447fa93e1425fe85919dc,unknown,0,0,0
ce18e9c69b944af6905a97388679a305,ark/deepseek-v3,925,239,1164
ce18e9c69b944af6905a97388679a305,gpt-4.1,4441,503,4944
ce18e9c69b944af6905a97388679a305,unknown,0,0,0
ce2ab531f6254a23a01fe7766e28c512,unknown,0,0,0
ce45809197e2472b8a6e37989cac22bc,ark/deepseek-v3,1036,1488,2524
ce4695975cd84875a181109d65b18652,ark/deepseek-v3,465,94,559
ce59d231d1b14ffa8ce34e6ac4d789a9,ark/deepseek-v3,2303,1342,3645
ce69e26f80694d29bc1eb9aa3758ead5,deepseek-chat,828,967,1795
ce69e26f80694d29bc1eb9aa3758ead5,unknown,0,0,0
ce8c678f0fd74f599aa33eea4251a012,ark/deepseek-v3,1770,465,2235
ce914f4206b54ddf8cfd40cfa00f6437,unknown,0,0,0
cea2db5f4e784ee4bf4aa90df66941c2,unknown,0,0,0
cf3becd2e1244cec83ffa297c9662d6d,deepseek-chat,4,67,71
cf3becd2e1244cec83ffa297c9662d6d,unknown,0,0,0
cf58f2e07f98443b8a666d795bc64ef3,ark/deepseek-v3,600,189,789
cf58f2e07f98443b8a666d795bc64ef3,unknown,0,0,0
cf7e565cda5e40a28adc88fe9a5ebdae,deepseek-chat,0,0,0
cf7e565cda5e40a28adc88fe9a5ebdae,unknown,0,0,0
cf8b347752e04b4da63e422a58ff038a,ark/deepseek-v3,1455,204,1659
cf8b347752e04b4da63e422a58ff038a,unknown,0,0,0
cfd974fc50864b24b6e03aabd2ee143c,deepseek-chat,1590,389,1979
cfd974fc50864b24b6e03aabd2ee143c,unknown,0,0,0
cfdeaca383824de48ef3929665025965,deepseek-chat,5,211,216
cfdeaca383824de48ef3929665025965,unknown,0,0,0
cff16f01b5df418c89d1942d242029ad,unknown,0,0,0
d001ff3c1c874bce91689823386014e4,deepseek-chat,988,218,1206
d001ff3c1c874bce91689823386014e4,unknown,0,0,0
d014faeccf5b4170abdb9667fabb6f2c,ark/deepseek-v3,6070,1836,7906
d014faeccf5b4170abdb9667fabb6f2c,deepseek-chat,7328,155,7483
d014faeccf5b4170abdb9667fabb6f2c,gpt-4.1,653,31,684
d014faeccf5b4170abdb9667fabb6f2c,unknown,0,0,0
d0163bed3b6a452dbc70c9732d5ce051,ark/deepseek-v3,2581,1462,4043
d0163bed3b6a452dbc70c9732d5ce051,unknown,0,0,0
d063d437573c40479890f16295b5cba2,ark/deepseek-v3,4229,1206,5435
d063d437573c40479890f16295b5cba2,unknown,0,0,0
d0c1a66b6a1c44d5b01761710080654f,unknown,0,0,0
d0fa8514dcf34bf3ba19246032869093,gpt-4o-2024-05-13,110,427,537
d0fa8514dcf34bf3ba19246032869093,unknown,0,0,0
d1057d1533f0453fb9757a139c76c3aa,deepseek-chat,7,57,64
d115b084734c4ef3929aaeab0f112bc9,deepseek-chat,2189,915,3104
d115b084734c4ef3929aaeab0f112bc9,unknown,0,0,0
d11685f716824464b49893b11fa8e6be,unknown,0,0,0
d13bfd7f5cd8415fbcf32bb45a05921e,ark/deepseek-v3,465,94,559
d16fadd34a9344aca8743030362eb562,deepseek-chat,591,238,829
d16fadd34a9344aca8743030362eb562,unknown,0,0,0
d19d1f5130f9495c8a426f0c8202ea00,unknown,0,0,0
d1a1b0e59790429d8d2485b18a549537,unknown,0,0,0
d1ad651f4e5f470b95feaf3e875603f1,unknown,0,0,0
d1b878e0c0c8408580dce30d2d25f5d2,unknown,0,0,0
d1f9a076db8e4ed49a3c31fbaa0a25f9,ark/deepseek-v3,92,103,195
d1fee32c4b9046dc93c4b020841180f1,ark/deepseek-v3,465,100,565
d21c9b337dff4693bddd9b67be8f32f8,deepseek-chat,159,325,484
d22ac2eff74c42c3a54baaba3d1336f3,unknown,0,0,0
d230c178e39740529dfefffe43488cac,deepseek-chat,15,906,921
d230c178e39740529dfefffe43488cac,unknown,0,0,0
d253728165544e42b6b017f58f2b79d9,unknown,0,0,0
d261f310f33041a7b23bc8e900ec7fa7,ark/kimi-k2,726,263,989
d261f310f33041a7b23bc8e900ec7fa7,unknown,0,0,0
d26d9334fae34d40a5854a875eadfb20,deepseek-chat,0,0,0
d26d9334fae34d40a5854a875eadfb20,unknown,0,0,0
d28325a45bc04b6293b7691c62e4e617,gpt-4o-2024-05-13,863,249,1112
d28325a45bc04b6293b7691c62e4e617,unknown,0,0,0
d2837051a9fe45d5bb7a436e23287d1e,deepseek-chat,0,0,0
d2837051a9fe45d5bb7a436e23287d1e,unknown,0,0,0
d28cc45dd7514555a9e8ec2dd054d174,deepseek-chat,4,29,33
d28cc45dd7514555a9e8ec2dd054d174,unknown,0,0,0
d2a55e16351b4106ac4568dc6cbf0628,deepseek-chat,5,151,156
d2a55e16351b4106ac4568dc6cbf0628,unknown,0,0,0
d2cf6e76367645d1af51ffadff86d3c9,ark/deepseek-v3,1455,211,1666
d2cf6e76367645d1af51ffadff86d3c9,unknown,0,0,0
d2d3cba049d24de791806bfa78a1392f,deepseek-chat,15,946,961
d2d3cba049d24de791806bfa78a1392f,unknown,0,0,0
d2da93b012b148b1b61d43728a97440a,unknown,0,0,0
d2db26e4007c44cd85d12300148bd854,deepseek-chat,4,34,38
d2db26e4007c44cd85d12300148bd854,unknown,0,0,0
d2ed31676b1a4ac8b5052a6b229a1b36,deepseek-chat,29843,5933,35776
d2ed31676b1a4ac8b5052a6b229a1b36,unknown,0,0,0
d30c1513e8ff47c2adc576a5855b8038,deepseek-chat,182,246,428
d30c1513e8ff47c2adc576a5855b8038,unknown,0,0,0
d35048d6290d4483b8062f053d9ebb03,ark/deepseek-v3,465,86,551
d36f7ffd6ed542358e4668232106a4e7,deepseek-chat,7,57,64
d36f7ffd6ed542358e4668232106a4e7,unknown,0,0,0
d3a92df424ff4d1eb3ab079333c46f58,ark/deepseek-v3,3383,2604,5987
d3a92df424ff4d1eb3ab079333c46f58,unknown,0,0,0
d3b2420c87b744d1a6459f87cb160907,ark/deepseek-v3,92,91,183
d3b317da4dd74374830524f1c0d45636,deepseek-chat,14,1018,1032
d3b317da4dd74374830524f1c0d45636,unknown,0,0,0
d3cd3aecd8a04417a6c6b646211a19b4,ark/kimi-k2,726,269,995
d3cd3aecd8a04417a6c6b646211a19b4,unknown,0,0,0
d3dbc07547774589baf1fa5ca183ec8a,ark/deepseek-v3,1911,65,1976
d3dbc07547774589baf1fa5ca183ec8a,deepseek-chat,12118,2481,14599
d3dbc07547774589baf1fa5ca183ec8a,unknown,0,0,0
d416134cd58644ca8c6eb5436720d54c,unknown,0,0,0
d4527906d2264b0799fe58fbc6bb0734,unknown,0,0,0
d46771849ad6411cb56bb9a251527e2b,ark/deepseek-v3,1455,199,1654
d46771849ad6411cb56bb9a251527e2b,unknown,0,0,0
d46b822d8f934edc87b30373f72165e5,unknown,0,0,0
d47bbc0d5205440584e8e6b50ea69f63,deepseek-chat,378,64,442
d47bbc0d5205440584e8e6b50ea69f63,unknown,0,0,0
d49c30f8e28d4ae0ac8121b3f072abe3,ark/deepseek-v3,465,93,558
d4a56fbfee3146328afdc7e3d812e0d3,ark/deepseek-v3,629,354,983
d4ac2a8e11b149c8aa89db14f6d0157e,deepseek-chat,7,4,11
d4ac2a8e11b149c8aa89db14f6d0157e,unknown,0,0,0
d4c87d6dc4ac4a34b2064385e36fd4c9,ark/deepseek-v3,0,0,0
d4c87d6dc4ac4a34b2064385e36fd4c9,unknown,0,0,0
d5066c2ca0b546518e47b103505e966a,ark/kimi-k2,253,109,362
d50e7381b5c244cdb4b7c4d0af2bd48f,deepseek-chat,8,87,95
d50e7381b5c244cdb4b7c4d0af2bd48f,unknown,0,0,0
d580e48fa37748538315cd42fc8d76f5,ark/deepseek-v3,1455,182,1637
d580e48fa37748538315cd42fc8d76f5,unknown,0,0,0
d590ec1390c54ac2bde2b1af330a8783,deepseek-chat,97,125,222
d5a4c10c92d84f489ccd1f24cd6c0ac9,unknown,0,0,0
d5cc261f048c4673ae90fda931341ef0,deepseek-chat,172,465,637
d5cc261f048c4673ae90fda931341ef0,unknown,0,0,0
d60cda6259a145b1abebf3c05c341e97,unknown,0,0,0
d64046b805414b6facc3cb5bf6a0be85,unknown,0,0,0
d664471ffa66461fab75bb2dddee44b1,ark/kimi-k2,216,783,999
d664471ffa66461fab75bb2dddee44b1,unknown,0,0,0
d689a4b36eff486798f5bc0709700157,deepseek-chat,111,277,388
d689a4b36eff486798f5bc0709700157,unknown,0,0,0
d6c92fbe93ff4d0b82245d50bd764975,unknown,0,0,0
d6dab517197e43ef914f380723cff63f,deepseek-chat,0,0,0
d6dab517197e43ef914f380723cff63f,unknown,0,0,0
d703fc4f61e14f04bea777cd6f6757ee,ark/deepseek-v3,2904,525,3429
d703fc4f61e14f04bea777cd6f6757ee,unknown,0,0,0
d7710421ab794a5baff8a4fd8f925ba8,unknown,0,0,0
d776cdc102e548a0affce44fbce36314,ark/deepseek-v3,3423,1396,4819
d776cdc102e548a0affce44fbce36314,deepseek-chat,17765,499,18264
d776cdc102e548a0affce44fbce36314,gpt-4.1,4114,877,4991
d776cdc102e548a0affce44fbce36314,unknown,0,0,0
d7c342047cb54596aa0ae42e909ca055,unknown,0,0,0
d80bbc1a9e20454cb91594de65781980,unknown,0,0,0
d8355c74c5c043cb9dd8698fe6695062,deepseek-chat,5,15,20
d8355c74c5c043cb9dd8698fe6695062,unknown,0,0,0
d84375f273674d47b557270ea27e70d5,unknown,0,0,0
d846528fcd144615bc77884e67f05782,ark/deepseek-v3,465,103,568
d8816836227243109d421679661b5410,ark/kimi-k2,1814,355,2169
d8816836227243109d421679661b5410,gpt-4.1,2114,124,2238
d8816836227243109d421679661b5410,unknown,0,0,0
d88811b0c1e14b24ba015ea23664197c,unknown,0,0,0
d8cedb9122964a9f9d41842b588e7ebb,unknown,0,0,0
d8f97948d4734da38b38fa3321c1eca0,ark/deepseek-v3,617,1116,1733
d8ff58572bca4bceaac2e312b7589378,ark/deepseek-v3,2304,1236,3540
d8ff58572bca4bceaac2e312b7589378,unknown,0,0,0
d91e56de184742f0aabe22aebb2a47d7,ark/deepseek-v3,844,468,1312
d91e56de184742f0aabe22aebb2a47d7,unknown,0,0,0
d928b875ea3f4e8eb4ff41c5b27472bb,unknown,0,0,0
d949aa9dc5bf43c088850705e4641f9c,unknown,0,0,0
d977ff7066324f3d8a050efb491b0344,ark/deepseek-v3,615,98,713
d977ff7066324f3d8a050efb491b0344,unknown,0,0,0
d97dbec3f9384e2a8db22680c49d4a9f,ark/deepseek-v3,6059,1955,8014
d97dbec3f9384e2a8db22680c49d4a9f,gpt-4.1,651,21,672
d97dbec3f9384e2a8db22680c49d4a9f,unknown,0,0,0
d9811c6fc00643b1b4507221f6a7dec1,unknown,0,0,0
d9cf48c8656d4c7890c69552cc92d777,ark/deepseek-v3,92,94,186
d9ef77eb95894adc95bebf6897d97f6f,unknown,0,0,0
da4ed382ad2f4b829d05712483ae240d,ark/deepseek-v3,1455,205,1660
da4ed382ad2f4b829d05712483ae240d,unknown,0,0,0
da864035e6d84eea8623f345b7d4bf0d,deepseek-chat,2444,319,2763
da864035e6d84eea8623f345b7d4bf0d,unknown,0,0,0
da8f8bc6454f44e2b94a7cfed84d8c98,ark/deepseek-v3,465,86,551
daa0397afc7c45c4a5ede8de9ebaa352,deepseek-chat,957,347,1304
daa0397afc7c45c4a5ede8de9ebaa352,unknown,0,0,0
dabbf296971b4f8982406850e86a002a,unknown,0,0,0
dadf57848001435bb97a725b939be91f,deepseek-chat,809,404,1213
dadf57848001435bb97a725b939be91f,unknown,0,0,0
daf2942d9515497aafccc507eaaa0bd8,unknown,0,0,0
db08c5ebfc7a4beb8ef95b031a2101fc,deepseek-chat,29,398,427
db08c5ebfc7a4beb8ef95b031a2101fc,unknown,0,0,0
db111fa5ee214acf85b3fd0f63de65fd,deepseek-chat,11,797,808
db111fa5ee214acf85b3fd0f63de65fd,unknown,0,0,0
db22ed4e9481409f87fa8f71346d39d6,unknown,0,0,0
db252100356149c994f1cbbc3ef71f30,deepseek-chat,1131,422,1553
db252100356149c994f1cbbc3ef71f30,unknown,0,0,0
db40dfd27b4241b7802af5a0f3c12b96,deepseek-chat,513,131,644
db40dfd27b4241b7802af5a0f3c12b96,unknown,0,0,0
db7c89a462d74a83ae1949b880500c3e,deepseek-chat,30,727,757
db7c89a462d74a83ae1949b880500c3e,unknown,0,0,0
db8f717d39b441b68735c5bf92acbb21,unknown,0,0,0
dbe1e8de0d664187b9adfcd9fb89f10b,ark/deepseek-v3,3424,1164,4588
dbe1e8de0d664187b9adfcd9fb89f10b,gpt-4.1,4135,793,4928
dbe1e8de0d664187b9adfcd9fb89f10b,unknown,0,0,0
dbfe1079108a4117ad56a325d912f650,gpt-4o-2024-05-13,110,594,704
dbfe1079108a4117ad56a325d912f650,unknown,0,0,0
dc54a83184ea448594af5d780cab0273,unknown,0,0,0
dc63999f2c9940719972b6e0541b0e65,gpt-4o-realtime-preview,0,0,0
dc63999f2c9940719972b6e0541b0e65,unknown,0,0,0
dc90fbff7b6c479a88bc4cb99bcb42db,unknown,0,0,0
dc98a98271b649c89367583053e6c878,ark/deepseek-v3,358,927,1285
dce8112971cc4d9d8984e60c55c097af,ark/deepseek-v3,465,128,593
dce812e43c624affa51624ce1dab56ac,ark/deepseek-v3,465,89,554
dcf1af011bac4b6098fa73cfed15dea5,ark/deepseek-v3,1025,174,1199
dcf1af011bac4b6098fa73cfed15dea5,deepseek-chat,21191,227,21418
dcf1af011bac4b6098fa73cfed15dea5,unknown,0,0,0
dd2fa6df6c5d4e549af60ed719e8a7cd,deepseek-chat,7,28,35
dd2fa6df6c5d4e549af60ed719e8a7cd,unknown,0,0,0
dd3339d54b7143638e5fd92e60a9985b,ark/deepseek-v3,6890,2035,8925
dd3339d54b7143638e5fd92e60a9985b,gpt-4.1,640,20,660
dd3339d54b7143638e5fd92e60a9985b,unknown,0,0,0
dd3aa94727694fceb02593289b7fe77b,deepseek-chat,12,638,650
dd3aa94727694fceb02593289b7fe77b,unknown,0,0,0
dd7a59063c10457f8e4ac6309a783cc3,deepseek-chat,625,460,1085
dd7a59063c10457f8e4ac6309a783cc3,unknown,0,0,0
dd7d4bdea91c49608a664644d639a7ae,ark/deepseek-v3,1506,544,2050
dd7d4bdea91c49608a664644d639a7ae,unknown,0,0,0
dd8cd81007094c4cba3b4a3979eb9f38,unknown,0,0,0
dd9fadd7ce504c8e965b392abedff273,ark/deepseek-v3,18566,4766,23332
dd9fadd7ce504c8e965b392abedff273,unknown,0,0,0
ddc96534f86a4006b54101345f332c71,deepseek-chat,0,0,0
ddc96534f86a4006b54101345f332c71,unknown,0,0,0
de144fcb876040c18cc8a17c5864919e,unknown,0,0,0
de15ab5e606a4f2b900cd9eee3c5d1a2,deepseek-chat,934,232,1166
de15ab5e606a4f2b900cd9eee3c5d1a2,gpt-4.1,1613,264,1877
de15ab5e606a4f2b900cd9eee3c5d1a2,unknown,0,0,0
de29f6b5b3ca44c49649ced6d10820f6,ark/deepseek-v3,1509,600,2109
de29f6b5b3ca44c49649ced6d10820f6,unknown,0,0,0
de3f84c930564fb0ae9fe168d55da77b,deepseek-chat,4,114,118
de3f84c930564fb0ae9fe168d55da77b,unknown,0,0,0
de40ab4c959b4ac9843640f505d21119,deepseek-chat,625,57,682
de40ab4c959b4ac9843640f505d21119,unknown,0,0,0
de530b89d68c4e889ff3c5d1e2644e1b,unknown,0,0,0
de551bd6c46941c3baf94ab54d64c67e,deepseek-chat,7,46,53
de551bd6c46941c3baf94ab54d64c67e,unknown,0,0,0
de6a990e0fe240d89ab104efc8c38cc6,ark/deepseek-v3,3030,817,3847
de6a990e0fe240d89ab104efc8c38cc6,unknown,0,0,0
de8a31fad3b948dca83a60cb97952a28,ark/deepseek-v3,1485,681,2166
deb7264479f74f92bd46f134f43d2616,unknown,0,0,0
debug-15e02583d9fc4ab193c2610b81e778eb,deepseek-chat,14256,560,14816
debug-15e02583d9fc4ab193c2610b81e778eb,gpt-4-turbo-preview,2916,104,3020
debug-15e02583d9fc4ab193c2610b81e778eb,gpt-4o-2024-05-13,4328,393,4721
debug-15e02583d9fc4ab193c2610b81e778eb,unknown,0,0,0
debug-1aecea465e644ea59c7f783940aa1e30,deepseek-chat,122,1313,1435
debug-1aecea465e644ea59c7f783940aa1e30,unknown,0,0,0
debug-312367a6efce4153937713416f0ff1cc,deepseek-chat,8,345,353
debug-312367a6efce4153937713416f0ff1cc,unknown,0,0,0
debug-8e79f8b0538f4b799000f3a8ec54d413,gpt-3.5-turbo,38,30,68
debug-8e79f8b0538f4b799000f3a8ec54d413,gpt-4,138,253,391
debug-8e79f8b0538f4b799000f3a8ec54d413,unknown,0,0,0
debug-a6c04e397f354cd6b2a73c39129060d6,deepseek-chat,26,1149,1175
debug-a6c04e397f354cd6b2a73c39129060d6,unknown,0,0,0
debug-c8c24ca9e3cc4773ba991c6db6f084eb,gpt-4o-2024-05-13,22,60,82
debug-c8c24ca9e3cc4773ba991c6db6f084eb,unknown,0,0,0
debug-cd33ea280e0b45d4917cdfb02a676f6d,deepseek-chat,46,157,203
debug-cd33ea280e0b45d4917cdfb02a676f6d,unknown,0,0,0
debug-d96306d5d61d4b23915a2c1f38b67ab8,ark/deepseek-v3,1230,245,1475
debug-d96306d5d61d4b23915a2c1f38b67ab8,deepseek-chat,1232,114,1346
debug-d96306d5d61d4b23915a2c1f38b67ab8,unknown,0,0,0
ded4f04be7364ca18d4c0743b0073f0d,deepseek-chat,866,894,1760
ded4f04be7364ca18d4c0743b0073f0d,unknown,0,0,0
def180391cf84ab690d1326490a944a4,unknown,0,0,0
def3896827fa4e97b48221bde62af303,ark/deepseek-v3,1514,4150,5664
df0f985e2c1d48768755b5fad59736e0,deepseek-chat,17,167,184
df0f985e2c1d48768755b5fad59736e0,unknown,0,0,0
df63046afef04ff6ad310b44839fea2e,deepseek-chat,2442,257,2699
df63046afef04ff6ad310b44839fea2e,unknown,0,0,0
df9fae7b94d04b22bfee910688cc11e6,unknown,0,0,0
dfb116373a28476193a0a689b75154bc,unknown,0,0,0
dfc3a6c755204925a1e74ea3d16b0435,deepseek-chat,28,344,372
dfc3a6c755204925a1e74ea3d16b0435,gpt-4o-2024-05-13,939,73,1012
dfc3a6c755204925a1e74ea3d16b0435,unknown,0,0,0
e013959f335b40c0988f3059af537cea,ark/kimi-k2,2394,413,2807
e013959f335b40c0988f3059af537cea,unknown,0,0,0
e0148538444d4e8da6ac8e8dd8bc4239,ark/deepseek-v3,1499,823,2322
e0148538444d4e8da6ac8e8dd8bc4239,unknown,0,0,0
e040524091ce437faecf400123b47c64,unknown,0,0,0
e047c9f3c59940468678c3e85614053f,ark/deepseek-v3,1485,843,2328
e05213ac9a9b4d339a5db674b62c1d6f,unknown,0,0,0
e052821c877646db88367c2d56664490,deepseek-chat,114,596,710
e052821c877646db88367c2d56664490,unknown,0,0,0
e0ba417e9aef4498bddce48c60fe752c,ark/deepseek-v3,3429,1121,4550
e0ba417e9aef4498bddce48c60fe752c,deepseek-chat,34924,1096,36020
e0ba417e9aef4498bddce48c60fe752c,gpt-4.1,4122,803,4925
e0ba417e9aef4498bddce48c60fe752c,unknown,0,0,0
e0cc90eb9b674522868f0435f29ecec5,deepseek-chat,166,563,729
e0cc90eb9b674522868f0435f29ecec5,unknown,0,0,0
e121ce3d2bc34beab8b7a42d8ed580ee,deepseek-chat,5,15,20
e121ce3d2bc34beab8b7a42d8ed580ee,unknown,0,0,0
e158dd2e679c41d7b428a8d5e5903840,ark/deepseek-v3,2030,1387,3417
e1607c8d4d6b404f83fefd89d992f459,ark/deepseek-v3,465,87,552
e17f855d85a1455990189453258d73c0,ark/deepseek-v3,1455,183,1638
e17f855d85a1455990189453258d73c0,unknown,0,0,0
e1864785244b427e9ee3d78c0d04d07e,deepseek-chat,72,619,691
e1864785244b427e9ee3d78c0d04d07e,unknown,0,0,0
e197314667c446699cd81c4abfb1df77,ark/deepseek-v3,627,58,685
e197314667c446699cd81c4abfb1df77,unknown,0,0,0
e1b6f96feeef41c0b6b67855224723f2,unknown,0,0,0
e1c69a0fb1be4d5b80fc438226784f8c,ark/deepseek-v3,3960,1308,5268
e1c69a0fb1be4d5b80fc438226784f8c,unknown,0,0,0
e1cbea43534a476ebba3eee774a16dc1,ark/deepseek-v3,465,95,560
e1e367746a1940f7b98baa62c3b5450c,deepseek-chat,9,373,382
e1e367746a1940f7b98baa62c3b5450c,unknown,0,0,0
e1e4184a28bb42668909ff49ba17a210,ark/deepseek-v3,465,87,552
e1f8dda8853046299d6bbba91bea28de,unknown,0,0,0
e208071031b944408c6d9f0bffb38d5c,ark/kimi-k2,144,65,209
e2609b6adaaa4007bffc4355f0dfa0b4,ark/deepseek-v3,45534,25035,70569
e2609b6adaaa4007bffc4355f0dfa0b4,deepseek-chat,53166,824,53990
e2609b6adaaa4007bffc4355f0dfa0b4,unknown,0,0,0
e29b92b0e7564558ab7fb7536ad127f0,deepseek-chat,572,171,743
e29b92b0e7564558ab7fb7536ad127f0,unknown,0,0,0
e2b6661a32864ac7ba18df5ebd379803,deepseek-chat,2572,346,2918
e2b6661a32864ac7ba18df5ebd379803,unknown,0,0,0
e2e7e9dca83245f38c886f4a7124ea43,unknown,0,0,0
e306c17ed2374f188f759d9879481a46,deepseek-chat,4,31,35
e306c17ed2374f188f759d9879481a46,unknown,0,0,0
e33ac7487fd5493a95f8c41d100d7cf3,unknown,0,0,0
e33f04f58bd147688b5390f2e97bfc2d,ark/deepseek-v3,92,101,193
e3ae7d4d729b4a96a9c9564d97476cd6,deepseek-chat,17,185,202
e3ae7d4d729b4a96a9c9564d97476cd6,unknown,0,0,0
e3b361ff1542471cb84228a6b585080d,deepseek-chat,6,92,98
e3b361ff1542471cb84228a6b585080d,unknown,0,0,0
e3b69f00ac5848a1ad052ac634daf607,ark/deepseek-v3,758,94,852
e3b69f00ac5848a1ad052ac634daf607,unknown,0,0,0
e40b54acfc7e432aa9f7839cd4a75c7d,ark/deepseek-v3,1455,195,1650
e40b54acfc7e432aa9f7839cd4a75c7d,unknown,0,0,0
e420fed3f0c24d7e987af9930562ecd1,ark/deepseek-v3,465,110,575
e420fed3f0c24d7e987af9930562ecd1,unknown,0,0,0
e43a86ab9f974347a27074f7b8c9fa0b,unknown,0,0,0
e4426b35205b4c2a86050e5f9c981fe0,ark/deepseek-v3,1670,380,2050
e446d0ea0d624dc79d57a5f971536ed8,ark/deepseek-v3,4220,1985,6205
e446d0ea0d624dc79d57a5f971536ed8,unknown,0,0,0
e45b6a5c0c60487eb91340fe767e421d,ark/deepseek-v3,2072,1154,3226
e45b6a5c0c60487eb91340fe767e421d,unknown,0,0,0
e47eb953454a4d07a90212246e24bcf7,ark/deepseek-v3,2128,545,2673
e47eb953454a4d07a90212246e24bcf7,unknown,0,0,0
e4aa31279389403d87753b42813d4c0b,deepseek-chat,5,15,20
e4aa31279389403d87753b42813d4c0b,unknown,0,0,0
e4aa408668584d85939f5c2613ee316d,unknown,0,0,0
e4d4ee4956cf4b3c94fea654ba41a205,ark/deepseek-v3,2533,1181,3714
e4d4ee4956cf4b3c94fea654ba41a205,unknown,0,0,0
e516567821664fa1b6e745aa1dbd0b7e,deepseek-chat,1315,1139,2454
e516567821664fa1b6e745aa1dbd0b7e,unknown,0,0,0
e533f9879391463ca3997ffac59dc4a8,deepseek-chat,2444,301,2745
e533f9879391463ca3997ffac59dc4a8,unknown,0,0,0
e5521842085d461cb41100752d924aef,ark/deepseek-v3,4187,1283,5470
e5521842085d461cb41100752d924aef,unknown,0,0,0
e56f551ca73f43c7ad386a863394b1ce,deepseek-chat,7239,974,8213
e56f551ca73f43c7ad386a863394b1ce,unknown,0,0,0
e57f9abd33b343e7b7a62b5c97cb123b,silicon/deepseek-ai/DeepSeek-V2.5,485,69,554
e57f9abd33b343e7b7a62b5c97cb123b,unknown,0,0,0
e5a19f143e434e4f9a45c13bdd225c51,deepseek-chat,23,648,671
e5a19f143e434e4f9a45c13bdd225c51,unknown,0,0,0
e5ab4dba2c534762bc2f73197dc42c15,ark/deepseek-v3,1485,747,2232
e5e542f2a88543bb984a510f55eb28f5,ark/deepseek-v3,3419,1288,4707
e5e542f2a88543bb984a510f55eb28f5,unknown,0,0,0
e60733cf3f70419f906975e387766811,unknown,0,0,0
e61f735813a94aa28d69b1551cf67977,unknown,0,0,0
e63034ff891e4aa6af2841121f1bfe35,unknown,0,0,0
e6308b1cfef04e2e9d0629963b1bcadd,unknown,0,0,0
e64fe65e487e442bae55512725202432,unknown,0,0,0
e657b830c3f64c47ac3ec62f8df3b695,unknown,0,0,0
e665e90aca8743f58d9905134357bb59,unknown,0,0,0
e6666ec755fe4c088c55fcfae04aafa0,ark/deepseek-v3,1509,743,2252
e6666ec755fe4c088c55fcfae04aafa0,unknown,0,0,0
e6926e8fef8e4dec8fb5e01b38738e7f,unknown,0,0,0
e69eeb32dadb454c87492f43d1ea2886,ark/kimi-k2,26,111,137
e6e3567797da495083d32fae6650d553,deepseek-chat,9,768,777
e6e3567797da495083d32fae6650d553,unknown,0,0,0
e6e5104228754237bed0bf0492fd48a0,unknown,0,0,0
e6f9a023379b4251a0b14369eaca9adb,ark/deepseek-v3,2742,933,3675
e6f9a023379b4251a0b14369eaca9adb,unknown,0,0,0
e6ff200f2ffd4cfc90671bc41810a1c0,deepseek-chat,4,118,122
e6ff200f2ffd4cfc90671bc41810a1c0,gpt-4o-realtime-preview,0,0,0
e6ff200f2ffd4cfc90671bc41810a1c0,unknown,0,0,0
e6ff57e3ca6a4a6682ac000b96ec7870,ark/deepseek-v3,3256,142,3398
e6ff57e3ca6a4a6682ac000b96ec7870,deepseek-chat,701,199,900
e6ff57e3ca6a4a6682ac000b96ec7870,unknown,0,0,0
e73750b136a84c7789a7666310e2f21f,ark/deepseek-v3,1455,250,1705
e73750b136a84c7789a7666310e2f21f,unknown,0,0,0
e747ad6b976f40e99fbe30786f5e4929,ark/deepseek-v3,10380,1013,11393
e747ad6b976f40e99fbe30786f5e4929,unknown,0,0,0
e752661ea9ae41f2a9e328a167bef48c,ark/deepseek-v3,555,2276,2831
e75788bd0be74cffbf80af04f9ca5ce0,unknown,0,0,0
e762c753c23a4150a81a2e9d027537e4,unknown,0,0,0
e778292f6e724a958d417bf2cb1c849e,ark/deepseek-v3,636,57,693
e778292f6e724a958d417bf2cb1c849e,unknown,0,0,0
e77d0e7486ba4d90a0bea742cf60a0af,ark/deepseek-v3,1485,871,2356
e7971b076b0941909207546c6fe7757a,unknown,0,0,0
e7aef43cfb164c31b43990f1a77ae476,deepseek-chat,2587,1487,4074
e7aef43cfb164c31b43990f1a77ae476,unknown,0,0,0
e7e1c440b1b04d27893f2b76dea92dd5,deepseek-chat,5,15,20
e7e1c440b1b04d27893f2b76dea92dd5,unknown,0,0,0
e7f8d18b204146399ab275deb63e12db,ark/deepseek-v3,465,106,571
e7fca2d61e7f4084b772abe8dcadb5c0,deepseek-chat,10,30,40
e7fca2d61e7f4084b772abe8dcadb5c0,unknown,0,0,0
e823b9759d0b4a91bba9590a81266867,deepseek-chat,553,125,678
e823b9759d0b4a91bba9590a81266867,unknown,0,0,0
e85f2e84d9164fd3b7a0ff17b28bef4a,ark/deepseek-v3,465,80,545
e85f2e84d9164fd3b7a0ff17b28bef4a,unknown,0,0,0
e862300f16c44a3c9ec3ceb33f177da0,ark/deepseek-v3,92,128,220
e895275938b243a7a8a806a178b1b541,deepseek-chat,1251,88,1339
e895275938b243a7a8a806a178b1b541,unknown,0,0,0
e8e1f80a71c34139af44894b28a7057b,ark/deepseek-v3,832,118,950
e8e1f80a71c34139af44894b28a7057b,unknown,0,0,0
e92bcd90da904563bfffcb4bd3503774,unknown,0,0,0
e93100d6fdae41e6b6de9549ca22f9a1,unknown,0,0,0
e93a5bbfb49041de9b9cdb5fdf3259d2,ark/deepseek-v3,555,2255,2810
e944d269e99742a083c614e57692ad16,ark/deepseek-v3,1732,949,2681
e9986fce9e204438bb29dd57332e1528,unknown,0,0,0
e9d54cfd2a8a42199aab3b8e57387b83,ark/deepseek-v3,1455,267,1722
e9d54cfd2a8a42199aab3b8e57387b83,unknown,0,0,0
e9d5ccbb7d32413296ec3558933510b5,deepseek-chat,756,204,960
e9d5ccbb7d32413296ec3558933510b5,unknown,0,0,0
ea0a1d5f217249c2aa2a81e892412229,deepseek-chat,5,140,145
ea0a1d5f217249c2aa2a81e892412229,unknown,0,0,0
ea1b436aae0744d4a3bcfb134c91fd61,ark/deepseek-v3,758,80,838
ea1b436aae0744d4a3bcfb134c91fd61,unknown,0,0,0
ea8d685e63c44de39ee24b2ab1498cb0,ark/deepseek-v3,92,108,200
ea9cd02958964ef4a2176cea6c90f29d,unknown,0,0,0
eaa30dea788f4c3585af423607b94d5a,unknown,0,0,0
eab10f825a494cd189212660a81dbe3b,unknown,0,0,0
ead194a9fc0147c39b99871af6a1b74b,ark/deepseek-v3,1455,204,1659
ead194a9fc0147c39b99871af6a1b74b,unknown,0,0,0
ead633595d38498788b29d6395e44e3e,ark/deepseek-v3,6632,778,7410
ead633595d38498788b29d6395e44e3e,unknown,0,0,0
eb32bad2c5f44b0c95d10cab09363c20,unknown,0,0,0
eb71e7b6514340e99613051ed2c52751,ark/deepseek-v3,465,89,554
eb71e7b6514340e99613051ed2c52751,unknown,0,0,0
eb8354d0e5e3430792a89a8dca6e2fe9,unknown,0,0,0
eb96feb68f8044208339ff2e384fec31,unknown,0,0,0
ebd210aec04f4d04a685d5b4c243ac7c,unknown,0,0,0
ebe1ccfff5f44993aae7767a7c53de7e,deepseek-chat,561,207,768
ebe1ccfff5f44993aae7767a7c53de7e,unknown,0,0,0
ec17cedff253431b934f9562bf32e189,deepseek-chat,2903,635,3538
ec17cedff253431b934f9562bf32e189,unknown,0,0,0
ec1aa68b54844196856bc653e908f3ef,unknown,0,0,0
ec2eab2875eb4f05be2f0a4248d90ecb,unknown,0,0,0
ec3b0c6ae48b4a0c84ed816c24f094eb,unknown,0,0,0
ec3f0db70fa742ffb9bae5a95dc744a8,deepseek-chat,624,58,682
ec3f0db70fa742ffb9bae5a95dc744a8,unknown,0,0,0
ec4504df2e9b4814b7f9294fdd19afa2,unknown,0,0,0
ec816d337c564ac78c0ab84832c0d321,ark/deepseek-v3,1909,63,1972
ec816d337c564ac78c0ab84832c0d321,deepseek-chat,7243,1587,8830
ec816d337c564ac78c0ab84832c0d321,unknown,0,0,0
ecc6917cd1a14c54ad16fe398fcd8b9d,unknown,0,0,0
ecd9cce64e4745878108d99c3fb7b32c,ark/deepseek-v3,2652,1207,3859
ecd9cce64e4745878108d99c3fb7b32c,unknown,0,0,0
ed344988398e413fbf9d47612cd38dcb,ark/deepseek-v3,1061,266,1327
ed344988398e413fbf9d47612cd38dcb,unknown,0,0,0
ed360f4264d74550a9bbbd092315c232,deepseek-chat,9,178,187
ed360f4264d74550a9bbbd092315c232,unknown,0,0,0
ed36793ea4c04b3a9acaf78ae601c421,deepseek-chat,7,185,192
ed45b4b5d3784a70bdfab00377bc93f2,deepseek-chat,15,1055,1070
ed45b4b5d3784a70bdfab00377bc93f2,unknown,0,0,0
ed5d2cb98b5645ef9d296984e2720a29,ark/deepseek-v3,1902,86,1988
ed5d2cb98b5645ef9d296984e2720a29,deepseek-chat,701,200,901
ed5d2cb98b5645ef9d296984e2720a29,unknown,0,0,0
ed64bb8b7c39461d86b4ff1ef44aa67a,ark/deepseek-v3,1909,63,1972
ed64bb8b7c39461d86b4ff1ef44aa67a,deepseek-chat,6111,1346,7457
ed64bb8b7c39461d86b4ff1ef44aa67a,unknown,0,0,0
ed65fe3ea68146528abad1c20875210c,deepseek-chat,9,698,707
ed65fe3ea68146528abad1c20875210c,unknown,0,0,0
ed760f1edfcb4c96be54051570de5bd0,ark/deepseek-v3,1455,209,1664
ed760f1edfcb4c96be54051570de5bd0,unknown,0,0,0
ed808c5d26f64b7787748cbf9744bf32,deepseek-chat,7,4,11
ed808c5d26f64b7787748cbf9744bf32,unknown,0,0,0
ed9b83c2a63047378807e5be965be34a,unknown,0,0,0
edc23160d07840e2a7d59ecf65c34c1f,unknown,0,0,0
ee44c681bf63400dad779527c8136a8f,ark/deepseek-v3,2677,1411,4088
ee44c681bf63400dad779527c8136a8f,deepseek-chat,13644,235,13879
ee44c681bf63400dad779527c8136a8f,unknown,0,0,0
ee768e22452247e2beaa65b4fe51b416,ark/deepseek-v3,465,88,553
ee7e459747a1499a8b9347a34f5602b4,unknown,0,0,0
ee93a71552784c04b083ffd6e494a82f,ark/deepseek-v3,465,95,560
ee93a71552784c04b083ffd6e494a82f,unknown,0,0,0
eeb84eccc8c941b1ac46493244fbd1cb,unknown,0,0,0
eefb4d4713c444a29886450375842d88,deepseek-chat,7069,1434,8503
eefb4d4713c444a29886450375842d88,unknown,0,0,0
ef3d06cb0e66425a8b309e998e22b278,deepseek-chat,2562,449,3011
ef3d06cb0e66425a8b309e998e22b278,unknown,0,0,0
ef3f1a32d5bf4d1f93746480def10058,deepseek-chat,7,4,11
ef3f1a32d5bf4d1f93746480def10058,unknown,0,0,0
ef4ec12d85ef46519746763a990291f2,unknown,0,0,0
ef5c5c6d143d446d938d8bbf6c6eefcc,deepseek-chat,561,207,768
ef5c5c6d143d446d938d8bbf6c6eefcc,unknown,0,0,0
ef62b615c3d845dda8e68de963572fee,ark/deepseek-v3,179,627,806
ef65cc1d27664160a1f71bd2e923cc0c,unknown,0,0,0
ef6e35af0b414054b1a4724c9e3347f5,unknown,0,0,0
efc62e7135244c61b6359c9f97c343d2,ark/deepseek-v3,2201,921,3122
efc62e7135244c61b6359c9f97c343d2,deepseek-chat,0,0,0
efc62e7135244c61b6359c9f97c343d2,unknown,0,0,0
f0119cf8cc844fe2b288aad92f4536d4,deepseek-chat,631,57,688
f0119cf8cc844fe2b288aad92f4536d4,unknown,0,0,0
f0193f29167c4fd2b5b18d5e278166e7,unknown,0,0,0
f038e66fd1394206b914efeac25cee87,unknown,0,0,0
f03b900760ae4c34a645a0297f2e8d6f,deepseek-chat,828,975,1803
f03b900760ae4c34a645a0297f2e8d6f,unknown,0,0,0
f0ae59e4b18d483fbaa1a116a8108dc1,ark/deepseek-v3,4065,3607,7672
f0c1d8320a6d42999cb19b697f80f228,deepseek-chat,3136,589,3725
f0c1d8320a6d42999cb19b697f80f228,unknown,0,0,0
f10d7728a9e243b7a12fc1599c1bfcbf,deepseek-chat,8,977,985
f10d7728a9e243b7a12fc1599c1bfcbf,unknown,0,0,0
f112deb39b374b0daaa5a517ef7f06d0,ark/deepseek-v3,1292,288,1580
f112deb39b374b0daaa5a517ef7f06d0,gpt-4.1,1606,242,1848
f112deb39b374b0daaa5a517ef7f06d0,unknown,0,0,0
f126bb18007447989acdd4a92eaa4d58,ark/deepseek-v3,92,96,188
f1312eb7210a43cda7ae94729ff2299f,deepseek-chat,2442,286,2728
f1312eb7210a43cda7ae94729ff2299f,unknown,0,0,0
f148bbd9848e4948ba67c4be81d1c58c,deepseek-chat,1251,100,1351
f148bbd9848e4948ba67c4be81d1c58c,unknown,0,0,0
f148d22c2e164d0d87b9f04b169c9779,deepseek-chat,3509,495,4004
f148d22c2e164d0d87b9f04b169c9779,unknown,0,0,0
f17a2f3882f54922944f3c20b86694e8,unknown,0,0,0
f190cdce107e47ae948b52e64b9570a2,unknown,0,0,0
f1c4ca87a0434d55913fc6f5c24f6efc,unknown,0,0,0
f1d8d6640d23495c9f62c32edbaae872,deepseek-chat,2110,1337,3447
f1d8d6640d23495c9f62c32edbaae872,unknown,0,0,0
f2283f911c414593a91b9df6241d9dff,ark/deepseek-v3,1485,782,2267
f238b2ad041a425f97900d16484d32a2,ark/deepseek-v3,3435,1072,4507
f238b2ad041a425f97900d16484d32a2,gpt-4.1,4133,918,5051
f238b2ad041a425f97900d16484d32a2,unknown,0,0,0
f2496399f3e747678bb859ba17e76f83,ark/deepseek-v3,465,125,590
f261e0031bb8493f9004456dcfdddb6c,ark/deepseek-v3,1517,306,1823
f261e0031bb8493f9004456dcfdddb6c,unknown,0,0,0
f26ae7bd111c4490858332d70f517343,deepseek-chat,15,901,916
f26ae7bd111c4490858332d70f517343,unknown,0,0,0
f2800e3889fc4183b7a42de105753853,ark/deepseek-v3,6771,2138,8909
f2800e3889fc4183b7a42de105753853,gpt-4.1,661,36,697
f2800e3889fc4183b7a42de105753853,unknown,0,0,0
f281ea9617214de49d87a18edcdefdc1,ark/deepseek-v3,619,1453,2072
f2848fd043764a81bd7e0d4fccd36d31,gpt-4o-2024-05-13,110,464,574
f2848fd043764a81bd7e0d4fccd36d31,unknown,0,0,0
f3222e2b0f23438c924dd18607a5d5c9,ark/deepseek-v3,465,110,575
f37333ee095348a1b94022be966a8981,deepseek-chat,8,819,827
f37333ee095348a1b94022be966a8981,unknown,0,0,0
f3859ccd2ca94fa0bc4ccdeed54e08a5,unknown,0,0,0
f38f7ad5b489456893bbd32e3d48d41c,unknown,0,0,0
f3a1bc8d5fc04754970a2bd699057312,unknown,0,0,0
f3a246a09af8417787890c7202ab9b28,unknown,0,0,0
f3d6d6f942d24553aa904d7a786aa1ec,ark/deepseek-v3,1685,365,2050
f3d6d6f942d24553aa904d7a786aa1ec,gpt-4.1,4725,727,5452
f3d6d6f942d24553aa904d7a786aa1ec,unknown,0,0,0
f3fd77b1ac8940f6b26a4bd11906ae91,unknown,0,0,0
f4914aa6bed74021bd4bb923f5156471,unknown,0,0,0
f4c6809ecfb14fc5a966061143da2a0b,unknown,0,0,0
f4d78935074d47e3a8d746f22103dfae,ark/deepseek-v3,465,94,559
f4e98c57074b4ede8bc6cf27167a3cae,ark/deepseek-v3,1485,714,2199
f5443ec941fb4d75bc0b490229779bec,deepseek-chat,182,245,427
f5443ec941fb4d75bc0b490229779bec,unknown,0,0,0
f548406876e74558b3cefdce22b742b1,ark/deepseek-v3,561,207,768
f548406876e74558b3cefdce22b742b1,unknown,0,0,0
f5ac217c69aa4da8b26568c809221454,unknown,0,0,0
f5ae087619104de493ce666c2d08bcf2,ark/deepseek-v3,2287,1208,3495
f5c0667338be40f68b643e38b216e218,unknown,0,0,0
f5f2143eccc84ed6865765a9359c8e70,unknown,0,0,0
f621a779c07a4d43a4ca82a0a3442119,unknown,0,0,0
f64b887c9db64cba98c78f7714840289,unknown,0,0,0
f651758c62bb4011b98d5e1bc6811775,unknown,0,0,0
f66c3e6da9c44879aa01287e9437b526,ark/deepseek-v3,2333,1005,3338
f66c3e6da9c44879aa01287e9437b526,unknown,0,0,0
f69f11b285234aa8b816406430cbc3dd,ark/deepseek-v3,612,300,912
f6e3fc8fcaba4ea0b23fef7ffe1f0933,unknown,0,0,0
f6e6570ed57946a78b369024e977b989,ark/deepseek-v3,1595,1369,2964
f6f16ebd6b17481498644af7f4871c3c,deepseek-chat,4,113,117
f6f16ebd6b17481498644af7f4871c3c,unknown,0,0,0
f727e9978ece4c4eb106e8e5822adc8b,ark/deepseek-v3,561,206,767
f727e9978ece4c4eb106e8e5822adc8b,unknown,0,0,0
f78396399291407b9f68ce93afbef99f,ark/kimi-k2,31,55,86
f78396399291407b9f68ce93afbef99f,unknown,0,0,0
f784d7fd91974bdc9d1cb01d5fdc8282,ark/deepseek-v3,3089,771,3860
f784d7fd91974bdc9d1cb01d5fdc8282,unknown,0,0,0
f785638612f6415aa95e6f935d2b0b1b,ark/deepseek-v3,642,51,693
f785638612f6415aa95e6f935d2b0b1b,unknown,0,0,0
f79ada21a7394468a85553b52cc9ce7a,ark/deepseek-v3,1850,958,2808
f7bd3255cdb4459bb0a2ba84199b7227,deepseek-chat,4,11,15
f7bd3255cdb4459bb0a2ba84199b7227,unknown,0,0,0
f7eeb5ab29394f1bbae562aa49878716,deepseek-chat,589,675,1264
f7eeb5ab29394f1bbae562aa49878716,unknown,0,0,0
f7f575fca63544bc98794ad769f74a64,deepseek-chat,10,285,295
f7f575fca63544bc98794ad769f74a64,unknown,0,0,0
f82a7ec0f2424cf48ac37ca2148d789d,deepseek-chat,15,873,888
f82a7ec0f2424cf48ac37ca2148d789d,unknown,0,0,0
f854274fe2694ce3b73b6efbe9e2514d,unknown,0,0,0
f86c10f0115b43ecb30cfd1e5d60760e,deepseek-chat,2677,1036,3713
f86c10f0115b43ecb30cfd1e5d60760e,unknown,0,0,0
f877ab6ee1864b3aa8bb1094440a7f21,unknown,0,0,0
f87bf3fe65f0453fb744883de78924a4,ark/deepseek-v3,1485,402,1887
f87bf3fe65f0453fb744883de78924a4,unknown,0,0,0
f892e84d5d7c4c248be97944f8e23221,unknown,0,0,0
f8a40b59daed4765a79a645eb358a35e,unknown,0,0,0
f8bbb86ab2444d899d10e7b4ab048f13,unknown,0,0,0
f8bcf3413855472a9270b3201d3913bd,unknown,0,0,0
f8bd16fb3ab24a45bb8ee2b85598bbb9,ark/kimi-k2,31,67,98
f8bd16fb3ab24a45bb8ee2b85598bbb9,unknown,0,0,0
f8db01c4e7004064b4e2b8e89ad570b2,ark/deepseek-v3,4020,1343,5363
f8db01c4e7004064b4e2b8e89ad570b2,gpt-4.1,4114,815,4929
f8db01c4e7004064b4e2b8e89ad570b2,unknown,0,0,0
f9273ae4f8184c72a3df11464a54616b,deepseek-chat,11,844,855
f9273ae4f8184c72a3df11464a54616b,unknown,0,0,0
f93ad473e9c04cd4add4341036702863,ark/deepseek-v3,363,1094,1457
f95107bc677a4508888bcf9f2f19a831,ark/kimi-k2,150,86,236
f95107bc677a4508888bcf9f2f19a831,unknown,0,0,0
f95bc2bbef704a7e89d6074a719d95ba,ark/deepseek-v3,576,1088,1664
f96856f6460942bb896443b13596e697,ark/deepseek-v3,844,204,1048
f96856f6460942bb896443b13596e697,unknown,0,0,0
f98a69e4cfbd402a93a030dd7b5add57,ark/deepseek-v3,630,288,918
f98a69e4cfbd402a93a030dd7b5add57,unknown,0,0,0
f9a6dca84d564c08954da9417c27d864,unknown,0,0,0
f9bacce11652409b93fa3392f6c00d90,deepseek-chat,1136,228,1364
f9bacce11652409b93fa3392f6c00d90,unknown,0,0,0
f9cb54be707047bc820049d3eecc0bd7,ark/deepseek-v3,465,97,562
fa582d7bee0c4317aba080e3ac15cf50,ark/deepseek-v3,465,82,547
fa66526c4f8647898a3a68853e08b1d6,deepseek-chat,2444,311,2755
fa66526c4f8647898a3a68853e08b1d6,unknown,0,0,0
fa66c44bee9e437eb67dfba58f50f6e4,ark/deepseek-v3,629,345,974
fa68187ab445438ebe2fc43b9ac9cb7b,deepseek-chat,0,0,0
fa68187ab445438ebe2fc43b9ac9cb7b,unknown,0,0,0
fa7f8dc53fff46c9aedc2869825bfff6,unknown,0,0,0
fa9a69df7761477b94039b329caace97,unknown,0,0,0
fad89071536c4297924bfadab34d4732,ark/deepseek-v3,2649,624,3273
fad89071536c4297924bfadab34d4732,unknown,0,0,0
fae2f3c2b16b4261b8ec1063189e749a,gpt-4o,16,18,34
fae2f3c2b16b4261b8ec1063189e749a,unknown,0,0,0
fae87a03f58a4f35b54676215e99f259,ark/deepseek-v3,1073,278,1351
fae87a03f58a4f35b54676215e99f259,unknown,0,0,0
fbd0a629e100469787f75499bf672179,unknown,0,0,0
fbd1059790044674ac615b01e2940ae6,deepseek-chat,0,0,0
fbd1059790044674ac615b01e2940ae6,unknown,0,0,0
fbe5e4c575df42b7842162ea0b3f05d6,ark/deepseek-v3,1219,1948,3167
fbf3d582f67f4a36bab6d932c942c2e2,unknown,0,0,0
fc165ba3fc1f43c7a8a0a10bd6beff88,ark/deepseek-v3,2064,2117,4181
fc6ae93d48d04057b28e75fab483c20e,deepseek-chat,640,617,1257
fc6ae93d48d04057b28e75fab483c20e,unknown,0,0,0
fc87dc187819486db58be0de4a739310,deepseek-chat,1390,603,1993
fc87dc187819486db58be0de4a739310,unknown,0,0,0
fca8315570fa40338963bcb32f9e4306,deepseek-chat,862,822,1684
fca8315570fa40338963bcb32f9e4306,unknown,0,0,0
fcb42c15e21045ad912aa818a7ba8ecc,ark/deepseek-v3,625,57,682
fcb42c15e21045ad912aa818a7ba8ecc,unknown,0,0,0
fcddaaaf84294104aa22fe2bc4834546,unknown,0,0,0
fcde5875880041c4a74e72630f078b9b,ark/deepseek-v3,465,94,559
fd012fd1deda44619f61464eaadd193c,ark/deepseek-v3,1455,219,1674
fd012fd1deda44619f61464eaadd193c,unknown,0,0,0
fd190ecbb3504642876cefce39ac79a5,unknown,0,0,0
fd2d1bbb6ce847dcb6ad474a265f3435,unknown,0,0,0
fd5fe37124fe47b69ce93a80dd1f6e03,ark/deepseek-v3,573,155,728
fd5fe37124fe47b69ce93a80dd1f6e03,unknown,0,0,0
fd7cc5a6df4d40659cfa95b13e5a0fa6,unknown,0,0,0
fdba2b2fffae459ab6fdd9aecd127af2,ark/deepseek-v3,844,475,1319
fdba2b2fffae459ab6fdd9aecd127af2,deepseek-chat,18897,1766,20663
fdba2b2fffae459ab6fdd9aecd127af2,unknown,0,0,0
fded48fa89da4378979aafa15e9d84b7,deepseek-chat,29,507,536
fded48fa89da4378979aafa15e9d84b7,unknown,0,0,0
fe0622b9e91a4662949dd31628dd166e,deepseek-chat,520,174,694
fe0622b9e91a4662949dd31628dd166e,unknown,0,0,0
fe31d5ba45d64eceb94ad2b274071f9c,unknown,0,0,0
fe35d8383c3e4b0d98087831151920c2,ark/deepseek-v3,572,184,756
fe35d8383c3e4b0d98087831151920c2,unknown,0,0,0
fe4b60e881c045d58ea986b88ed58677,unknown,0,0,0
fe81a3de5a584dcc91c3353929c6d793,unknown,0,0,0
fe8e36cf3a72442eb71ab9a313f7bf96,ark/deepseek-v3,1485,666,2151
fe98a3fda4034646955910350f0a4c2e,ark/deepseek-v3,196,585,781
feb0e046f1ec40b6b65192f1fadc7658,deepseek-chat,73,504,577
feb0e046f1ec40b6b65192f1fadc7658,unknown,0,0,0
fecbfff0f205418fb2665f2a567e383f,deepseek-chat,4,1,5
fecbfff0f205418fb2665f2a567e383f,unknown,0,0,0
feec066d0ac44b89a6e8edcb54284bcd,unknown,0,0,0
ff2f80980fa948208f83780a43924778,unknown,0,0,0
ff7763673b18447799c3db0555322347,ark/deepseek-v3,1485,750,2235
ff7a82deb38446a9a58fd25f44034bd7,deepseek-chat,828,1104,1932
ff7a82deb38446a9a58fd25f44034bd7,unknown,0,0,0
ffafc4ef96024b9caedb2a9772f6475d,unknown,0,0,0
ffcb26f0942e45b5a8690dc6f8126198,unknown,0,0,0
ffe0023681184c829a059fc4de4b4c4a,deepseek-chat,616,57,673
ffe0023681184c829a059fc4de4b4c4a,unknown,0,0,0
